Date,High,Low,Open,Close,Volume,Adj Close
2004-02-02,114.68000030517578,113.12000274658203,113.69999694824219,113.97000122070312,38832400,80.73593139648438
2004-02-03,114.13999938964844,113.44000244140625,113.73999786376953,113.77999877929688,25093500,80.60134887695312
2004-02-04,113.7300033569336,112.79000091552734,113.19000244140625,112.8499984741211,39332600,79.94253540039062
2004-02-05,113.54000091552734,112.77999877929688,113.16999816894531,113.18000030517578,37226800,80.17630767822266
2004-02-06,114.69999694824219,113.19999694824219,113.41999816894531,114.44999694824219,37216000,81.07597351074219
2004-02-09,114.87000274658203,114.29000091552734,114.66999816894531,114.4800033569336,24851300,81.09722137451172
2004-02-10,115.13999938964844,114.26000213623047,114.27999877929688,114.8499984741211,27908100,81.35932922363281
2004-02-11,116.38999938964844,114.16999816894531,114.8499984741211,116.06999969482422,42965700,82.22358703613281
2004-02-12,116.2699966430664,115.58000183105469,115.97000122070312,115.6500015258789,27814700,81.92603302001953
2004-02-13,116.19999694824219,114.75,115.81999969482422,115.12999725341797,44739900,81.55767822265625
2004-02-17,116.43000030517578,115.7699966430664,115.8499984741211,116.16999816894531,23984300,82.29440307617188
2004-02-18,116.5999984741211,115.3499984741211,116.19999694824219,115.66000366210938,28618000,81.93313598632812
2004-02-19,116.38999938964844,115.05999755859375,116.33000183105469,115.2300033569336,51146200,81.62853240966797
2004-02-20,115.55999755859375,114.31999969482422,115.4800033569336,114.87999725341797,46728800,81.38059997558594
2004-02-23,115.26000213623047,114.16999816894531,115.22000122070312,114.58999633789062,36357000,81.17515563964844
2004-02-24,114.98999786376953,113.02999877929688,114.2699966430664,114.38999938964844,43953000,81.03346252441406
2004-02-25,115.05999755859375,114.31999969482422,114.45999908447266,114.87000274658203,31213600,81.37352752685547
2004-02-26,115.29000091552734,114.33999633789062,114.61000061035156,114.94000244140625,29683000,81.423095703125
2004-02-27,115.73999786376953,114.62999725341797,115.19000244140625,115.0199966430664,39312000,81.47977447509766
