Date,High,Low,Open,Close,Volume,Adj Close
2017-05-01,239.1699981689453,238.1999969482422,238.67999267578125,238.67999267578125,66882500,220.87477111816406
2017-05-02,238.97999572753906,238.3000030517578,238.83999633789062,238.77000427246094,57375700,220.95806884765625
2017-05-03,238.8800048828125,237.6999969482422,238.77000427246094,238.47999572753906,73137700,220.689697265625
2017-05-04,238.9199981689453,237.77999877929688,238.8300018310547,238.75999450683594,61462700,220.94879150390625
2017-05-05,239.72000122070312,238.67999267578125,239.19000244140625,239.6999969482422,62001300,221.81871032714844
2017-05-08,239.9199981689453,239.1699981689453,239.75,239.66000366210938,48385700,221.78164672851562
2017-05-09,240.19000244140625,239.0399932861328,239.9600067138672,239.44000244140625,51363200,221.5780792236328
2017-05-10,239.8699951171875,239.14999389648438,239.38999938964844,239.8699951171875,54293800,221.9759979248047
2017-05-11,239.57000732421875,238.1300048828125,239.35000610351562,239.3800048828125,62358300,221.52255249023438
2017-05-12,239.42999267578125,238.6699981689453,239.08999633789062,238.97999572753906,53912700,221.15240478515625
2017-05-15,240.44000244140625,239.4499969482422,239.47000122070312,240.3000030517578,61918900,222.3739471435547
2017-05-16,240.6699981689453,239.6300048828125,240.63999938964844,240.0800018310547,51241800,222.1703338623047
2017-05-17,240.0800018310547,235.75,240.0800018310547,235.82000732421875,172174100,218.22813415527344
2017-05-18,237.75,235.42999267578125,235.72999572753906,236.77000427246094,107047700,219.10726928710938
2017-05-19,239.0800018310547,237.27000427246094,237.3300018310547,238.30999755859375,115011400,220.53237915039062
2017-05-22,239.7100067138672,238.82000732421875,238.89999389648438,239.52000427246094,61010600,221.652099609375
2017-05-23,240.24000549316406,239.50999450683594,239.9499969482422,240.0500030517578,48341700,222.1426239013672
2017-05-24,240.72999572753906,239.92999267578125,240.32000732421875,240.61000061035156,46927700,222.66079711914062
2017-05-25,242.0800018310547,240.9600067138672,241.1999969482422,241.75999450683594,64071700,223.72500610351562
2017-05-26,241.89999389648438,241.4499969482422,241.5399932861328,241.7100067138672,46629900,223.67877197265625
2017-05-30,241.7899932861328,241.16000366210938,241.33999633789062,241.5,35201900,223.48439025878906
2017-05-31,241.8800048828125,240.63999938964844,241.83999633789062,241.44000244140625,91796000,223.42889404296875
