Date,High,Low,Open,Close,Volume,Adj Close
2002-03-01,113.8499984741211,111.51000213623047,111.72000122070312,113.73999786376953,26273600.0,78.0429458618164
2002-03-04,115.98999786376953,113.6500015258789,113.9000015258789,115.75,27184600.0,79.42208862304688
2002-03-05,116.4000015258789,114.97000122070312,115.33000183105469,115.37999725341797,22718900.0,79.16825103759766
2002-03-06,117.1500015258789,115.06999969482422,115.0999984741211,116.75,20143200.0,80.10826873779297
2002-03-07,117.5,115.56999969482422,117.36000061035156,116.5,19330800.0,79.93669891357422
2002-03-08,117.9000015258789,116.4800033569336,117.37999725341797,116.98999786376953,19930100.0,80.2729263305664
2002-03-11,117.9000015258789,116.43000030517578,116.88999938964844,117.23999786376953,15621800.0,80.44446563720703
2002-03-12,117.25,115.94000244140625,116.0999984741211,117.16999816894531,17153600.0,80.39643096923828
2002-03-13,116.75,115.63999938964844,116.62999725341797,116.04000091552734,17175300.0,79.62108612060547
2002-03-14,116.43000030517578,115.62999725341797,116.04000091552734,115.87999725341797,11168100.0,79.51131439208984
2002-03-15,116.94999694824219,115.9000015258789,115.97000122070312,116.6500015258789,21220100.0,80.26895141601562
2002-03-18,117.55999755859375,116.0999984741211,117.0999984741211,116.66999816894531,17548900.0,80.28269958496094
2002-03-19,117.73999786376953,116.81999969482422,117.30000305175781,117.44999694824219,17912000.0,80.81942749023438
2002-03-20,116.58000183105469,115.19000244140625,116.5,115.23999786376953,17114500.0,79.29866027832031
2002-03-21,115.9000015258789,114.12000274658203,115.30000305175781,115.29000091552734,25846800.0,79.33306884765625
2002-03-22,115.94000244140625,114.69999694824219,115.5,115.04000091552734,15235400.0,79.16102600097656
2002-03-25,115.36000061035156,113.30000305175781,115.08999633789062,113.61000061035156,17499600.0,78.17707061767578
2002-03-26,115.0199966430664,113.47000122070312,113.5199966430664,114.2699966430664,19947600.0,78.63118743896484
2002-03-27,115.01000213623047,113.76000213623047,114.02999877929688,114.56999969482422,19020300.0,78.8376235961914
2002-03-28,115.7699966430664,114.5,114.97000122070312,114.5199966430664,17532900.0,78.8032455444336
