Date,High,Low,Open,Close,Volume,Adj Close
2011-01-03,127.5999984741211,125.69999694824219,126.70999908447266,127.05000305175781,138725200,103.44097900390625
2011-01-04,127.37000274658203,126.19000244140625,127.33000183105469,126.9800033569336,137409700,103.38394927978516
2011-01-05,127.72000122070312,126.45999908447266,126.58000183105469,127.63999938964844,133975300,103.92133331298828
2011-01-06,127.83000183105469,127.01000213623047,127.69000244140625,127.38999938964844,122519000,103.71778106689453
2011-01-07,127.7699966430664,126.1500015258789,127.55999755859375,127.13999938964844,156034600,103.51423645019531
2011-01-10,127.16000366210938,126.19999694824219,126.58000183105469,126.9800033569336,122401700,103.38394927978516
2011-01-11,127.73999786376953,126.94999694824219,127.44000244140625,127.43000030517578,110287000,103.75032043457031
2011-01-12,128.72000122070312,127.45999908447266,128.2100067138672,128.5800018310547,107929200,104.68666076660156
2011-01-13,128.69000244140625,128.0500030517578,128.6300048828125,128.3699951171875,129048400,104.5156478881836
2011-01-14,129.3300018310547,128.10000610351562,128.19000244140625,129.3000030517578,117677900,105.27286529541016
2011-01-18,129.63999938964844,129.02999877929688,129.17999267578125,129.52000427246094,114401300,105.45196533203125
2011-01-19,129.5399932861328,127.91000366210938,129.41000366210938,128.25,151958400,104.41796875
2011-01-20,128.39999389648438,127.12999725341797,127.95999908447266,128.0800018310547,175745700,104.27954864501953
2011-01-21,129.1699981689453,128.22999572753906,128.8800048828125,128.3699951171875,151462900,104.5156478881836
2011-01-24,129.25,128.25999450683594,128.2899932861328,129.10000610351562,113715500,105.11003112792969
2011-01-25,129.27999877929688,128.11000061035156,128.75999450683594,129.1699981689453,167552200,105.16699981689453
2011-01-26,130.0500030517578,129.22999572753906,129.49000549316406,129.6699981689453,141281500,105.57408905029297
2011-01-27,130.2100067138672,129.47000122070312,129.6999969482422,129.99000549316406,123302700,105.83463287353516
2011-01-28,130.35000610351562,127.51000213623047,130.13999938964844,127.72000122070312,295637300,103.98644256591797
2011-01-31,128.77999877929688,127.75,128.07000732421875,128.67999267578125,149249200,104.7680435180664
