Date,High,Low,Open,Close,Volume,Adj Close
2006-07-03,128.00999450683594,127.30999755859375,127.43000030517578,127.80000305175781,23914000,94.6841049194336
2006-07-05,127.44999694824219,126.5199966430664,127.29000091552734,127.06999969482422,69653400,94.14321899414062
2006-07-06,127.8499984741211,127.08000183105469,127.19999694824219,127.44000244140625,50100300,94.41738891601562
2006-07-07,127.55999755859375,126.29000091552734,127.19000244140625,126.61000061035156,81626500,93.80243682861328
2006-07-10,127.43000030517578,126.41000366210938,126.94000244140625,126.8499984741211,60964100,93.98027038574219
2006-07-11,127.41000366210938,125.94000244140625,126.61000061035156,127.41000366210938,73640800,94.39513397216797
2006-07-12,127.4000015258789,125.72000122070312,127.1500015258789,126.05000305175781,82561300,93.38753509521484
2006-07-13,125.68000030517578,124.0,125.44999694824219,124.0,102405700,91.8687515258789
2006-07-14,124.26000213623047,122.83000183105469,124.12999725341797,123.5199966430664,103242500,91.51315307617188
2006-07-17,124.0999984741211,123.1500015258789,123.5199966430664,123.33999633789062,81159000,91.37974548339844
2006-07-18,124.05000305175781,122.38999938964844,123.70999908447266,123.97000122070312,122771000,91.84651947021484
2006-07-19,126.26000213623047,123.72000122070312,124.18000030517578,125.69000244140625,133565300,93.12083435058594
2006-07-20,126.30000305175781,124.66000366210938,126.12000274658203,124.83000183105469,112259800,92.48368072509766
2006-07-21,125.19000244140625,123.81999969482422,125.1500015258789,123.94999694824219,101560000,91.83168029785156
2006-07-24,126.31999969482422,124.44000244140625,124.44000244140625,126.20999908447266,92884000,93.5060806274414
2006-07-25,127.30000305175781,125.72000122070312,125.9800033569336,126.66000366210938,95480700,93.8394775390625
2006-07-26,127.44999694824219,126.18000030517578,126.58999633789062,126.83000183105469,84525800,93.96543884277344
2006-07-27,127.69000244140625,126.19999694824219,127.37999725341797,126.70999908447266,87257100,93.87652587890625
2006-07-28,128.13999938964844,126.86000061035156,127.04000091552734,127.9800033569336,82137000,94.81745910644531
2006-07-31,127.95999908447266,127.44999694824219,127.66000366210938,127.8499984741211,49593100,94.72114562988281
