Date,High,Low,Open,Close,Volume,Adj Close
2019-07-01,296.9200134277344,294.3299865722656,296.67999267578125,295.6600036621094,79107500,285.6192321777344
2019-07-02,296.489990234375,294.67999267578125,295.6099853515625,296.42999267578125,61504500,286.3631286621094
2019-07-03,298.82000732421875,297.0199890136719,297.17999267578125,298.79998779296875,40898900,288.6526184082031
2019-07-05,298.6400146484375,296.010009765625,297.44000244140625,298.4599914550781,51677300,288.32415771484375
2019-07-08,298.260009765625,296.2200012207031,297.010009765625,296.82000732421875,45841800,286.7398681640625
2019-07-09,297.5199890136719,295.4800109863281,295.5400085449219,297.19000244140625,41101300,287.09722900390625
2019-07-10,299.6600036621094,297.7799987792969,298.3699951171875,298.6099853515625,58448500,288.46905517578125
2019-07-11,299.5799865722656,298.20001220703125,299.32000732421875,299.30999755859375,50826100,289.1452331542969
2019-07-12,300.7300109863281,299.510009765625,299.8500061035156,300.6499938964844,40326000,290.4397888183594
2019-07-15,301.1300048828125,300.19000244140625,301.1300048828125,300.75,33900000,290.53631591796875
2019-07-16,300.8800048828125,299.44000244140625,300.6499938964844,299.7799987792969,36650100,289.5993347167969
2019-07-17,299.92999267578125,297.739990234375,299.75,297.739990234375,36036300,287.62860107421875
2019-07-18,299.25,296.70001220703125,297.19000244140625,298.8299865722656,51392600,288.68157958984375
2019-07-19,300.07000732421875,296.9800109863281,300.0400085449219,297.1700134277344,58678600,287.0779113769531
2019-07-22,298.5,297.0400085449219,297.6099853515625,297.8999938964844,43638100,287.7831115722656
2019-07-23,300.0299987792969,298.2200012207031,299.1400146484375,300.0299987792969,44564500,289.8408203125
2019-07-24,301.44000244140625,299.0899963378906,299.19000244140625,301.44000244140625,47213200,291.2029724121094
2019-07-25,301.0,299.1099853515625,300.94000244140625,300.0,55394100,289.8118591308594
2019-07-26,302.2300109863281,300.6199951171875,300.760009765625,302.010009765625,45084100,291.75360107421875
2019-07-29,302.010009765625,300.8500061035156,301.8800048828125,301.4599914550781,38126500,291.2222595214844
2019-07-30,301.1700134277344,299.489990234375,299.9100036621094,300.7200012207031,45849000,290.50738525390625
2019-07-31,301.20001220703125,295.20001220703125,300.989990234375,297.42999267578125,104245200,287.32916259765625
