Date,High,Low,Open,Close,Volume,Adj Close
2009-05-01,88.20999908447266,86.72000122070312,87.44000244140625,87.88999938964844,236110300,69.08320617675781
2009-05-04,90.94000244140625,88.37999725341797,88.55000305175781,90.87999725341797,287120000,71.43341827392578
2009-05-05,90.93000030517578,89.83999633789062,90.56999969482422,90.56999969482422,243036300,71.18975830078125
2009-05-06,92.19999694824219,90.61000061035156,91.68000030517578,92.13999938964844,291941000,72.42378234863281
2009-05-07,93.1500015258789,90.27999877929688,93.01000213623047,90.86000061035156,317728000,71.41770935058594
2009-05-08,93.22000122070312,91.44000244140625,92.02999877929688,92.9800033569336,299081700,73.08405303955078
2009-05-11,92.11000061035156,91.04000091552734,91.69999694824219,91.23999786376953,247923600,71.71638488769531
2009-05-12,91.83000183105469,89.8499984741211,91.62999725341797,90.97000122070312,282431300,71.50411987304688
2009-05-13,90.01000213623047,88.5,89.73999786376953,88.68000030517578,269619100,69.70413970947266
2009-05-14,90.12000274658203,88.5,88.72000122070312,89.44000244140625,260098700,70.30157470703125
2009-05-15,90.0,88.1500015258789,89.37000274658203,88.70999908447266,271502700,69.72776794433594
2009-05-18,91.33999633789062,88.56999969482422,89.55000305175781,91.2300033569336,241447400,71.70849609375
2009-05-19,91.97000122070312,90.80999755859375,91.18000030517578,91.12000274658203,206102200,71.62206268310547
2009-05-20,92.80000305175781,90.41000366210938,91.94999694824219,90.51000213623047,285722200,71.14260864257812
2009-05-21,89.80000305175781,88.26000213623047,89.45999908447266,89.20999908447266,258988400,70.12078094482422
2009-05-22,90.0,88.68000030517578,89.45999908447266,89.0199966430664,166811900,69.97142028808594
2009-05-26,91.55999755859375,88.31999969482422,88.36000061035156,91.30000305175781,236318500,71.76351165771484
2009-05-27,91.75,89.52999877929688,91.44000244140625,89.66999816894531,246015800,70.48233795166016
2009-05-28,91.33999633789062,89.0999984741211,90.45999908447266,90.91999816894531,289095000,71.46485137939453
2009-05-29,93.69999694824219,90.68000030517578,91.41999816894531,92.52999877929688,258641500,72.7303466796875
