Date,High,Low,Open,Close,Volume,Adj Close
2013-08-01,170.80999755859375,169.89999389648438,169.99000549316406,170.66000366210938,110438400,146.423583984375
2013-08-02,170.97000122070312,170.0500030517578,170.27999877929688,170.9499969482422,91116700,146.67237854003906
2013-08-05,170.9600067138672,170.35000610351562,170.57000732421875,170.6999969482422,54072700,146.4579315185547
2013-08-06,170.74000549316406,169.35000610351562,170.3699951171875,169.72999572753906,87495000,145.62562561035156
2013-08-07,169.42999267578125,168.5500030517578,169.19000244140625,169.17999267578125,84854700,145.15380859375
2013-08-08,170.17999267578125,168.92999267578125,169.97999572753906,169.8000030517578,102181300,145.68569946289062
2013-08-09,170.10000610351562,168.72000122070312,169.5800018310547,169.30999755859375,91757700,145.26531982421875
2013-08-12,169.30999755859375,168.3800048828125,168.4600067138672,169.11000061035156,68593300,145.09365844726562
2013-08-13,169.89999389648438,168.41000366210938,169.41000366210938,169.61000061035156,80806000,145.52267456054688
2013-08-14,169.8000030517578,168.6999969482422,169.52999877929688,168.74000549316406,79829200,144.77621459960938
2013-08-15,167.42999267578125,166.08999633789062,167.41000366210938,166.3800048828125,152931800,142.7514190673828
2013-08-16,166.6300048828125,165.5,166.05999755859375,165.8300018310547,130868200,142.27955627441406
2013-08-19,166.2100067138672,164.75999450683594,165.63999938964844,164.77000427246094,96437600,141.3700714111328
2013-08-20,166.1999969482422,164.86000061035156,165.0399932861328,165.5800018310547,89294400,142.0650177001953
2013-08-21,166.02999877929688,164.19000244140625,165.1199951171875,164.55999755859375,159530500,141.1898651123047
2013-08-22,166.3000030517578,164.88999938964844,164.89999389648438,166.05999755859375,101471400,142.4768829345703
2013-08-23,166.8300018310547,165.77000427246094,166.5500030517578,166.6199951171875,90888900,142.95733642578125
2013-08-26,167.3000030517578,165.88999938964844,166.7899932861328,166.0,89702100,142.42535400390625
2013-08-27,166.0,163.2100067138672,164.36000061035156,163.3300018310547,158619400,140.1345672607422
2013-08-28,164.49000549316406,163.0500030517578,163.25999450683594,163.91000366210938,108113000,140.63223266601562
2013-08-29,165.0399932861328,163.39999389648438,163.5500030517578,164.1699981689453,119200500,140.85525512695312
2013-08-30,164.52999877929688,163.1699981689453,164.50999450683594,163.64999389648438,134928900,140.4091033935547
