Date,High,Low,Open,Close,Volume,Adj Close
2006-03-01,129.49000549316406,128.5,128.60000610351562,129.3699951171875,48641600.0,95.04751586914062
2006-03-02,129.4199981689453,128.61000061035156,128.89999389648438,129.36000061035156,60642300.0,95.04015350341797
2006-03-03,130.07000732421875,128.64999389648438,128.6699981689453,128.75999450683594,73402500.0,94.59934997558594
2006-03-06,129.17999267578125,127.8499984741211,129.13999938964844,128.1699981689453,57478400.0,94.1658706665039
2006-03-07,128.05999755859375,127.4000015258789,127.86000061035156,127.97000122070312,61780800.0,94.01891326904297
2006-03-08,128.44000244140625,127.18000030517578,127.69999694824219,128.24000549316406,66692400.0,94.21731567382812
2006-03-09,128.67999267578125,127.37999725341797,128.27999877929688,127.37999725341797,56313600.0,93.58544921875
2006-03-10,128.83999633789062,127.44000244140625,127.70999908447266,128.58999633789062,60490800.0,94.47441101074219
2006-03-13,129.16000366210938,128.52999877929688,128.83999633789062,128.8300018310547,45479100.0,94.6507568359375
2006-03-14,130.22999572753906,128.61000061035156,128.7100067138672,130.17999267578125,69877300.0,95.64263153076172
2006-03-15,130.86000061035156,129.85000610351562,130.14999389648438,130.75999450683594,53398900.0,96.06875610351562
2006-03-16,131.47000122070312,130.83999633789062,131.00999450683594,131.02999877929688,65526400.0,96.26712036132812
2006-03-17,130.89999389648438,130.3800048828125,130.67999267578125,130.6199951171875,47286800.0,96.34749603271484
2006-03-20,130.89999389648438,130.2100067138672,130.63999938964844,130.41000366210938,45538500.0,96.1926040649414
2006-03-21,130.99000549316406,129.4499969482422,130.3699951171875,129.58999633789062,87102700.0,95.58776092529297
2006-03-22,130.50999450683594,129.4499969482422,129.50999450683594,130.3800048828125,51605700.0,96.17047882080078
2006-03-23,130.38999938964844,129.66000366210938,130.25999450683594,130.11000061035156,46704200.0,95.9713134765625
2006-03-24,130.57000732421875,129.74000549316406,129.99000549316406,130.2100067138672,43209200.0,96.04508972167969
2006-03-27,130.27999877929688,129.74000549316406,130.02999877929688,130.02000427246094,32523000.0,95.9049301147461
2006-03-28,130.52999877929688,129.0500030517578,129.92999267578125,129.22000122070312,82079900.0,95.3148422241211
2006-03-29,130.5,129.2899932861328,129.41000366210938,130.02999877929688,61505700.0,95.91229248046875
2006-03-30,130.97999572753906,129.5500030517578,130.11000061035156,129.8000030517578,70571700.0,95.7426528930664
2006-03-31,130.24000549316406,129.3699951171875,130.02000427246094,129.8300018310547,62925600.0,95.7647705078125
