Date,High,Low,Open,Close,Volume,Adj Close
2018-09-04,290.2099914550781,288.67999267578125,289.8399963378906,289.80999755859375,57594400.0,274.53778076171875
2018-09-05,289.6400146484375,287.8900146484375,289.4100036621094,289.0299987792969,72452400.0,273.7989196777344
2018-09-06,289.489990234375,287.0,289.1499938964844,288.1600036621094,65909900.0,272.9747009277344
2018-09-07,288.70001220703125,286.7099914550781,286.9800109863281,287.6000061035156,73524800.0,272.4441833496094
2018-09-10,289.0400085449219,287.8800048828125,288.739990234375,288.1000061035156,50210900.0,272.9178466796875
2018-09-11,289.54998779296875,286.9800109863281,287.3699951171875,289.04998779296875,50530500.0,273.8178405761719
2018-09-12,289.79998779296875,288.2300109863281,289.05999755859375,289.1199951171875,59810800.0,273.8841247558594
2018-09-13,291.0400085449219,290.0,290.32000732421875,290.8299865722656,51034200.0,275.50396728515625
2018-09-14,291.2699890136719,290.0,291.05999755859375,290.8800048828125,55079900.0,275.5513610839844
2018-09-17,290.8599853515625,289.0299987792969,290.82000732421875,289.3399963378906,68244000.0,274.0924987792969
2018-09-18,291.5799865722656,289.54998779296875,289.5799865722656,290.9100036621094,61930400.0,275.579833984375
2018-09-19,291.69000244140625,290.8299865722656,290.9700012207031,291.2200012207031,49080600.0,275.87347412109375
2018-09-20,293.94000244140625,291.239990234375,292.6400146484375,293.5799865722656,100360600.0,278.1091003417969
2018-09-21,293.2200012207031,291.80999755859375,293.0899963378906,291.989990234375,105479700.0,277.85498046875
2018-09-24,291.5,290.3699951171875,291.3399963378906,291.0199890136719,53409600.0,276.9319763183594
2018-09-25,291.6499938964844,290.4800109863281,291.5299987792969,290.75,44370000.0,276.675048828125
2018-09-26,292.239990234375,289.4100036621094,290.9100036621094,289.8800048828125,79739700.0,275.8471984863281
2018-09-27,291.9100036621094,290.1000061035156,290.4100036621094,290.69000244140625,59249500.0,276.6179504394531
2018-09-28,291.2799987792969,289.95001220703125,289.989990234375,290.7200012207031,70091400.0,276.646484375
