Date,High,Low,Open,Close,Volume,Adj Close
2002-02-01,113.30000305175781,112.16999816894531,113.08999633789062,112.6500015258789,15838500,77.2950439453125
2002-02-04,112.2300033569336,109.44000244140625,112.2300033569336,109.8499984741211,24243400,75.37384033203125
2002-02-05,110.48999786376953,108.52999877929688,109.4000015258789,109.16999816894531,33614000,74.9072036743164
2002-02-06,109.73999786376953,108.05999755859375,109.6500015258789,108.69999694824219,29486000,74.58474731445312
2002-02-07,109.86000061035156,108.0,108.72000122070312,108.0199966430664,23445400,74.1181411743164
2002-02-08,110.75,108.30000305175781,108.62999725341797,110.08999633789062,19277800,75.53849029541016
2002-02-11,111.63999938964844,109.81999969482422,110.05000305175781,111.44000244140625,18792400,76.46481323242188
2002-02-12,111.70999908447266,110.02999877929688,110.95999908447266,111.08999633789062,13942500,76.22465515136719
2002-02-13,112.54000091552734,111.3499984741211,111.4800033569336,112.2699966430664,16781100,77.03428649902344
2002-02-14,112.97000122070312,111.58999633789062,112.51000213623047,112.05999755859375,20453800,76.89022827148438
2002-02-15,112.23999786376953,110.70999908447266,112.1500015258789,110.88999938964844,18366800,76.08741760253906
2002-02-19,110.29000091552734,108.61000061035156,110.1500015258789,108.76000213623047,15988100,74.62593078613281
2002-02-20,110.58999633789062,107.81999969482422,109.05000305175781,110.58999633789062,29242800,75.88155364990234
2002-02-21,110.62999725341797,108.26000213623047,109.93000030517578,108.30000305175781,26288600,74.31026458740234
2002-02-22,109.94000244140625,107.87000274658203,108.3499984741211,109.63999938964844,26572900,75.22972106933594
2002-02-25,111.80999755859375,109.69999694824219,109.73999786376953,111.44999694824219,17458700,76.4716796875
2002-02-26,112.04000091552734,110.56999969482422,111.5999984741211,111.22000122070312,22346500,76.31385040283203
2002-02-27,112.86000061035156,110.6500015258789,111.95999908447266,111.6500015258789,28597900,76.60888671875
2002-02-28,112.75,111.02999877929688,111.83000183105469,111.1500015258789,23755400,76.26583099365234
