Date,High,Low,Open,Close,Volume,Adj Close
2004-04-01,113.87000274658203,113.05000305175781,113.06999969482422,113.77999877929688,45103800,80.8839111328125
2004-04-02,114.83999633789062,113.9000015258789,114.80999755859375,114.63999938964844,50987700,81.49525451660156
2004-04-05,115.37999725341797,114.44000244140625,114.45999908447266,115.2699966430664,30251800,81.943115234375
2004-04-06,115.18000030517578,114.62000274658203,114.83000183105469,114.9000015258789,28420900,81.68006896972656
2004-04-07,114.9800033569336,114.11000061035156,114.94999694824219,114.62999725341797,45890500,81.48818969726562
2004-04-08,115.41000366210938,113.73999786376953,115.41000366210938,114.37000274658203,46929700,81.3033218383789
2004-04-12,115.08000183105469,114.56999969482422,114.58000183105469,114.81999969482422,23085200,81.62322235107422
2004-04-13,115.30000305175781,113.0199966430664,115.26000213623047,113.20999908447266,56210300,80.47869110107422
2004-04-14,113.63999938964844,112.55000305175781,112.61000061035156,113.38999938964844,62322300,80.60665893554688
2004-04-15,113.77999877929688,112.36000061035156,113.44999694824219,112.95999908447266,61602500,80.30097198486328
2004-04-16,114.05000305175781,112.9800033569336,113.37999725341797,113.83000183105469,47059200,80.91944122314453
2004-04-19,113.98999786376953,113.2699966430664,113.55000305175781,113.83000183105469,28277600,80.91944122314453
2004-04-20,114.31999969482422,111.77999877929688,114.08000183105469,111.91999816894531,53299400,79.5616683959961
2004-04-21,112.94999694824219,111.87000274658203,112.19999694824219,112.66999816894531,50177300,80.09484100341797
2004-04-22,114.66999816894531,112.44000244140625,112.4800033569336,114.25,62071500,81.2180404663086
2004-04-23,114.56999969482422,113.79000091552734,114.41999816894531,114.36000061035156,29395700,81.29621124267578
2004-04-26,114.94000244140625,113.5999984741211,114.5,114.19999694824219,35515200,81.18244171142578
2004-04-27,115.12000274658203,113.95999908447266,114.2300033569336,114.30000305175781,43485500,81.25355529785156
2004-04-28,114.01000213623047,112.5,113.88999938964844,112.81999969482422,50165800,80.20145416259766
2004-04-29,113.31999969482422,111.16000366210938,112.72000122070312,111.83000183105469,69687600,79.49771881103516
2004-04-30,112.37999725341797,110.9000015258789,112.16999816894531,110.95999908447266,48681400,78.87921905517578
