Date,High,Low,Open,Close,Volume,Adj Close
2001-03-01,124.5999984741211,121.75,124.05000305175781,124.5999984741211,14672000.0,84.41496276855469
2001-03-02,125.6500015258789,122.30000305175781,122.5,123.61000061035156,12564300.0,83.7442626953125
2001-03-05,124.77999877929688,123.80999755859375,124.1500015258789,124.73999786376953,5293200.0,84.50981903076172
2001-03-06,127.75,125.48999786376953,126.3499984741211,126.08000183105469,6917000.0,85.41763305664062
2001-03-07,127.04000091552734,125.76000213623047,126.9000015258789,126.9800033569336,6371700.0,86.02739715576172
2001-03-08,127.23999786376953,126.13999938964844,126.5999984741211,127.12000274658203,6055000.0,86.12223815917969
2001-03-09,126.0999984741211,123.11000061035156,126.0999984741211,123.36000061035156,10020300.0,83.57484436035156
2001-03-12,122.5,117.75,122.33999633789062,118.08000183105469,13972900.0,79.99777221679688
2001-03-13,120.44000244140625,117.52999877929688,119.4000015258789,120.0199966430664,12888000.0,81.31208801269531
2001-03-14,119.29000091552734,115.75,117.05000305175781,117.6500015258789,19883400.0,79.70647430419922
2001-03-15,118.86000061035156,117.36000061035156,118.44999694824219,117.68000030517578,10370300.0,79.72676086425781
2001-03-16,117.4000015258789,114.80999755859375,117.12999725341797,115.01000213623047,58514600.0,78.12767791748047
2001-03-19,117.69000244140625,114.81999969482422,115.76000213623047,117.3499984741211,10067800.0,79.71728515625
2001-03-20,118.45999908447266,114.11000061035156,117.9000015258789,114.19999694824219,15083900.0,77.577392578125
2001-03-21,115.26000213623047,111.9000015258789,114.18000030517578,112.26000213623047,19004600.0,76.25952911376953
2001-03-22,112.5999984741211,108.04000091552734,112.0199966430664,111.12000274658203,28624800.0,75.4851303100586
2001-03-23,114.66000366210938,111.5,113.25,114.4800033569336,12861700.0,77.76763153076172
2001-03-26,116.2699966430664,114.7699966430664,115.69999694824219,115.94000244140625,9943800.0,78.7594223022461
2001-03-27,118.6500015258789,115.27999877929688,115.62000274658203,118.30999755859375,12880700.0,80.36943054199219
2001-03-28,116.94999694824219,114.9000015258789,116.9000015258789,115.04000091552734,10953300.0,78.14804077148438
2001-03-29,116.5,112.13999938964844,114.69999694824219,115.4800033569336,12060300.0,78.4469223022461
2001-03-30,116.69000244140625,114.5,115.55000305175781,116.69000244140625,9183600.0,79.2689208984375
