Date,High,Low,Open,Close,Volume,Adj Close
2019-01-02,251.2100067138672,245.9499969482422,245.97999572753906,250.17999267578125,126925200,239.459228515625
2019-01-03,248.57000732421875,243.6699981689453,248.22999572753906,244.2100067138672,144140700,233.74505615234375
2019-01-04,253.11000061035156,247.1699981689453,247.58999633789062,252.38999938964844,142628800,241.57449340820312
2019-01-07,255.9499969482422,251.69000244140625,252.69000244140625,254.3800048828125,103139100,243.47926330566406
2019-01-08,257.30999755859375,254.0,256.82000732421875,256.7699890136719,102512600,245.766845703125
2019-01-09,258.9100036621094,256.19000244140625,257.55999755859375,257.9700012207031,95006600,246.91542053222656
2019-01-10,259.1600036621094,255.5,256.260009765625,258.8800048828125,96823900,247.78640747070312
2019-01-11,259.010009765625,257.0299987792969,257.67999267578125,258.9800109863281,73858100,247.8821258544922
2019-01-14,258.29998779296875,256.4100036621094,256.8599853515625,257.3999938964844,70908200,246.36984252929688
2019-01-15,260.70001220703125,257.80999755859375,257.82000732421875,260.3500061035156,85208300,249.19345092773438
2019-01-16,261.9700012207031,260.6000061035156,260.8299865722656,260.9800109863281,77636700,249.7964324951172
2019-01-17,263.9200134277344,259.9599914550781,260.010009765625,262.9599914550781,96118400,251.6916046142578
2019-01-18,266.9800109863281,263.0,264.9800109863281,266.4599914550781,127900300,255.04161071777344
2019-01-22,265.05999755859375,261.05999755859375,264.82000732421875,262.8599853515625,115531200,251.59585571289062
2019-01-23,264.7900085449219,260.6600036621094,264.010009765625,263.4100036621094,86030300,252.122314453125
2019-01-24,264.20001220703125,262.0799865722656,263.2099914550781,263.54998779296875,59204100,252.2562713623047
2019-01-25,266.70001220703125,263.6600036621094,265.6099853515625,265.7799987792969,96883400,254.39076232910156
2019-01-28,263.8299865722656,261.7900085449219,263.3900146484375,263.760009765625,85613700,252.45733642578125
2019-01-29,264.54998779296875,262.4800109863281,263.9200134277344,263.4100036621094,66136300,252.122314453125
2019-01-30,268.5199890136719,264.25,265.1000061035156,267.5799865722656,92473700,256.11358642578125
2019-01-31,270.4700012207031,267.2699890136719,267.510009765625,269.92999267578125,104012100,258.3629150390625
