Date,High,Low,Open,Close,Volume,Adj Close
2009-07-01,93.2300033569336,92.20999908447266,92.33999633789062,92.33000183105469,173041100,72.98308563232422
2009-07-02,92.36000061035156,89.76000213623047,91.12999725341797,89.80999755859375,212309900,70.99113464355469
2009-07-06,89.93000030517578,88.66000366210938,88.94000244140625,89.80000305175781,174499600,70.98322296142578
2009-07-07,89.81999969482422,88.0,89.70999908447266,88.05999755859375,197088900,69.60780334472656
2009-07-08,88.80000305175781,87.0,88.58999633789062,88.0,248050500,69.5604019165039
2009-07-09,88.9000015258789,87.91000366210938,88.61000061035156,88.16999816894531,163777600,69.69476318359375
2009-07-10,88.48999786376953,87.3499984741211,87.69999694824219,87.95999908447266,173520300,69.52877807617188
2009-07-13,90.16999816894531,87.58999633789062,88.30999755859375,90.0999984741211,217413500,71.2203369140625
2009-07-14,90.69000244140625,89.7300033569336,90.37999725341797,90.61000061035156,181487400,71.62350463867188
2009-07-15,93.51000213623047,90.68000030517578,91.80999755859375,93.26000213623047,220877900,73.71822357177734
2009-07-16,94.51000213623047,92.81999969482422,93.0,93.11000061035156,231174500,73.59964752197266
2009-07-17,94.31999969482422,93.54000091552734,94.05999755859375,94.12999725341797,138561700,74.4058837890625
2009-07-20,95.29000091552734,94.19000244140625,94.68000030517578,95.12999725341797,164179400,75.19637298583984
2009-07-21,95.9000015258789,94.41999816894531,95.87000274658203,95.56999969482422,217718300,75.54417419433594
2009-07-22,96.12999725341797,94.88999938964844,94.95999908447266,95.55000305175781,196068100,75.52835845947266
2009-07-23,98.08000183105469,95.52999877929688,95.61000061035156,97.66000366210938,258795500,77.19624328613281
2009-07-24,98.13999938964844,96.69000244140625,97.19999694824219,98.05999755859375,154003100,77.51240539550781
2009-07-27,98.4000015258789,97.33999633789062,97.87999725341797,98.3499984741211,159259400,77.74164581298828
2009-07-28,98.37000274658203,97.05999755859375,97.66000366210938,97.88999938964844,186685200,77.37800598144531
2009-07-29,98.08999633789062,96.9800033569336,97.44000244140625,97.6500015258789,194399300,77.1883316040039
2009-07-30,99.83000183105469,98.5999984741211,98.83000183105469,98.66999816894531,225575400,77.99458312988281
2009-07-31,99.47000122070312,98.37999725341797,98.6500015258789,98.80999755859375,207358000,78.10523223876953
