Date,High,Low,Open,Close,Volume,Adj Close
2017-04-03,236.02999877929688,233.91000366210938,235.8000030517578,235.3300018310547,85546500,217.7747039794922
2017-04-04,235.5800018310547,234.55999755859375,235.0,235.47999572753906,56466200,217.9134979248047
2017-04-05,237.38999938964844,234.5399932861328,236.25999450683594,234.77999877929688,108800600,217.2657012939453
2017-04-06,236.0399932861328,234.42999267578125,234.94000244140625,235.44000244140625,69135800,217.87648010253906
2017-04-07,236.0,234.63999938964844,235.14999389648438,235.1999969482422,74412300,217.6544189453125
2017-04-10,236.25999450683594,234.72999572753906,235.36000061035156,235.33999633789062,67615300,217.78395080566406
2017-04-11,235.17999267578125,233.33999633789062,234.89999389648438,235.05999755859375,88045300,217.52481079101562
2017-04-12,234.9600067138672,233.77000427246094,234.74000549316406,234.02999877929688,81864400,216.57164001464844
2017-04-13,234.49000549316406,232.50999450683594,233.63999938964844,232.50999450683594,92880400,215.16506958007812
2017-04-17,234.57000732421875,232.8800048828125,233.11000061035156,234.57000732421875,68405400,217.07139587402344
2017-04-18,234.49000549316406,233.0800018310547,233.72000122070312,233.8699951171875,83225800,216.42359924316406
2017-04-19,234.9499969482422,233.17999267578125,234.52000427246094,233.44000244140625,68699900,216.02569580078125
2017-04-20,235.85000610351562,233.77999877929688,234.14999389648438,235.33999633789062,92572200,217.78395080566406
2017-04-21,235.30999755859375,234.1300048828125,235.25,234.58999633789062,110389800,217.08987426757812
2017-04-24,237.41000366210938,234.55999755859375,237.17999267578125,237.1699981689453,119209900,219.47743225097656
2017-04-25,238.9499969482422,237.80999755859375,237.91000366210938,238.5500030517578,76698300,220.75448608398438
2017-04-26,239.52999877929688,238.35000610351562,238.50999450683594,238.39999389648438,84702500,220.6156768798828
2017-04-27,238.9499969482422,237.97999572753906,238.77000427246094,238.60000610351562,57410300,220.80072021484375
2017-04-28,238.92999267578125,237.92999267578125,238.89999389648438,238.0800018310547,63532800,220.31956481933594
