Date,High,Low,Open,Close,Volume,Adj Close
2018-06-01,273.94000244140625,272.3299865722656,272.4100036621094,273.6000061035156,71258400.0,258.0234069824219
2018-06-04,275.19000244140625,274.260009765625,274.5299987792969,274.8999938964844,45385200.0,259.2493896484375
2018-06-05,275.5299987792969,274.17999267578125,275.04998779296875,275.1000061035156,51135000.0,259.4379577636719
2018-06-06,277.5199890136719,275.0899963378906,275.7900085449219,277.3999938964844,62732200.0,261.6070861816406
2018-06-07,278.2799987792969,276.3399963378906,277.95001220703125,277.3699951171875,72969400.0,261.5787048339844
2018-06-08,278.25,276.6600036621094,276.8500061035156,278.19000244140625,72139700.0,262.35205078125
2018-06-11,279.3699951171875,278.30999755859375,278.44000244140625,278.55999755859375,58892500.0,262.7010192871094
2018-06-12,279.3299865722656,278.19000244140625,279.0299987792969,278.9200134277344,72329000.0,263.0404968261719
2018-06-13,279.4800109863281,277.79998779296875,279.19000244140625,278.0299987792969,79070600.0,262.20111083984375
2018-06-14,279.3299865722656,278.05999755859375,279.010009765625,278.7300109863281,77097600.0,262.8612976074219
2018-06-15,277.510009765625,275.3500061035156,276.6000061035156,277.1300048828125,120041600.0,262.52593994140625
2018-06-18,276.70001220703125,274.95001220703125,275.489990234375,276.55999755859375,52917600.0,261.9860534667969
2018-06-19,275.75,273.5299987792969,274.0,275.5,97531500.0,260.9818420410156
2018-06-20,276.7200012207031,275.5899963378906,276.2699890136719,275.9700012207031,53785500.0,261.4271240234375
2018-06-21,275.9800109863281,273.67999267578125,275.9599914550781,274.239990234375,71061400.0,259.78826904296875
2018-06-22,275.7900085449219,274.489990234375,275.6600036621094,274.739990234375,54898500.0,260.2619323730469
2018-06-25,273.6199951171875,269.1000061035156,273.44000244140625,271.0,137854200.0,256.7189636230469
2018-06-26,272.55999755859375,270.7900085449219,271.6400146484375,271.6000061035156,68547400.0,257.2873840332031
2018-06-27,273.8699951171875,269.17999267578125,272.260009765625,269.3500061035156,105110700.0,255.15594482421875
2018-06-28,271.75,268.489990234375,269.2900085449219,270.8900146484375,76650500.0,256.61480712890625
2018-06-29,273.6600036621094,271.1499938964844,272.1199951171875,271.2799987792969,97592500.0,256.9842529296875
