Date,High,Low,Open,Close,Volume,Adj Close
2000-06-01,145.4375,143.0,143.6875,145.3125,8961600.0,97.67048645019531
2000-06-02,149.09375,147.484375,148.9375,147.84375,8962200.0,99.37183380126953
2000-06-05,148.21875,146.875,147.46875,147.125,6998100.0,98.88875579833984
2000-06-06,147.78125,145.90625,146.625,146.46875,4858900.0,98.44768524169922
2000-06-07,148.0,146.0,146.625,147.484375,4919500.0,99.13030242919922
2000-06-08,147.75,146.0625,147.5,146.90625,5723100.0,98.74172973632812
2000-06-09,147.96875,145.625,147.5,146.59375,3085300.0,98.53166198730469
2000-06-12,146.96875,144.875,146.96875,144.875,3678900.0,97.37642669677734
2000-06-13,147.75,144.625,144.8125,147.59375,6558700.0,99.20379638671875
2000-06-14,148.875,147.1875,148.25,147.84375,6420500.0,99.37183380126953
2000-06-15,148.75,146.84375,148.125,148.15625,5881200.0,99.58187866210938
2000-06-16,148.3125,145.875,148.3125,146.59375,5567900.0,98.76364135742188
2000-06-19,149.15625,146.25,146.46875,148.46875,5106900.0,100.02687072753906
2000-06-20,148.875,147.0,148.1875,147.9375,6480000.0,99.6689453125
2000-06-21,148.4375,146.890625,146.9375,147.875,3115000.0,99.62686920166016
2000-06-22,147.6875,145.0,147.5625,145.625,7490500.0,98.1109848022461
2000-06-23,146.125,143.875,145.8125,144.375,4863300.0,97.26882934570312
2000-06-26,146.25,144.875,145.375,146.234375,5201300.0,98.52155303955078
2000-06-27,146.71875,145.015625,145.984375,145.15625,4159500.0,97.79519653320312
2000-06-28,146.984375,145.3125,145.625,145.5625,5347700.0,98.0688705444336
2000-06-29,145.75,143.515625,144.75,144.1875,6345700.0,97.14251708984375
2000-06-30,145.59375,143.890625,143.9375,145.28125,7420200.0,97.8793716430664
