Date,High,Low,Open,Close,Volume,Adj Close
2011-03-01,133.69000244140625,130.88999938964844,133.57000732421875,130.92999267578125,258565500.0,106.59996795654297
2011-03-02,131.82000732421875,130.35000610351562,130.75,131.2100067138672,200277400.0,106.82791137695312
2011-03-03,133.6199951171875,132.38999938964844,132.39999389648438,133.47000122070312,176480100.0,108.66796112060547
2011-03-04,133.6300048828125,131.60000610351562,133.3699951171875,132.47000122070312,277202300.0,107.85376739501953
2011-03-07,133.16000366210938,130.74000549316406,132.86000061035156,131.42999267578125,216790400.0,107.00706481933594
2011-03-08,133.0,131.07000732421875,131.63999938964844,132.5800018310547,174615000.0,107.94335174560547
2011-03-09,132.8000030517578,131.60000610351562,132.32000732421875,132.38999938964844,153806000.0,107.78865051269531
2011-03-10,131.17999267578125,129.80999755859375,131.0,129.94000244140625,301291800.0,105.7939224243164
2011-03-11,131.30999755859375,129.49000549316406,129.52000427246094,130.83999633789062,225621800.0,106.52667236328125
2011-03-14,130.47999572753906,129.05999755859375,129.99000549316406,130.0500030517578,234974100.0,105.88350677490234
2011-03-15,129.3300018310547,126.5,126.58999633789062,128.55999755859375,359585400.0,104.67036437988281
2011-03-16,128.57000732421875,125.27999877929688,128.14999389648438,126.18000030517578,468670300.0,102.73262023925781
2011-03-17,128.38999938964844,127.0999984741211,128.0,127.8499984741211,254303700.0,104.09229278564453
2011-03-18,128.8800048828125,127.51000213623047,128.83999633789062,127.76000213623047,230435400.0,104.47089385986328
2011-03-21,130.00999450683594,129.1999969482422,129.35000610351562,129.74000549316406,153992600.0,106.09001159667969
2011-03-22,129.88999938964844,129.1699981689453,129.72000122070312,129.2899932861328,129538600.0,105.72199249267578
2011-03-23,130.0,128.32000732421875,128.92999267578125,129.66000366210938,148603100.0,106.0245590209961
2011-03-24,131.08999633789062,129.6699981689453,130.39999389648438,130.89999389648438,159129800.0,107.03850555419922
2011-03-25,131.8699951171875,130.88999938964844,131.24000549316406,131.3000030517578,155642800.0,107.3656234741211
2011-03-28,131.9199981689453,130.94000244140625,131.5800018310547,130.97999572753906,109762400.0,107.10395050048828
2011-03-29,131.89999389648438,130.44000244140625,130.8699951171875,131.86000061035156,129798800.0,107.82353210449219
2011-03-30,133.16000366210938,132.36000061035156,132.5500030517578,132.77000427246094,135835000.0,108.5676498413086
2011-03-31,132.9600067138672,132.4499969482422,132.60000610351562,132.58999633789062,132537100.0,108.42044067382812
