Date,High,Low,Open,Close,Volume,Adj Close
2014-12-01,206.5399932861328,205.3800048828125,206.39999389648438,205.75999450683594,103968400.0,180.84954833984375
2014-12-02,207.33999633789062,205.77999877929688,205.80999755859375,207.08999633789062,74507200.0,182.01849365234375
2014-12-03,208.14999389648438,207.10000610351562,207.3000030517578,207.88999938964844,68952000.0,182.72164916992188
2014-12-04,208.27000427246094,206.6999969482422,207.5399932861328,207.66000366210938,91316600.0,182.51951599121094
2014-12-05,208.47000122070312,207.5500030517578,207.8699951171875,208.0,91025500.0,182.8183135986328
2014-12-08,208.1199951171875,205.92999267578125,207.52000427246094,206.61000061035156,108588200.0,181.5966033935547
2014-12-09,206.60000610351562,203.91000366210938,204.3699951171875,206.47000122070312,125180100.0,181.4735870361328
2014-12-10,205.97999572753906,202.92999267578125,205.91000366210938,203.16000366210938,159856400.0,178.56431579589844
2014-12-11,206.19000244140625,203.7100067138672,203.8800048828125,204.19000244140625,159012800.0,179.46958923339844
2014-12-12,203.82000732421875,200.85000610351562,202.63999938964844,200.88999938964844,202330200.0,176.56910705566406
2014-12-15,202.52999877929688,198.77999877929688,201.97999572753906,199.50999450683594,189965800.0,175.356201171875
2014-12-16,202.39999389648438,197.86000061035156,198.5800018310547,197.91000366210938,259543800.0,173.94989013671875
2014-12-17,202.33999633789062,198.2899932861328,198.44000244140625,201.7899932861328,253910100.0,177.36016845703125
2014-12-18,212.97000122070312,203.9199981689453,204.74000549316406,206.77999877929688,257633900.0,181.74607849121094
2014-12-19,207.3300018310547,205.61000061035156,206.42999267578125,206.52000427246094,245084600.0,182.51937866210938
2014-12-22,207.47000122070312,206.4600067138672,206.75,207.47000122070312,148318900.0,183.35897827148438
2014-12-23,208.22999572753906,207.39999389648438,208.1699981689453,207.75,122167900.0,183.6064453125
2014-12-24,208.33999633789062,207.72000122070312,208.02000427246094,207.77000427246094,42963400.0,183.62408447265625
2014-12-26,208.85000610351562,208.25,208.30999755859375,208.44000244140625,57326700.0,184.21620178222656
2014-12-29,208.97000122070312,208.13999938964844,208.22000122070312,208.72000122070312,79643900.0,184.46368408203125
2014-12-30,208.3699951171875,207.50999450683594,208.2100067138672,207.60000610351562,73540800.0,183.47384643554688
2014-12-31,208.19000244140625,205.38999938964844,207.99000549316406,205.5399932861328,130333800.0,181.65325927734375
