Date,High,Low,Open,Close,Volume,Adj Close
2012-08-01,138.72999572753906,137.39999389648438,138.6999969482422,137.58999633789062,138293800,115.46897888183594
2012-08-02,137.57000732421875,135.5800018310547,136.5500030517578,136.63999938964844,199556600,114.67169952392578
2012-08-03,139.63999938964844,136.67999267578125,138.55999755859375,139.35000610351562,157825000,116.946044921875
2012-08-06,140.1699981689453,139.55999755859375,139.72000122070312,139.6199951171875,86326200,117.17259979248047
2012-08-07,140.9199981689453,140.02999877929688,140.17999267578125,140.32000732421875,109545100,117.76008605957031
2012-08-08,140.64999389648438,139.80999755859375,139.85000610351562,140.49000549316406,89754700,117.90276336669922
2012-08-09,140.88999938964844,140.14999389648438,140.2899932861328,140.61000061035156,90291700,118.00342559814453
2012-08-10,140.88999938964844,139.80999755859375,140.0399932861328,140.83999633789062,99792700,118.19648742675781
2012-08-13,140.83999633789062,140.0399932861328,140.60000610351562,140.77000427246094,79426900,118.13774108886719
2012-08-14,141.3800048828125,140.3699951171875,141.2899932861328,140.7899932861328,102379400,118.15449523925781
2012-08-15,141.19000244140625,140.5500030517578,140.63999938964844,140.9499969482422,71085900,118.288818359375
2012-08-16,142.16000366210938,140.8000030517578,141.14999389648438,141.99000549316406,112014200,119.16159057617188
2012-08-17,142.3000030517578,141.86000061035156,142.22999572753906,142.17999267578125,90813700,119.32105255126953
2012-08-20,142.22000122070312,141.58999633789062,141.97999572753906,142.19000244140625,78255700,119.32943725585938
2012-08-21,143.08999633789062,141.4499969482422,142.5399932861328,141.75999450683594,105581100,118.96853637695312
2012-08-22,142.0500030517578,141.07000732421875,141.39999389648438,141.82000732421875,133243500,119.01897430419922
2012-08-23,141.47999572753906,140.44000244140625,141.47000122070312,140.66000366210938,111466400,118.0454330444336
2012-08-24,141.8300018310547,140.22000122070312,140.30999755859375,141.50999450683594,99481200,118.75875854492188
2012-08-27,142.0800018310547,141.33999633789062,141.88999938964844,141.5399932861328,68785900,118.78392028808594
2012-08-28,141.83999633789062,140.97000122070312,141.17999267578125,141.39999389648438,75689600,118.66642761230469
2012-08-29,141.88999938964844,141.1199951171875,141.52000427246094,141.50999450683594,65421300,118.75875854492188
2012-08-30,140.94000244140625,140.19000244140625,140.89999389648438,140.49000549316406,96589900,117.90276336669922
2012-08-31,141.82000732421875,140.36000061035156,141.2899932861328,141.16000366210938,151970400,118.4649887084961
