Date,High,Low,Open,Close,Volume,Adj Close
2006-12-01,140.66000366210938,138.97000122070312,140.52999877929688,140.22000122070312,126080000.0,104.34266662597656
2006-12-04,141.5500030517578,140.22999572753906,140.25,141.2899932861328,87813200.0,105.13886260986328
2006-12-05,141.9600067138672,141.25999450683594,141.55999755859375,141.89999389648438,73374400.0,105.59284210205078
2006-12-06,142.07000732421875,141.5,141.8699951171875,141.77999877929688,53253200.0,105.50354766845703
2006-12-07,142.3000030517578,141.11000061035156,142.02999877929688,141.16000366210938,62857400.0,105.04214477539062
2006-12-08,141.89999389648438,140.77999877929688,141.1300048828125,141.4199981689453,79625500.0,105.23565673828125
2006-12-11,142.08999633789062,141.33999633789062,141.4199981689453,141.8300018310547,39779400.0,105.54071807861328
2006-12-12,141.8699951171875,140.88999938964844,141.69000244140625,141.72000122070312,77451600.0,105.4588623046875
2006-12-13,142.33999633789062,141.55999755859375,142.22999572753906,141.8699951171875,55520200.0,105.57049560546875
2006-12-14,143.24000549316406,141.83999633789062,141.86000061035156,143.1199951171875,64755200.0,106.50067138671875
2006-12-15,142.88999938964844,142.24000549316406,142.63999938964844,142.33999633789062,70857400.0,106.51036834716797
2006-12-18,142.8800048828125,141.75,142.5399932861328,141.9499969482422,48954600.0,106.21855926513672
2006-12-19,142.55999755859375,141.19000244140625,141.5500030517578,142.22000122070312,65023600.0,106.42061614990234
2006-12-20,142.66000366210938,142.00999450683594,142.27999877929688,142.13999938964844,41469600.0,106.36073303222656
2006-12-21,142.42999267578125,141.32000732421875,142.27000427246094,141.6199951171875,48698400.0,105.97162628173828
2006-12-22,141.64999389648438,140.6699981689453,141.63999938964844,140.75,62069100.0,105.32064819335938
2006-12-26,141.61000061035156,140.77999877929688,140.80999755859375,141.5800018310547,32696900.0,105.9416732788086
2006-12-27,142.60000610351562,141.8300018310547,141.8699951171875,142.50999450683594,39727100.0,106.63758850097656
2006-12-28,142.6999969482422,141.99000549316406,142.41000366210938,142.2100067138672,37288800.0,106.4131088256836
2006-12-29,142.5399932861328,141.42999267578125,142.05999755859375,141.6199951171875,45461200.0,105.97162628173828
