Date,High,Low,Open,Close,Volume,Adj Close
2017-11-01,258.42999267578125,257.07000732421875,258.0400085449219,257.489990234375,54202700,240.63186645507812
2017-11-02,257.75,256.19000244140625,257.4100036621094,257.5899963378906,56449500,240.72537231445312
2017-11-03,258.5,257.29998779296875,257.7699890136719,258.45001220703125,59589700,241.52906799316406
2017-11-06,259.0,258.2200012207031,258.29998779296875,258.8500061035156,49652600,241.90283203125
2017-11-07,259.3500061035156,258.0899963378906,258.9700012207031,258.6700134277344,57502200,241.73464965820312
2017-11-08,259.2200012207031,258.1499938964844,258.4700012207031,259.1099853515625,50469600,242.1457977294922
2017-11-09,258.3900146484375,256.3599853515625,257.7300109863281,258.1700134277344,95085500,241.2673797607422
2017-11-10,258.2900085449219,257.3699951171875,257.7300109863281,258.0899963378906,59984700,241.19259643554688
2017-11-13,258.5899963378906,257.2699890136719,257.30999755859375,258.3299865722656,50228600,241.41688537597656
2017-11-14,257.8500061035156,256.5199890136719,257.4100036621094,257.7300109863281,61315200,240.85618591308594
2017-11-15,257.2200012207031,255.6300048828125,256.6199951171875,256.44000244140625,80811500,239.65066528320312
2017-11-16,259.0400085449219,257.4700012207031,257.5199890136719,258.6199951171875,67777000,241.68792724609375
2017-11-17,258.5899963378906,257.7699890136719,258.2200012207031,257.8599853515625,75756800,240.9776611328125
2017-11-20,258.5199890136719,257.8599853515625,258.1400146484375,258.29998779296875,48075500,241.3888397216797
2017-11-21,260.20001220703125,258.260009765625,259.17999267578125,259.989990234375,69176800,242.96815490722656
2017-11-22,260.1499938964844,259.57000732421875,260.0,259.760009765625,45033400,242.7532958984375
2017-11-24,260.4800109863281,260.1600036621094,260.32000732421875,260.3599853515625,27856500,243.31394958496094
2017-11-27,260.75,260.0,260.4100036621094,260.2300109863281,52274900,243.19253540039062
2017-11-28,262.8999938964844,260.6499938964844,260.760009765625,262.8699951171875,98971700,245.65963745117188
2017-11-29,263.6300048828125,262.20001220703125,263.0199890136719,262.7099914550781,77512100,245.51007080078125
2017-11-30,266.04998779296875,263.6700134277344,263.760009765625,265.010009765625,127894400,247.65956115722656
