Date,High,Low,Open,Close,Volume,Adj Close
2001-08-01,122.69999694824219,121.55000305175781,121.97000122070312,122.11000061035156,11940800,83.18671417236328
2001-08-02,123.25,121.88999938964844,123.2300033569336,122.61000061035156,11070100,83.52730560302734
2001-08-03,122.36000061035156,120.9000015258789,122.36000061035156,121.94000244140625,10816300,83.07089233398438
2001-08-06,121.51000213623047,120.0999984741211,121.3499984741211,120.30000305175781,8550100,81.95368194580078
2001-08-07,121.19999694824219,119.91000366210938,120.2699966430664,120.7699966430664,8865100,82.27384185791016
2001-08-08,121.16000366210938,118.43000030517578,120.12000274658203,118.52999877929688,15183800,80.74789428710938
2001-08-09,118.97000122070312,117.86000061035156,118.69999694824219,118.87999725341797,14118500,80.98625183105469
2001-08-10,119.83999633789062,117.33999633789062,118.80000305175781,119.29000091552734,11173300,81.26556396484375
2001-08-13,119.8499984741211,118.80999755859375,119.5999984741211,119.31999969482422,7431600,81.2860336303711
2001-08-14,120.3499984741211,118.80000305175781,120.13999938964844,119.2699966430664,13178100,81.25196075439453
2001-08-15,119.61000061035156,118.08000183105469,119.2300033569336,118.23999786376953,8520600,80.55027770996094
2001-08-16,118.75,117.0,117.80000305175781,118.6500015258789,10734700,80.8295669555664
2001-08-17,117.87000274658203,116.01000213623047,117.6500015258789,116.75,11604600,79.53524017333984
2001-08-20,117.9000015258789,116.55000305175781,116.80000305175781,117.83000183105469,10417400,80.27095794677734
2001-08-21,118.54000091552734,115.80000305175781,117.80000305175781,115.81999969482422,14480800,78.90168762207031
2001-08-22,117.43000030517578,115.77999877929688,116.75,117.0199966430664,11752300,79.71916198730469
2001-08-23,117.5199966430664,116.48999786376953,116.95999908447266,116.5999984741211,8744100,79.43305969238281
2001-08-24,119.12999725341797,116.73999786376953,117.20999908447266,119.0199966430664,11687700,81.08164978027344
2001-08-27,119.19999694824219,118.26000213623047,118.97000122070312,118.30999755859375,7425100,80.59799194335938
2001-08-28,118.48999786376953,116.58000183105469,118.27999877929688,116.58000183105469,12046600,79.4194107055664
2001-08-29,117.18000030517578,115.16999816894531,117.12999725341797,115.54000091552734,16180000,78.71092224121094
2001-08-30,115.73999786376953,112.04000091552734,114.8499984741211,113.31999969482422,17692600,77.1986083984375
2001-08-31,114.7699966430664,113.12999725341797,113.4000015258789,114.1500015258789,15985400,77.7640151977539
