Date,High,Low,Open,Close,Volume,Adj Close
2007-12-03,148.4499969482422,147.2899932861328,148.19000244140625,147.67999267578125,146430400.0,111.95122528076172
2007-12-04,147.5399932861328,146.30999755859375,146.66000366210938,146.36000061035156,136533900.0,110.95057678222656
2007-12-05,149.1999969482422,147.8300018310547,147.92999267578125,148.80999755859375,171130000.0,112.80789947509766
2007-12-06,151.2100067138672,148.57000732421875,148.6300048828125,150.94000244140625,154457400.0,114.42253112792969
2007-12-07,151.5,150.5500030517578,151.4199981689453,150.91000366210938,148980100.0,114.39981079101562
2007-12-10,152.25,150.86000061035156,151.27999877929688,152.0800018310547,123914300.0,115.28675079345703
2007-12-11,152.88999938964844,147.8300018310547,152.13999938964844,147.91000366210938,250346400.0,112.1256103515625
2007-12-12,151.77000427246094,147.1999969482422,151.05999755859375,149.3699951171875,322435600.0,113.23245239257812
2007-12-13,149.38999938964844,147.3000030517578,148.32000732421875,149.05999755859375,237551300.0,112.99739074707031
2007-12-14,149.10000610351562,147.10000610351562,147.92999267578125,147.1699981689453,159152900.0,111.56464385986328
2007-12-17,146.8699951171875,144.86000061035156,146.61000061035156,145.07000732421875,177269400.0,109.97271728515625
2007-12-18,146.47999572753906,143.9600067138672,146.10000610351562,145.8800048828125,245569300.0,110.58678436279297
2007-12-19,146.88999938964844,144.94000244140625,145.94000244140625,145.8800048828125,198917200.0,110.58678436279297
2007-12-20,146.86000061035156,145.17999267578125,146.83999633789062,146.8000030517578,214813800.0,111.2841796875
2007-12-21,148.4199981689453,147.08999633789062,147.3699951171875,148.1300048828125,146084400.0,112.88839721679688
2007-12-24,149.47999572753906,148.47999572753906,148.82000732421875,149.22999572753906,45601400.0,113.72667694091797
2007-12-26,149.67999267578125,148.5,148.64999389648438,149.5500030517578,67093100.0,113.97055053710938
2007-12-27,149.02999877929688,147.32000732421875,149.02000427246094,147.6699981689453,122981700.0,112.53782653808594
2007-12-28,148.61000061035156,146.89999389648438,148.5399932861328,147.3000030517578,116398100.0,112.25584411621094
2007-12-31,147.61000061035156,146.05999755859375,147.10000610351562,146.2100067138672,108126800.0,111.42516326904297
