Date,High,Low,Open,Close,Volume,Adj Close
2014-02-03,178.3699951171875,173.8300018310547,177.97000122070312,174.1699981689453,254837100,150.97877502441406
2014-02-04,175.83999633789062,174.11000061035156,174.9499969482422,175.38999938964844,165012400,152.03631591796875
2014-02-05,175.55999755859375,173.7100067138672,174.77999877929688,175.1699981689453,164230500,151.84561157226562
2014-02-06,177.47999572753906,175.22000122070312,175.5800018310547,177.47999572753906,132877600,153.84800720214844
2014-02-07,179.8699951171875,177.72999572753906,178.30999755859375,179.67999267578125,170787200,155.75502014160156
2014-02-10,180.07000732421875,179.2100067138672,179.6999969482422,180.00999450683594,92218800,156.04115295410156
2014-02-11,182.44000244140625,180.0399932861328,180.16000366210938,181.97999572753906,117814100,157.74888610839844
2014-02-12,182.8300018310547,181.7100067138672,182.25,182.07000732421875,94717700,157.8268585205078
2014-02-13,183.1999969482422,180.8300018310547,180.83999633789062,183.00999450683594,100542200,158.64170837402344
2014-02-14,184.36000061035156,182.6699981689453,182.83999633789062,184.02000427246094,96498400,159.51719665527344
2014-02-18,184.49000549316406,183.64999389648438,184.17999267578125,184.24000549316406,80460900,159.7078857421875
2014-02-19,184.9499969482422,182.8699951171875,183.75999450683594,183.02000427246094,126524300,158.65037536621094
2014-02-20,184.52000427246094,182.60000610351562,183.27000427246094,184.10000610351562,104998100,159.5865936279297
2014-02-21,184.88999938964844,183.8000030517578,184.4499969482422,183.88999938964844,118116400,159.40447998046875
2014-02-24,186.14999389648438,184.1999969482422,184.27999877929688,184.91000366210938,114063900,160.28866577148438
2014-02-25,185.58999633789062,184.22999572753906,185.05999755859375,184.83999633789062,117085000,160.22796630859375
2014-02-26,185.60000610351562,184.3300018310547,185.11000061035156,184.85000610351562,98677200,160.2366943359375
2014-02-27,185.8699951171875,184.3699951171875,184.5800018310547,185.82000732421875,93880800,161.0775146484375
2014-02-28,187.14999389648438,185.0500030517578,185.7899932861328,186.2899932861328,150842000,161.4849395751953
