Date,High,Low,Open,Close,Volume,Adj Close
2000-08-01,144.71875,143.125,143.625,143.875,3946600,96.9319839477539
2000-08-02,145.40625,143.625,143.875,144.59375,7439800,97.41620635986328
2000-08-03,145.8125,142.625,142.875,145.59375,4607100,98.08993530273438
2000-08-04,146.71875,145.40625,146.3125,146.375,3686600,98.61630249023438
2000-08-07,148.4375,146.375,146.71875,148.125,4159800,99.79531860351562
2000-08-08,148.8125,147.5,147.5,148.6875,3658700,100.17424011230469
2000-08-09,149.21875,147.375,149.140625,147.4375,5383800,99.3321304321289
2000-08-10,147.859375,146.28125,147.53125,146.71875,4193400,98.84788513183594
2000-08-11,148.0,145.5625,146.625,147.40625,5089400,99.31105041503906
2000-08-14,149.5625,147.0625,147.78125,149.28125,2966700,100.57429504394531
2000-08-15,149.8125,148.5625,149.34375,149.15625,5564600,100.49006652832031
2000-08-16,149.9375,147.84375,149.3125,148.625,5191600,100.13211822509766
2000-08-17,150.4375,148.34375,148.6875,150.1875,5652200,101.184814453125
2000-08-18,150.375,149.21875,150.375,149.6875,4626400,100.84799194335938
2000-08-21,150.71875,149.40625,150.03125,150.5,2380600,101.39537811279297
2000-08-22,151.3125,150.09375,150.5625,150.25,3075300,101.22696685791016
2000-08-23,151.28125,149.28125,149.8125,150.84375,5483200,101.62699890136719
2000-08-24,151.5,150.5,151.15625,151.3125,4529000,101.94279479980469
2000-08-25,151.625,150.9375,151.15625,151.25,2822200,101.90071105957031
2000-08-28,152.90625,151.25,151.25,151.765625,5518700,102.24809265136719
2000-08-29,151.875,150.90625,151.4375,151.796875,3561900,102.26918029785156
2000-08-30,151.5,150.34375,151.3125,150.34375,3964800,101.29014587402344
2000-08-31,153.09375,150.90625,151.0625,152.34375,4863100,102.6375732421875
