Date,High,Low,Open,Close,Volume,Adj Close
2016-09-01,217.72999572753906,216.02999877929688,217.3699951171875,217.38999938964844,97844200.0,198.12710571289062
2016-09-02,218.8699951171875,217.6999969482422,218.38999938964844,218.3699951171875,79293900.0,199.02027893066406
2016-09-06,219.1199951171875,217.86000061035156,218.6999969482422,219.02999877929688,56702100.0,199.62176513671875
2016-09-07,219.22000122070312,218.3000030517578,218.83999633789062,219.00999450683594,76554900.0,199.60354614257812
2016-09-08,218.94000244140625,218.14999389648438,218.6199951171875,218.50999450683594,74102900.0,199.1478271484375
2016-09-09,217.02999877929688,213.25,216.97000122070312,213.27999877929688,221589100.0,194.3813018798828
2016-09-12,216.80999755859375,212.30999755859375,212.38999938964844,216.33999633789062,168110900.0,197.1701202392578
2016-09-13,215.14999389648438,212.5,214.83999633789062,213.22999572753906,182828800.0,194.335693359375
2016-09-14,214.6999969482422,212.5,213.2899932861328,213.14999389648438,134185500.0,194.26278686523438
2016-09-15,215.72999572753906,212.75,212.9600067138672,215.27999877929688,134427900.0,196.20404052734375
2016-09-16,213.69000244140625,212.57000732421875,213.47999572753906,213.3699951171875,155236400.0,195.44561767578125
2016-09-19,214.8800048828125,213.02999877929688,214.1300048828125,213.41000366210938,80250500.0,195.48223876953125
2016-09-20,214.58999633789062,213.3800048828125,214.41000366210938,213.4199981689453,69665300.0,195.49143981933594
2016-09-21,216.02999877929688,213.44000244140625,214.24000549316406,215.82000732421875,110284400.0,197.6898193359375
2016-09-22,217.52999877929688,216.7100067138672,217.0,217.17999267578125,76678700.0,198.93553161621094
2016-09-23,216.8800048828125,215.8800048828125,216.72000122070312,215.99000549316406,73630900.0,197.8455047607422
2016-09-26,215.22999572753906,214.00999450683594,215.02000427246094,214.24000549316406,89827300.0,196.24252319335938
2016-09-27,215.67999267578125,213.6199951171875,214.0500030517578,215.57000732421875,78494800.0,197.4608154296875
2016-09-28,216.82000732421875,214.7100067138672,215.8300018310547,216.63999938964844,87411000.0,198.44090270996094
2016-09-29,216.8699951171875,214.0399932861328,216.39999389648438,214.67999267578125,128070600.0,196.6455535888672
2016-09-30,217.1199951171875,215.36000061035156,215.64999389648438,216.3000030517578,117202900.0,198.12948608398438
