Date,High,Low,Open,Close,Volume,Adj Close
2010-06-01,109.94999694824219,107.37000274658203,108.3499984741211,107.52999877929688,277909400.0,86.21627807617188
2010-06-02,110.33999633789062,107.51000213623047,108.08000183105469,110.33000183105469,240243700.0,88.46128845214844
2010-06-03,111.05999755859375,109.58000183105469,110.6500015258789,110.70999908447266,226618300.0,88.76599884033203
2010-06-04,109.33000183105469,106.45999908447266,108.61000061035156,106.81999969482422,398475600.0,85.64701080322266
2010-06-07,107.61000061035156,105.41000366210938,107.19999694824219,105.48999786376953,264609100.0,84.58065795898438
2010-06-08,106.83000183105469,104.6500015258789,105.56999969482422,106.62000274658203,357774300.0,85.4866714477539
2010-06-09,108.27999877929688,105.5999984741211,107.23999786376953,106.05000305175781,268023300.0,85.0296401977539
2010-06-10,109.27999877929688,106.04000091552734,107.86000061035156,109.1500015258789,317890600.0,87.51520538330078
2010-06-11,109.75,108.12000274658203,108.19000244140625,109.68000030517578,214128200.0,87.9401626586914
2010-06-14,111.12000274658203,109.4000015258789,110.5199966430664,109.51000213623047,207196100.0,87.8038558959961
2010-06-15,112.0999984741211,110.08999633789062,110.27999877929688,112.0,238268700.0,89.80027770996094
2010-06-16,112.41999816894531,111.19999694824219,111.41999816894531,111.95999908447266,216374000.0,89.76824951171875
2010-06-17,112.33000183105469,111.05000305175781,112.27999877929688,112.13999938964844,263185800.0,89.91253662109375
2010-06-18,112.12999725341797,111.37000274658203,111.83000183105469,111.7300033569336,174006600.0,90.0100326538086
2010-06-21,113.19999694824219,110.79000091552734,113.12000274658203,111.41000366210938,213140700.0,89.75224304199219
2010-06-22,111.9000015258789,109.41000366210938,111.41000366210938,109.56999969482422,239355400.0,88.2699203491211
2010-06-23,110.02999877929688,108.4800033569336,109.63999938964844,109.2300033569336,254639900.0,87.99601745605469
2010-06-24,108.83000183105469,107.13999938964844,108.69000244140625,107.41999816894531,268523600.0,86.53788757324219
2010-06-25,108.41999816894531,106.7699966430664,107.73999786376953,107.87000274658203,238726500.0,86.90039825439453
2010-06-28,108.31999969482422,107.13999938964844,108.02999877929688,107.52999877929688,169218600.0,86.62646484375
2010-06-29,107.51000213623047,103.55000305175781,106.0199966430664,104.20999908447266,373649500.0,83.9518814086914
2010-06-30,104.87999725341797,102.87999725341797,103.91999816894531,103.22000122070312,284101700.0,83.15433502197266
