Date,High,Low,Open,Close,Volume,Adj Close
2001-01-02,132.15625,127.5625,132.0,128.8125,8737500,87.26891326904297
2001-01-03,136.0,127.65625,128.3125,135.0,19431600,91.46086120605469
2001-01-04,135.46875,133.0,134.9375,133.546875,9219000,90.47639465332031
2001-01-05,133.625,129.1875,133.46875,129.1875,12911400,87.52295684814453
2001-01-08,130.1875,127.6875,129.875,130.1875,6625300,88.200439453125
2001-01-09,131.5,129.421875,131.046875,129.84375,5702400,87.9675521850586
2001-01-10,132.125,128.8125,129.0,132.125,8746100,89.51307678222656
2001-01-11,133.484375,131.09375,131.09375,132.25,7245100,89.5977554321289
2001-01-12,133.71875,131.28125,132.6875,132.0,7244000,89.4283676147461
2001-01-16,133.1875,131.515625,132.0,132.84375,8542200,90.00000762939453
2001-01-17,135.046875,132.640625,134.84375,133.453125,7851400,90.41289520263672
2001-01-18,135.703125,132.9375,133.4375,134.78125,8107000,91.31265258789062
2001-01-19,136.1875,133.875,136.1875,134.015625,7782500,90.79396057128906
2001-01-22,135.78125,133.5625,134.25,134.90625,7050900,91.3973388671875
2001-01-23,136.65625,134.15625,134.46875,135.96875,8463100,92.1171646118164
2001-01-24,137.3125,135.84375,136.25,136.375,6199900,92.39237976074219
2001-01-25,137.25,135.65625,136.25,136.03125,10818300,92.15950012207031
2001-01-26,136.125,134.453125,135.15625,135.875,7136800,92.05364990234375
2001-01-29,136.89999389648438,135.3699951171875,135.5,136.60000610351562,6705900,92.54483032226562
2001-01-30,137.9199981689453,135.7899932861328,136.3000030517578,137.8000030517578,7069100,93.35786437988281
2001-01-31,138.6999969482422,136.60000610351562,137.39999389648438,137.02000427246094,9706900,92.82933807373047
