Date,High,Low,Open,Close,Volume,Adj Close
2003-01-02,91.30000305175781,88.54000091552734,88.8499984741211,91.06999969482422,44516300,63.478538513183594
2003-01-03,91.37999725341797,90.5,90.91000366210938,91.3499984741211,32222600,63.673709869384766
2003-01-06,93.48999786376953,91.16999816894531,91.23999786376953,92.95999908447266,40984500,64.79594421386719
2003-01-07,93.37000274658203,92.19999694824219,92.9000015258789,92.7300033569336,38640400,64.63560485839844
2003-01-08,92.4000015258789,91.05000305175781,92.19999694824219,91.38999938964844,38702200,63.70162582397461
2003-01-09,93.18000030517578,91.41000366210938,91.81999969482422,92.80999755859375,34804900,64.69137573242188
2003-01-10,93.63999938964844,91.80000305175781,91.94999694824219,93.05999755859375,37768900,64.86563110351562
2003-01-13,93.86000061035156,92.44000244140625,93.54000091552734,93.02999877929688,31649900,64.84471893310547
2003-01-14,93.83000183105469,92.41000366210938,92.69000244140625,93.33000183105469,30733000,65.05380249023438
2003-01-15,93.56999969482422,91.91000366210938,93.54000091552734,92.4000015258789,33511800,64.40560150146484
2003-01-16,92.93000030517578,91.44999694824219,92.5,92.0199966430664,44812100,64.14073944091797
2003-01-17,92.30000305175781,90.1500015258789,90.98999786376953,90.66000366210938,35618300,63.19276428222656
2003-01-21,90.91999816894531,88.94999694824219,90.87000274658203,89.25,36826200,62.20994186401367
2003-01-22,89.80000305175781,88.0,88.7699966430664,88.16999816894531,42286500,61.457149505615234
2003-01-23,89.37999725341797,87.94999694824219,88.75,88.70999908447266,55919800,61.83356857299805
2003-01-24,88.68000030517578,86.16999816894531,88.58999633789062,86.37999725341797,68633900,60.209449768066406
2003-01-27,86.80000305175781,84.5,85.7300033569336,85.19999694824219,57884400,59.38694763183594
2003-01-28,86.4000015258789,85.12999725341797,85.62999725341797,85.83000183105469,46929100,59.82612228393555
2003-01-29,87.18000030517578,84.7699966430664,85.41999816894531,86.4800033569336,53712200,60.27916717529297
2003-01-30,86.87999725341797,84.4000015258789,86.79000091552734,84.43000030517578,49845900,58.850284576416016
2003-01-31,86.20999908447266,84.1500015258789,84.1500015258789,86.05999755859375,55317000,59.98643112182617
