Date,High,Low,Open,Close,Volume,Adj Close
2004-11-01,113.83999633789062,113.19999694824219,113.55999755859375,113.51000213623047,36720900.0,81.32362365722656
2004-11-02,114.56999969482422,113.22000122070312,113.66999816894531,113.55000305175781,56210000.0,81.35227966308594
2004-11-03,115.36000061035156,114.23999786376953,115.02999877929688,114.9800033569336,76960200.0,82.3768081665039
2004-11-04,116.66999816894531,114.68000030517578,114.77999877929688,116.55000305175781,55350300.0,83.50164031982422
2004-11-05,117.63999938964844,116.48999786376953,117.05000305175781,117.27999877929688,63287200.0,84.02462768554688
2004-11-08,117.2300033569336,116.72000122070312,116.9800033569336,117.11000061035156,33863800.0,83.90283203125
2004-11-09,117.5,116.76000213623047,117.08000183105469,116.87999725341797,44658100.0,83.73805236816406
2004-11-10,117.55000305175781,116.76000213623047,117.05999755859375,116.97000122070312,45265400.0,83.8025131225586
2004-11-11,118.12000274658203,117.0999984741211,117.18000030517578,117.86000061035156,37863200.0,84.4401626586914
2004-11-12,119.0,117.68000030517578,117.97000122070312,118.79000091552734,55583700.0,85.10645294189453
2004-11-15,118.7699966430664,118.2300033569336,118.5,118.7300033569336,35297900.0,85.3155517578125
2004-11-16,118.41000366210938,117.7300033569336,118.36000061035156,117.87999725341797,40028700.0,84.7048110961914
2004-11-17,119.13999938964844,118.06999969482422,118.37000274658203,118.58000183105469,54494000.0,85.20775604248047
2004-11-18,118.80000305175781,118.2300033569336,118.52999877929688,118.73999786376953,31854300.0,85.32276153564453
2004-11-19,118.72000122070312,117.13999938964844,118.69999694824219,117.41999816894531,54276500.0,84.37425231933594
2004-11-22,118.12000274658203,117.02999877929688,117.16999816894531,117.9800033569336,37560200.0,84.7766342163086
2004-11-23,118.26000213623047,117.37000274658203,117.93000030517578,118.16000366210938,41968800.0,84.90597534179688
2004-11-24,118.58999633789062,118.05000305175781,118.2699966430664,118.44000244140625,29724800.0,85.10718536376953
2004-11-26,118.9800033569336,118.30000305175781,118.51000213623047,118.3499984741211,15487700.0,85.04251861572266
2004-11-29,119.01000213623047,117.4800033569336,118.79000091552734,117.80999755859375,61460800.0,84.65446472167969
2004-11-30,118.23999786376953,117.63999938964844,118.0,117.88999938964844,53685200.0,84.71195220947266
