Date,High,Low,Open,Close,Volume,Adj Close
2005-07-01,119.80000305175781,119.20999908447266,119.44999694824219,119.52999877929688,49737500,86.9847640991211
2005-07-05,120.6500015258789,119.19000244140625,119.25,120.48999786376953,51549000,87.68338775634766
2005-07-06,120.6500015258789,119.41000366210938,120.38999938964844,119.4800033569336,52363600,86.94837951660156
2005-07-07,119.94999694824219,118.26000213623047,118.29000091552734,119.94999694824219,103268800,87.2904052734375
2005-07-08,121.31999969482422,119.72000122070312,119.97000122070312,121.31999969482422,64491200,88.28739166259766
2005-07-11,122.0999984741211,121.30999755859375,121.33000183105469,121.94000244140625,49688300,88.73859405517578
2005-07-12,122.62999725341797,121.63999938964844,121.98999786376953,122.26000213623047,51871100,88.97146606445312
2005-07-13,122.5199966430664,121.98999786376953,122.2699966430664,122.43000030517578,41182300,89.09518432617188
2005-07-14,123.44000244140625,122.48999786376953,122.9800033569336,122.91000366210938,63638800,89.44445037841797
2005-07-15,123.04000091552734,122.36000061035156,122.79000091552734,122.83999633789062,56075900,89.39351654052734
2005-07-18,122.62999725341797,122.05000305175781,122.5,122.3499984741211,56598400,89.03694152832031
2005-07-19,123.11000061035156,122.41000366210938,122.70999908447266,123.0199966430664,59165700,89.5245132446289
2005-07-20,123.7300033569336,122.30000305175781,122.58999633789062,123.44000244140625,69477000,89.83019256591797
2005-07-21,123.61000061035156,122.47000122070312,123.55000305175781,122.72000122070312,101110900,89.30620574951172
2005-07-22,123.55999755859375,122.62999725341797,122.87999725341797,123.54000091552734,52607100,89.90290832519531
2005-07-25,123.94999694824219,122.8499984741211,123.41000366210938,123.19000244140625,57301600,89.64826202392578
2005-07-26,123.52999877929688,122.94999694824219,123.2300033569336,123.33999633789062,42758800,89.75738525390625
2005-07-27,123.88999938964844,123.05000305175781,123.5,123.79000091552734,43181600,90.08488464355469
2005-07-28,124.63999938964844,123.63999938964844,123.95999908447266,124.56999969482422,47880700,90.65248107910156
2005-07-29,124.62999725341797,123.5,124.41000366210938,123.73999786376953,62358100,90.04846954345703
