Date,High,Low,Open,Close,Volume,Adj Close
2006-06-01,128.94000244140625,127.2699966430664,127.37999725341797,128.72999572753906,73721700.0,94.9533920288086
2006-06-02,129.42999267578125,128.32000732421875,129.25,129.0,91702600.0,95.15254974365234
2006-06-05,128.86000061035156,126.7699966430664,128.85000610351562,127.12000274658203,86105100.0,93.7658462524414
2006-06-06,127.37999725341797,125.76000213623047,127.20999908447266,126.80999755859375,130498600.0,93.53716278076172
2006-06-07,127.6500015258789,125.79000091552734,126.91000366210938,125.86000061035156,108599400.0,92.83645629882812
2006-06-08,126.5,123.87000274658203,125.58000183105469,125.75,204957200.0,92.75531768798828
2006-06-09,126.95999908447266,125.29000091552734,126.36000061035156,125.3499984741211,94972200.0,92.46025085449219
2006-06-12,125.93000030517578,123.81999969482422,125.87999725341797,123.98999786376953,95815900.0,91.45710754394531
2006-06-13,124.83999633789062,122.55000305175781,123.73999786376953,122.55000305175781,185688800.0,90.39495086669922
2006-06-14,123.62999725341797,122.33999633789062,122.83999633789062,123.5,163566400.0,91.09565734863281
2006-06-15,126.36000061035156,123.86000061035156,123.94999694824219,126.12000274658203,134057000.0,93.02823638916016
2006-06-16,125.55999755859375,124.45999908447266,125.29000091552734,124.6500015258789,94253500.0,92.35034942626953
2006-06-19,125.4800033569336,123.55000305175781,125.4000015258789,123.66999816894531,95804400.0,91.624267578125
2006-06-20,124.80999755859375,123.72000122070312,124.01000213623047,124.08999633789062,65494700.0,91.9354248046875
2006-06-21,125.69999694824219,123.95999908447266,124.0,125.01000213623047,75008200.0,92.61705780029297
2006-06-22,125.05999755859375,124.04000091552734,124.94999694824219,124.45999908447266,74566100.0,92.20953369140625
2006-06-23,125.30000305175781,124.02999877929688,124.33000183105469,124.44000244140625,54107000.0,92.1947250366211
2006-06-26,125.05999755859375,124.25,124.54000091552734,124.98999786376953,37899600.0,92.60222625732422
2006-06-27,125.29000091552734,123.7699966430664,125.01000213623047,123.91000366210938,69780200.0,91.80205535888672
2006-06-28,124.7699966430664,123.6500015258789,124.19000244140625,124.75,62368100.0,92.42440032958984
2006-06-29,127.3499984741211,125.16999816894531,125.19999694824219,127.2699966430664,110634800.0,94.29139709472656
2006-06-30,127.66000366210938,126.95999908447266,127.54000091552734,127.27999877929688,54227800.0,94.29882049560547
