Date,High,Low,Open,Close,Volume,Adj Close
2011-04-01,133.77000427246094,132.8300018310547,133.41000366210938,133.14999389648438,153850100,108.87834930419922
2011-04-04,133.6699981689453,132.8800048828125,133.42999267578125,133.25999450683594,100768900,108.96830749511719
2011-04-05,133.8300018310547,132.94000244140625,133.0,133.24000549316406,120791500,108.95195770263672
2011-04-06,134.0,133.1199951171875,133.8800048828125,133.66000366210938,120411600,109.29541778564453
2011-04-07,133.97999572753906,132.66000366210938,133.4199981689453,133.32000732421875,170731500,109.01738739013672
2011-04-08,133.99000549316406,132.30999755859375,133.91000366210938,132.86000061035156,147945400,108.6412353515625
2011-04-11,133.4499969482422,132.13999938964844,133.0,132.4600067138672,121385400,108.31416320800781
2011-04-12,131.97999572753906,130.99000549316406,131.72000122070312,131.47000122070312,161187400,107.5046157836914
2011-04-13,132.17999267578125,130.9600067138672,132.0800018310547,131.4600067138672,162059000,107.49642181396484
2011-04-14,131.75999450683594,130.27000427246094,130.6999969482422,131.55999755859375,161220400,107.5782241821289
2011-04-15,132.3699951171875,131.41000366210938,131.8000030517578,132.0399932861328,170006700,107.97071838378906
2011-04-18,132.02999877929688,129.50999450683594,130.58999633789062,130.55999755859375,210759300,106.760498046875
2011-04-19,131.35000610351562,130.44000244140625,130.75999450683594,131.30999755859375,124258800,107.37381744384766
2011-04-20,133.38999938964844,132.7899932861328,132.8800048828125,133.10000610351562,156133800,108.83749389648438
2011-04-21,133.83999633789062,133.10000610351562,133.7899932861328,133.77999877929688,135935400,109.39354705810547
2011-04-25,133.86000061035156,133.1999969482422,133.67999267578125,133.63999938964844,65757100,109.2790298461914
2011-04-26,135.05999755859375,133.91000366210938,134.0500030517578,134.7899932861328,146600000,110.21939849853516
2011-04-27,135.8699951171875,134.5,135.0500030517578,135.6699981689453,143031000,110.93901062011719
2011-04-28,136.2899932861328,135.41000366210938,135.42999267578125,136.11000061035156,124791100,111.29875183105469
2011-04-29,136.57000732421875,135.97999572753906,136.16000366210938,136.42999267578125,115094100,111.56045532226562
