Date,High,Low,Open,Close,Volume,Adj Close
2009-09-01,103.23999786376953,99.98999786376953,101.94999694824219,100.19999694824219,321276800.0,79.20397186279297
2009-09-02,100.44000244140625,99.56999969482422,99.77999877929688,99.81999969482422,171805000.0,78.90361022949219
2009-09-03,100.7699966430664,99.58999633789062,100.4000015258789,100.6500015258789,143572300.0,79.55970001220703
2009-09-04,102.08999633789062,100.55000305175781,100.8499984741211,102.05999755859375,142687900.0,80.67425537109375
2009-09-08,103.05000305175781,102.38999938964844,103.0,102.94000244140625,132909100.0,81.3698501586914
2009-09-09,104.08000183105469,102.80000305175781,103.12000274658203,103.7300033569336,154612500.0,81.99431610107422
2009-09-10,104.86000061035156,103.22000122070312,103.80000305175781,104.79000091552734,162902400.0,82.83219146728516
2009-09-11,105.30000305175781,104.27999877929688,104.98999786376953,104.7699966430664,152360100.0,82.81637573242188
2009-09-14,105.45999908447266,103.1500015258789,103.87999725341797,105.27999877929688,149593800.0,83.21952056884766
2009-09-15,106.11000061035156,104.76000213623047,105.44999694824219,105.72000122070312,196795900.0,83.56732177734375
2009-09-16,107.33999633789062,105.7300033569336,106.0999984741211,107.31999969482422,206406300.0,84.83208465576172
2009-09-17,108.05999755859375,106.56999969482422,107.16999816894531,107.16000366210938,229170900.0,84.70560455322266
2009-09-18,107.16000366210938,106.36000061035156,107.1500015258789,106.72000122070312,153799100.0,84.75956726074219
2009-09-21,107.0,105.66000366210938,105.88999938964844,106.44999694824219,151892000.0,84.54513549804688
2009-09-22,107.37000274658203,106.5999984741211,107.08000183105469,107.06999969482422,143126700.0,85.03758239746094
2009-09-23,108.02999877929688,105.98999786376953,107.31999969482422,106.18000030517578,225947400.0,84.33072662353516
2009-09-24,106.63999938964844,104.55000305175781,106.41000366210938,105.01000213623047,228636800.0,83.4014663696289
2009-09-25,105.36000061035156,104.08999633789062,104.77999877929688,104.44999694824219,204059000.0,82.95671081542969
2009-09-28,106.55000305175781,104.83000183105469,104.8499984741211,106.31999969482422,118285800.0,84.44194793701172
2009-09-29,107.0199966430664,105.77999877929688,106.51000213623047,106.0,133733900.0,84.1877670288086
2009-09-30,106.45999908447266,104.62000274658203,106.36000061035156,105.58999633789062,254383000.0,83.86215209960938
