Date,High,Low,Open,Close,Volume,Adj Close
2018-12-03,280.3999938964844,277.510009765625,280.2799987792969,279.29998779296875,103176300.0,265.7792663574219
2018-12-04,278.8500061035156,269.8999938964844,278.3699951171875,270.25,177986000.0,257.16741943359375
2018-12-06,269.9700012207031,262.44000244140625,265.9200134277344,269.8399963378906,204185400.0,256.7772521972656
2018-12-07,271.2200012207031,262.6300048828125,269.4599914550781,263.57000732421875,161018900.0,250.81076049804688
2018-12-10,265.1600036621094,258.6199951171875,263.3699951171875,264.07000732421875,151445900.0,251.28659057617188
2018-12-11,267.8699951171875,262.4800109863281,267.6600036621094,264.1300048828125,121504400.0,251.3437042236328
2018-12-12,269.0,265.3699951171875,267.4700012207031,265.4599914550781,97976700.0,252.60928344726562
2018-12-13,267.489990234375,264.1199951171875,266.5199890136719,265.3699951171875,96662700.0,252.523681640625
2018-12-14,264.0299987792969,259.8500061035156,262.9599914550781,260.4700012207031,116961100.0,247.86087036132812
2018-12-17,260.6499938964844,253.52999877929688,259.3999938964844,255.36000061035156,165492300.0,242.99827575683594
2018-12-18,257.95001220703125,253.27999877929688,257.20001220703125,255.0800018310547,134515100.0,242.73179626464844
2018-12-19,259.3999938964844,249.35000610351562,255.1699981689453,251.25999450683594,214992800.0,239.09671020507812
2018-12-20,251.6199951171875,244.64999389648438,249.86000061035156,247.1699981689453,252053400.0,235.2047119140625
2018-12-21,249.7100067138672,239.97999572753906,246.74000549316406,240.6999969482422,255345600.0,230.38548278808594
2018-12-24,240.83999633789062,234.27000427246094,239.0399932861328,234.33999633789062,147311600.0,224.2980194091797
2018-12-26,246.17999267578125,233.75999450683594,235.97000122070312,246.17999267578125,218485400.0,235.63064575195312
2018-12-27,248.2899932861328,238.9600067138672,242.57000732421875,248.07000732421875,186267300.0,237.43966674804688
2018-12-28,251.39999389648438,246.4499969482422,249.5800018310547,247.75,153100200.0,237.1333465576172
2018-12-31,250.19000244140625,247.47000122070312,249.55999755859375,249.9199981689453,144299400.0,239.2103729248047
