Date,High,Low,Open,Close,Volume,Adj Close
2010-01-04,113.38999938964844,111.51000213623047,112.37000274658203,113.33000183105469,118944600,90.4939956665039
2010-01-05,113.68000030517578,112.8499984741211,113.26000213623047,113.62999725341797,111579900,90.73357391357422
2010-01-06,113.98999786376953,113.43000030517578,113.5199966430664,113.70999908447266,116074400,90.79745483398438
2010-01-07,114.33000183105469,113.18000030517578,113.5,114.19000244140625,131091100,91.18072509765625
2010-01-08,114.62000274658203,113.66000366210938,113.88999938964844,114.56999969482422,126402800,91.484130859375
2010-01-11,115.12999725341797,114.23999786376953,115.08000183105469,114.7300033569336,106375700,91.61193084716797
2010-01-12,114.20999908447266,113.22000122070312,113.97000122070312,113.66000366210938,163333500,90.75751495361328
2010-01-13,114.94000244140625,113.37000274658203,113.94999694824219,114.62000274658203,161822000,91.5240707397461
2010-01-14,115.13999938964844,114.41999816894531,114.48999786376953,114.93000030517578,115718800,91.77159118652344
2010-01-15,114.83999633789062,113.19999694824219,114.7300033569336,113.63999938964844,212283100,90.74156188964844
2010-01-19,115.12999725341797,113.58999633789062,113.62000274658203,115.05999755859375,139172700,91.87539672851562
2010-01-20,114.44999694824219,112.9800033569336,114.27999877929688,113.88999938964844,216490200,90.9411849975586
2010-01-21,114.2699966430664,111.55999755859375,113.91999816894531,111.69999694824219,344859600,89.19245910644531
2010-01-22,111.73999786376953,109.08999633789062,111.19999694824219,109.20999908447266,345942400,87.2042007446289
2010-01-25,110.41000366210938,109.41000366210938,110.20999908447266,109.7699966430664,186937500,87.65133666992188
2010-01-26,110.47000122070312,109.04000091552734,109.33999633789062,109.30999755859375,211168800,87.28402709960938
2010-01-27,110.08000183105469,108.33000183105469,109.16999816894531,109.83000183105469,271863600,87.69925689697266
2010-01-28,110.25,107.91000366210938,110.19000244140625,108.56999969482422,316104000,86.69317626953125
2010-01-29,109.80000305175781,107.22000122070312,109.04000091552734,107.38999938964844,310677600,85.75089263916016
