Date,High,Low,Open,Close,Volume,Adj Close
2011-08-01,130.9600067138672,127.52999877929688,130.83999633789062,128.77999877929688,325790900,105.8270263671875
2011-08-02,128.5,125.48999786376953,127.80999755859375,125.48999786376953,346653800,103.1234130859375
2011-08-03,126.30999755859375,123.52999877929688,125.66000366210938,126.16999816894531,370830800,103.68222045898438
2011-08-04,124.62000274658203,120.05999755859375,124.41999816894531,120.26000213623047,520721800,98.82557678222656
2011-08-05,122.06999969482422,116.86000061035156,121.76000213623047,120.08000183105469,655619200,98.67767333984375
2011-08-08,120.12000274658203,112.0199966430664,116.91000366210938,112.26000213623047,702263900,92.2514419555664
2011-08-09,117.63999938964844,110.2699966430664,114.06999969482422,117.4800033569336,717828700,96.54108428955078
2011-08-10,116.27999877929688,111.94999694824219,115.26000213623047,112.29000091552734,662607400,92.276123046875
2011-08-11,118.91999816894531,112.31999969482422,113.26000213623047,117.33000183105469,487979700,96.41780853271484
2011-08-12,119.20999908447266,117.27999877929688,118.4000015258789,118.12000274658203,313731600,97.06704711914062
2011-08-15,120.73999786376953,119.0,119.19000244140625,120.62000274658203,258810600,99.12141418457031
2011-08-16,120.69000244140625,118.30999755859375,119.47000122070312,119.58999633789062,294095200,98.2750244140625
2011-08-17,121.19999694824219,118.72000122070312,120.25,119.66999816894531,238201100,98.34075164794922
2011-08-18,119.70999908447266,113.38999938964844,116.5,114.51000213623047,512956300,94.1004409790039
2011-08-19,115.87999725341797,112.5,112.95999908447266,112.63999938964844,428281300,92.563720703125
2011-08-22,115.2300033569336,112.41000366210938,115.16999816894531,112.7300033569336,275090600,92.63771057128906
2011-08-23,116.56999969482422,112.58000183105469,113.1500015258789,116.44000244140625,331136600,95.68645477294922
2011-08-24,118.23999786376953,115.91999816894531,116.19000244140625,118.08000183105469,246869700,97.03414154052734
2011-08-25,119.4000015258789,115.87000274658203,118.7300033569336,116.27999877929688,312365400,95.55494689941406
2011-08-26,118.51000213623047,113.8499984741211,115.69000244140625,117.97000122070312,314495900,96.94376373291016
2011-08-29,121.43000030517578,118.05999755859375,119.55999755859375,121.36000061035156,190977200,99.72952270507812
2011-08-30,122.43000030517578,119.26000213623047,120.83000183105469,121.68000030517578,241315700,99.99250793457031
2011-08-31,123.51000213623047,121.30000305175781,122.45999908447266,122.22000122070312,301828400,100.4362564086914
