Date,High,Low,Open,Close,Volume,Adj Close
2014-11-03,202.4499969482422,201.30999755859375,201.9199981689453,201.77000427246094,93600000,177.3425750732422
2014-11-04,201.60000610351562,200.05999755859375,201.22999572753906,201.07000732421875,93343000,176.7273712158203
2014-11-05,202.58999633789062,201.4499969482422,202.5399932861328,202.33999633789062,91709000,177.84361267089844
2014-11-06,203.25999450683594,201.63999938964844,202.38999938964844,203.14999389648438,107089000,178.5554962158203
2014-11-07,203.60000610351562,202.61000061035156,203.1699981689453,203.33999633789062,89540000,178.72250366210938
2014-11-10,204.0399932861328,203.1300048828125,203.3800048828125,203.97999572753906,66319000,179.28500366210938
2014-11-11,204.30999755859375,203.64999389648438,204.05999755859375,204.17999267578125,54499400,179.4608154296875
2014-11-12,204.24000549316406,203.30999755859375,203.35000610351562,203.9600067138672,90120300,179.26747131347656
2014-11-13,204.8300018310547,203.2100067138672,204.16000366210938,204.19000244140625,85357900,179.46958923339844
2014-11-14,204.49000549316406,203.72000122070312,204.10000610351562,204.24000549316406,80417500,179.5135498046875
2014-11-17,204.5800018310547,203.64999389648438,203.85000610351562,204.3699951171875,80441000,179.6278076171875
2014-11-18,205.9199981689453,204.44000244140625,204.44000244140625,205.5500030517578,76068100,180.66493225097656
2014-11-19,205.5500030517578,204.3000030517578,205.30999755859375,205.22000122070312,82373000,180.3749237060547
2014-11-20,205.7100067138672,204.17999267578125,204.25999450683594,205.5800018310547,72840300,180.69129943847656
2014-11-21,207.83999633789062,205.97999572753906,207.63999938964844,206.67999267578125,142327300,181.6581268310547
2014-11-24,207.38999938964844,206.91000366210938,207.1699981689453,207.25999450683594,65880800,182.16790771484375
2014-11-25,207.7899932861328,206.8000030517578,207.5399932861328,207.11000061035156,79108300,182.03602600097656
2014-11-26,207.75999450683594,207.02999877929688,207.2899932861328,207.63999938964844,62167800,182.50192260742188
2014-11-28,207.8699951171875,206.91000366210938,207.49000549316406,207.1999969482422,57890100,182.11520385742188
