Date,High,Low,Open,Close,Volume,Adj Close
2012-10-01,145.69000244140625,144.00999450683594,144.52000427246094,144.35000610351562,135911200,121.78884887695312
2012-10-02,145.14999389648438,143.8300018310547,144.9199981689453,144.5,113422200,121.91537475585938
2012-10-03,145.42999267578125,144.1300048828125,144.88999938964844,145.08999633789062,121283100,122.4131851196289
2012-10-04,146.33999633789062,145.44000244140625,145.63999938964844,146.1300048828125,124311600,123.2906265258789
2012-10-05,147.16000366210938,145.6999969482422,146.91000366210938,146.13999938964844,124842100,123.299072265625
2012-10-08,146.1199951171875,145.30999755859375,145.60000610351562,145.63999938964844,78415400,122.87725830078125
2012-10-09,145.64999389648438,144.14999389648438,145.52999877929688,144.1999969482422,148872900,121.66230010986328
2012-10-10,144.32000732421875,143.08999633789062,144.17999267578125,143.27999877929688,124247500,120.88606262207031
2012-10-11,144.49000549316406,143.3300018310547,144.27999877929688,143.36000061035156,123601500,120.95356750488281
2012-10-12,143.9499969482422,142.5800018310547,143.4600067138672,142.88999938964844,124181900,120.5570297241211
2012-10-15,144.22999572753906,142.77000427246094,143.22999572753906,144.0800018310547,107689100,121.56102752685547
2012-10-16,145.63999938964844,144.66000366210938,144.75999450683594,145.5399932861328,108815500,122.7928237915039
2012-10-17,146.32000732421875,145.4199981689453,145.63999938964844,146.1999969482422,128834100,123.3497085571289
2012-10-18,146.52000427246094,145.3300018310547,145.82000732421875,145.82000732421875,148108500,123.02909088134766
2012-10-19,145.55999755859375,143.0500030517578,145.5500030517578,143.38999938964844,185645200,120.97883605957031
2012-10-22,143.6699981689453,142.27999877929688,143.14999389648438,143.41000366210938,125578600,120.99578094482422
2012-10-23,142.05999755859375,140.8300018310547,141.86000061035156,141.4199981689453,192056300,119.3167953491211
2012-10-24,142.10000610351562,140.8000030517578,141.92999267578125,141.02000427246094,120179400,118.9792709350586
2012-10-25,142.27999877929688,140.57000732421875,142.02000427246094,141.42999267578125,134457400,119.32523345947266
2012-10-26,141.83999633789062,140.38999938964844,141.3000030517578,141.35000610351562,146023500,119.25770568847656
2012-10-31,142.02999877929688,140.67999267578125,141.85000610351562,141.35000610351562,103438500,119.25770568847656
