Date,High,Low,Open,Close,Volume,Adj Close
2014-06-02,192.99000549316406,191.97000122070312,192.9499969482422,192.89999389648438,64656000.0,167.95278930664062
2014-06-03,192.89999389648438,192.25,192.42999267578125,192.8000030517578,65047000.0,167.86572265625
2014-06-04,193.3000030517578,192.27000427246094,192.47000122070312,193.19000244140625,55529000.0,168.2052764892578
2014-06-05,194.64999389648438,192.6999969482422,193.41000366210938,194.4499969482422,92103000.0,169.30233764648438
2014-06-06,195.42999267578125,194.77999877929688,194.8699951171875,195.3800048828125,78696000.0,170.11204528808594
2014-06-09,196.0500030517578,195.1699981689453,195.35000610351562,195.5800018310547,65119000.0,170.28622436523438
2014-06-10,195.63999938964844,194.9199981689453,195.33999633789062,195.60000610351562,57129000.0,170.30364990234375
2014-06-11,195.1199951171875,194.47999572753906,194.89999389648438,194.9199981689453,68772000.0,169.71157836914062
2014-06-12,194.8000030517578,193.11000061035156,194.69000244140625,193.5399932861328,106350000.0,168.510009765625
2014-06-13,194.32000732421875,193.3000030517578,193.9199981689453,194.1300048828125,82017000.0,169.02371215820312
2014-06-16,194.6999969482422,193.66000366210938,193.88999938964844,194.2899932861328,87424000.0,169.1630096435547
2014-06-17,194.97000122070312,193.80999755859375,194.02000427246094,194.8300018310547,84834000.0,169.63323974609375
2014-06-18,196.3699951171875,194.39999389648438,194.8300018310547,196.25999450683594,105267000.0,170.87826538085938
2014-06-19,196.60000610351562,195.8000030517578,196.42999267578125,196.47999572753906,85929000.0,171.06979370117188
2014-06-20,196.10000610351562,195.6999969482422,196.02999877929688,195.94000244140625,100587000.0,171.41714477539062
2014-06-23,196.0500030517578,195.52000427246094,195.99000549316406,195.8800048828125,70611000.0,171.36463928222656
2014-06-24,196.5,194.47999572753906,195.52999877929688,194.6999969482422,96237000.0,170.33229064941406
2014-06-25,195.77999877929688,194.25,194.2899932861328,195.5800018310547,82782000.0,171.1021728515625
2014-06-26,195.6300048828125,194.1300048828125,195.61000061035156,195.44000244140625,84312000.0,170.97970581054688
2014-06-27,195.8800048828125,194.88999938964844,194.97999572753906,195.82000732421875,71445100.0,171.3121337890625
2014-06-30,196.1699981689453,195.52999877929688,195.6999969482422,195.72000122070312,70201200.0,171.2246551513672
