Date,High,Low,Open,Close,Volume,Adj Close
2015-04-01,206.4199981689453,204.50999450683594,206.38999938964844,205.6999969482422,137303600,182.60614013671875
2015-04-02,206.97999572753906,205.39999389648438,205.6199951171875,206.44000244140625,86900900,183.26307678222656
2015-04-06,208.4499969482422,205.2100067138672,205.3699951171875,207.8300018310547,114368200,184.4970245361328
2015-04-07,208.75999450683594,207.24000549316406,207.86000061035156,207.27999877929688,81236300,184.0087432861328
2015-04-08,208.50999450683594,207.0800018310547,207.5500030517578,207.97999572753906,89351900,184.63014221191406
2015-04-09,209.17999267578125,207.19000244140625,207.77999877929688,208.89999389648438,85548900,185.44688415527344
2015-04-10,210.08999633789062,208.9600067138672,209.1999969482422,210.0399932861328,72722900,186.4588623046875
2015-04-13,210.6300048828125,209.02999877929688,209.8699951171875,209.08999633789062,74436600,185.6155548095703
2015-04-14,209.7100067138672,208.10000610351562,208.85000610351562,209.49000549316406,75099900,185.97064208984375
2015-04-15,211.0399932861328,209.9499969482422,210.0500030517578,210.42999267578125,99529300,186.8050994873047
2015-04-16,210.97999572753906,209.7899932861328,210.02999877929688,210.3699951171875,68934900,186.75180053710938
2015-04-17,209.22999572753906,207.00999450683594,208.94000244140625,207.9499969482422,191113200,184.60353088378906
2015-04-20,210.25,208.9600067138672,209.05999755859375,209.85000610351562,92189500,186.29025268554688
2015-04-21,210.86000061035156,209.24000549316406,210.6699981689453,209.60000610351562,72559800,186.0683135986328
2015-04-22,210.85000610351562,208.89999389648438,210.00999450683594,210.6300048828125,78264600,186.9826202392578
2015-04-23,211.94000244140625,210.00999450683594,210.14999389648438,211.16000366210938,102585900,187.45315551757812
2015-04-24,211.97000122070312,211.11000061035156,211.66000366210938,211.64999389648438,61327400,187.88818359375
2015-04-27,212.47999572753906,210.5399932861328,212.3300018310547,210.77000427246094,79358100,187.10694885253906
2015-04-28,211.5,209.3300018310547,210.74000549316406,211.44000244140625,86863500,187.70172119140625
2015-04-29,211.2899932861328,209.60000610351562,210.3699951171875,210.57000732421875,125684900,186.92941284179688
2015-04-30,210.35000610351562,207.6199951171875,209.8800048828125,208.4600067138672,161304900,185.0562744140625
