Date,High,Low,Open,Close,Volume,Adj Close
2016-03-01,198.2100067138672,194.4499969482422,195.00999450683594,198.11000061035156,141799700.0,178.69970703125
2016-03-02,199.05999755859375,197.25,197.74000549316406,199.0,102415000.0,179.50253295898438
2016-03-03,199.8000030517578,198.11000061035156,198.7899932861328,199.77999877929688,95172200.0,180.20608520507812
2016-03-04,201.35000610351562,199.02999877929688,200.00999450683594,200.42999267578125,129293600.0,180.79238891601562
2016-03-07,201.07000732421875,199.25,199.33999633789062,200.58999633789062,100219000.0,180.93675231933594
2016-03-08,199.9199981689453,198.2100067138672,199.32000732421875,198.39999389648438,123974900.0,178.9613037109375
2016-03-09,199.7899932861328,198.42999267578125,199.36000061035156,199.3800048828125,94801200.0,179.8452911376953
2016-03-10,201.07000732421875,197.3800048828125,199.9600067138672,199.5399932861328,156838700.0,179.98959350585938
2016-03-11,202.80999755859375,199.52000427246094,201.25999450683594,202.75999450683594,137964500.0,182.89410400390625
2016-03-14,203.0399932861328,201.77000427246094,202.16000366210938,202.5,73612000.0,182.6595916748047
2016-03-15,202.52999877929688,201.0500030517578,201.36000061035156,202.1699981689453,93169100.0,182.3619384765625
2016-03-16,203.82000732421875,201.5500030517578,201.60000610351562,203.33999633789062,129303200.0,183.4172821044922
2016-03-17,205.22999572753906,202.77000427246094,203.24000549316406,204.6300048828125,134278500.0,184.58090209960938
2016-03-18,204.77999877929688,203.8000030517578,204.1699981689453,204.3800048828125,138372400.0,185.30625915527344
2016-03-21,204.94000244140625,203.8000030517578,204.07000732421875,204.6699981689453,72926700.0,185.56918334960938
2016-03-22,205.22999572753906,203.57000732421875,203.75999450683594,204.55999755859375,97471900.0,185.46942138671875
2016-03-23,204.3300018310547,203.00999450683594,204.11000061035156,203.2100067138672,81052500.0,184.2454376220703
2016-03-24,203.16000366210938,201.74000549316406,202.0,203.1199951171875,84360900.0,184.16387939453125
2016-03-28,203.86000061035156,202.7100067138672,203.61000061035156,203.24000549316406,62408200.0,184.2726287841797
2016-03-29,205.25,202.39999389648438,202.75999450683594,205.1199951171875,92922900.0,185.97714233398438
2016-03-30,206.8699951171875,205.58999633789062,206.3000030517578,206.02000427246094,86365300.0,186.79319763183594
2016-03-31,206.41000366210938,205.3300018310547,205.91000366210938,205.52000427246094,94584100.0,186.3398895263672
