Date,High,Low,Open,Close,Volume,Adj Close
2002-10-01,85.7699966430664,81.47000122070312,82.43000030517578,85.72000122070312,67198100,59.45726013183594
2002-10-02,85.52999877929688,82.5999984741211,84.69000244140625,83.1500015258789,56749100,57.67461395263672
2002-10-03,84.5999984741211,81.94999694824219,83.13999938964844,82.30999755859375,55547000,57.09199142456055
2002-10-04,82.91999816894531,79.58000183105469,82.80000305175781,80.80000305175781,68483700,56.04462432861328
2002-10-07,81.19999694824219,78.55000305175781,80.05999755859375,79.12999725341797,53188000,54.88627624511719
2002-10-08,81.30999755859375,78.19999694824219,79.80999755859375,80.37000274658203,79531000,55.74637985229492
2002-10-09,79.69999694824219,77.77999877929688,79.08999633789062,78.0999984741211,79956400,54.17184066772461
2002-10-10,81.06999969482422,77.06999969482422,77.94000244140625,80.62999725341797,76749000,55.92672348022461
2002-10-11,84.7300033569336,81.81999969482422,82.0999984741211,84.16000366210938,82308300,58.37521743774414
2002-10-14,84.8499984741211,83.04000091552734,83.19999694824219,84.62999725341797,40631900,58.70117950439453
2002-10-15,88.72000122070312,86.8499984741211,86.98999786376953,88.69999694824219,82320300,61.52421569824219
2002-10-16,87.80000305175781,85.91999816894531,87.41000366210938,86.55000305175781,62977800,60.03293991088867
2002-10-17,89.30000305175781,87.8499984741211,88.87000274658203,88.2699966430664,68534100,61.22597122192383
2002-10-18,89.11000061035156,86.93000030517578,87.6500015258789,88.63999938964844,47448700,61.48262023925781
2002-10-21,90.5,87.56999969482422,88.12000274658203,90.16999816894531,45859100,62.54385757446289
2002-10-22,90.01000213623047,88.5199966430664,89.05000305175781,89.5199966430664,40966800,62.093017578125
2002-10-23,90.2699966430664,87.68000030517578,88.7699966430664,90.19999694824219,54905800,62.564666748046875
2002-10-24,90.9000015258789,88.0999984741211,90.75,88.36000061035156,54987400,61.288387298583984
2002-10-25,90.38999938964844,87.94000244140625,88.20999908447266,90.19999694824219,43672100,62.564666748046875
2002-10-28,91.29000091552734,88.8499984741211,91.1500015258789,89.61000061035156,39416100,62.155418395996094
2002-10-29,89.48999786376953,87.0,89.08000183105469,88.56999969482422,59508200,61.43406677246094
2002-10-30,89.95999908447266,88.2300033569336,88.68000030517578,89.43000030517578,41688600,62.03055953979492
2002-10-31,90.30000305175781,88.19000244140625,89.66000366210938,88.5199966430664,41620600,61.399417877197266
