Date,High,Low,Open,Close,Volume,Adj Close
2004-06-01,112.86000061035156,111.87000274658203,112.45999908447266,112.70999908447266,41044700.0,80.12324523925781
2004-06-02,113.4800033569336,112.45999908447266,113.02999877929688,113.12999725341797,39774200.0,80.42183685302734
2004-06-03,113.19000244140625,112.06999969482422,112.80999755859375,112.08999633789062,38688300.0,79.6824951171875
2004-06-04,113.58000183105469,112.70999908447266,112.9800033569336,112.9800033569336,32739500.0,80.31517028808594
2004-06-07,114.80999755859375,113.41999816894531,113.43000030517578,114.69999694824219,31643800.0,81.53793334960938
2004-06-08,114.91999816894531,114.16999816894531,114.37000274658203,114.86000061035156,32846500.0,81.65165710449219
2004-06-09,114.69999694824219,113.72000122070312,114.51000213623047,113.79000091552734,36737600.0,80.89100646972656
2004-06-10,114.3499984741211,113.93000030517578,114.04000091552734,114.3499984741211,21711000.0,81.28910064697266
2004-06-14,113.8499984741211,112.87000274658203,113.81999969482422,113.22000122070312,34633000.0,80.4858627319336
2004-06-15,114.44999694824219,113.51000213623047,113.9000015258789,114.0199966430664,37445000.0,81.05450439453125
2004-06-16,114.19999694824219,113.69999694824219,114.0,114.0,26633400.0,81.040283203125
2004-06-17,114.06999969482422,113.33000183105469,113.8499984741211,113.83000183105469,28402400.0,80.91944122314453
2004-06-18,114.22000122070312,113.18000030517578,113.2699966430664,113.62999725341797,31799800.0,81.07213592529297
2004-06-21,114.13999938964844,113.12999725341797,113.75,113.19999694824219,25284000.0,80.7653579711914
2004-06-22,113.87999725341797,112.66999816894531,113.12999725341797,113.7699966430664,37334000.0,81.1719970703125
2004-06-23,114.83999633789062,113.41999816894531,113.61000061035156,114.75,35580000.0,81.87124633789062
2004-06-24,114.93000030517578,114.26000213623047,114.55999755859375,114.38999938964844,35272100.0,81.6144027709961
2004-06-25,114.94000244140625,113.68000030517578,114.41000366210938,113.83999633789062,32837900.0,81.22195434570312
2004-06-28,114.61000061035156,113.41000366210938,114.5199966430664,113.44999694824219,40824500.0,80.9437026977539
2004-06-29,114.16999816894531,113.41999816894531,113.52999877929688,113.91999816894531,28418100.0,81.27904510498047
2004-06-30,114.79000091552734,113.6500015258789,114.06999969482422,114.52999877929688,52230600.0,81.71426391601562
