Date,High,Low,Open,Close,Volume,Adj Close
2013-12-02,181.42999267578125,180.25,181.08999633789062,180.52999877929688,99726000.0,155.6469268798828
2013-12-03,180.38999938964844,179.1699981689453,179.94000244140625,179.75,116563000.0,154.97439575195312
2013-12-04,180.47999572753906,178.35000610351562,179.10000610351562,179.72999572753906,123033000.0,154.95713806152344
2013-12-05,179.74000549316406,178.77000427246094,179.41000366210938,178.94000244140625,106934000.0,154.2760009765625
2013-12-06,181.11000061035156,180.14999389648438,180.6699981689453,180.94000244140625,127728000.0,156.0004119873047
2013-12-09,181.6699981689453,181.16000366210938,181.47000122070312,181.39999389648438,70124000.0,156.39695739746094
2013-12-10,181.36000061035156,180.63999938964844,180.97999572753906,180.75,80976000.0,155.83651733398438
2013-12-11,180.85000610351562,178.5,180.82000732421875,178.72000122070312,130591000.0,154.08636474609375
2013-12-12,178.86000061035156,177.75999450683594,178.63999938964844,178.1300048828125,115565000.0,153.57769775390625
2013-12-13,178.66000366210938,177.77000427246094,178.5,178.11000061035156,107808000.0,153.56044006347656
2013-12-16,179.80999755859375,178.89999389648438,178.9499969482422,179.22000122070312,96195000.0,154.51739501953125
2013-12-17,179.41000366210938,178.25,179.3800048828125,178.64999389648438,89886000.0,154.0260009765625
2013-12-18,181.72999572753906,177.32000732421875,178.9199981689453,181.6999969482422,234906000.0,156.65560913085938
2013-12-19,181.6999969482422,180.7100067138672,181.17999267578125,181.49000549316406,136531200.0,156.47457885742188
2013-12-20,181.99000549316406,180.57000732421875,180.69000244140625,181.55999755859375,197087000.0,157.38478088378906
2013-12-23,182.63999938964844,182.07000732421875,182.4499969482422,182.52999877929688,85598000.0,158.22560119628906
2013-12-24,183.00999450683594,182.52999877929688,182.5399932861328,182.92999267578125,45368800.0,158.5723419189453
2013-12-26,183.9600067138672,183.32000732421875,183.33999633789062,183.86000061035156,63365000.0,159.3784942626953
2013-12-27,184.17999267578125,183.66000366210938,184.10000610351562,183.85000610351562,61814000.0,159.36981201171875
2013-12-30,184.02000427246094,183.5800018310547,183.8699951171875,183.82000732421875,56857000.0,159.3438720703125
2013-12-31,184.69000244140625,183.92999267578125,184.07000732421875,184.69000244140625,86119900.0,160.09799194335938
