Date,High,Low,Open,Close,Volume,Adj Close
2005-04-01,118.98999786376953,116.91000366210938,118.62999725341797,117.43000030517578,95255300,85.11302185058594
2005-04-04,117.86000061035156,116.73999786376953,117.36000061035156,117.62999725341797,71581200,85.25797271728516
2005-04-05,118.37999725341797,117.66999816894531,117.77999877929688,118.19000244140625,46853900,85.66387176513672
2005-04-06,118.94999694824219,118.18000030517578,118.44999694824219,118.5999984741211,53268200,85.9610366821289
2005-04-07,119.26000213623047,118.31999969482422,118.41000366210938,119.23999786376953,46734600,86.4249038696289
2005-04-08,119.20999908447266,118.0,119.16999816894531,118.0,63772900,85.52619171142578
2005-04-11,118.41999816894531,117.83000183105469,118.29000091552734,118.08999633789062,44945000,85.59138488769531
2005-04-12,119.05999755859375,117.06999969482422,117.88999938964844,118.69999694824219,86144800,86.03351593017578
2005-04-13,118.80000305175781,117.12999725341797,118.55999755859375,117.30000305175781,65949000,85.01880645751953
2005-04-14,117.5,115.7699966430664,117.4000015258789,115.7699966430664,96119800,83.9098892211914
2005-04-15,116.19999694824219,114.0999984741211,115.73999786376953,114.1500015258789,128677300,82.73565673828125
2005-04-18,114.95999908447266,113.95999908447266,114.12000274658203,114.5,100035200,82.98934936523438
2005-04-19,115.52999877929688,114.83000183105469,115.0999984741211,115.41000366210938,64930100,83.64894104003906
2005-04-20,115.62999725341797,113.55000305175781,115.37999725341797,113.80000305175781,107735900,82.48201751708984
2005-04-21,116.20999908447266,114.37999725341797,114.79000091552734,116.01000213623047,86952200,84.08379364013672
2005-04-22,116.5,114.2699966430664,115.73999786376953,115.56999969482422,88845800,83.76492309570312
2005-04-25,116.5,115.72000122070312,115.86000061035156,116.33000183105469,52284100,84.31578826904297
2005-04-26,116.7699966430664,115.1500015258789,115.95999908447266,115.19999694824219,72626000,83.4967269897461
2005-04-27,116.06999969482422,114.44000244140625,114.86000061035156,115.6500015258789,84131900,83.82289123535156
2005-04-28,115.68000030517578,114.19999694824219,115.2699966430664,114.19999694824219,72481500,82.77194213867188
2005-04-29,115.87000274658203,113.97000122070312,115.06999969482422,115.75,103993800,83.89537811279297
