Date,High,Low,Open,Close,Volume,Adj Close
2010-04-01,118.25,117.0999984741211,117.80000305175781,117.80000305175781,161215200,94.4506607055664
2010-04-05,118.83999633789062,117.91999816894531,118.25,118.76000213623047,105847600,95.22038269042969
2010-04-06,119.25,118.29000091552734,118.41999816894531,119.04000091552734,110384200,95.44489288330078
2010-04-07,119.36000061035156,117.80999755859375,118.80000305175781,118.36000061035156,184576300,94.89965057373047
2010-04-08,118.97000122070312,117.5999984741211,117.94999694824219,118.7699966430664,158704000,95.22840118408203
2010-04-09,119.5999984741211,118.80000305175781,119.0199966430664,119.55000305175781,133006500,95.85380554199219
2010-04-12,120.05000305175781,119.55999755859375,119.69999694824219,119.73999786376953,110279000,96.00611114501953
2010-04-13,120.04000091552734,119.0,119.62000274658203,119.83000183105469,125043600,96.07827758789062
2010-04-14,121.19000244140625,120.08000183105469,120.2699966430664,121.19000244140625,161609000,97.16873168945312
2010-04-15,121.56999969482422,120.94999694824219,120.98999786376953,121.29000091552734,144615300,97.24890899658203
2010-04-16,121.29000091552734,118.75,120.86000061035156,119.36000061035156,366786700,95.70145416259766
2010-04-19,119.93000030517578,118.47000122070312,119.01000213623047,119.80999755859375,217947800,96.06224822998047
2010-04-20,120.9800033569336,119.87000274658203,120.55999755859375,120.87999725341797,157708000,96.92015075683594
2010-04-21,121.2300033569336,119.98999786376953,120.94999694824219,120.66000366210938,192910100,96.74378204345703
2010-04-22,121.16999816894531,119.12000274658203,119.80999755859375,121.0199966430664,115360300,97.03241729736328
2010-04-23,121.86000061035156,120.62999725341797,120.94000244140625,121.80999755859375,177335500,97.66582489013672
2010-04-26,122.12000274658203,121.2300033569336,121.8499984741211,121.3499984741211,143457300,97.2969741821289
2010-04-27,121.33999633789062,118.25,120.6500015258789,118.4800033569336,355853300,94.99589538574219
2010-04-28,119.68000030517578,118.2699966430664,119.05000305175781,119.37999725341797,300674100,95.71749114990234
2010-04-29,121.11000061035156,120.06999969482422,120.0999984741211,120.86000061035156,193775000,96.90414428710938
2010-04-30,121.01000213623047,118.77999877929688,120.87999725341797,118.80999755859375,270000900,95.26045227050781
