Date,High,Low,Open,Close,Volume,Adj Close
2014-03-03,185.4499969482422,183.75,184.64999389648438,184.97999572753906,167748500.0,160.34938049316406
2014-03-04,187.97999572753906,186.75,186.7899932861328,187.5800018310547,167545900.0,162.6031951904297
2014-03-05,188.07000732421875,187.4499969482422,187.74000549316406,187.75,88376900.0,162.7505340576172
2014-03-06,188.61000061035156,187.77999877929688,188.2100067138672,188.17999267578125,82516500.0,163.123291015625
2014-03-07,188.9600067138672,187.42999267578125,188.9600067138672,188.25999450683594,114513500.0,163.19259643554688
2014-03-10,188.22999572753906,187.0800018310547,187.97000122070312,188.16000366210938,74939200.0,163.10597229003906
2014-03-11,188.7100067138672,186.8000030517578,188.44000244140625,187.22999572753906,99009100.0,162.29977416992188
2014-03-12,187.35000610351562,185.89999389648438,186.32000732421875,187.27999877929688,104824400.0,162.34307861328125
2014-03-13,187.99000549316406,184.66000366210938,187.83999633789062,185.17999267578125,155014300.0,160.52273559570312
2014-03-14,185.8000030517578,184.44000244140625,184.85000610351562,184.66000366210938,153919600.0,160.0719757080078
2014-03-17,186.77000427246094,185.50999450683594,185.58999633789062,186.3300018310547,98359500.0,161.51959228515625
2014-03-18,187.91000366210938,186.50999450683594,186.7100067138672,187.66000366210938,101804600.0,162.67250061035156
2014-03-19,187.94000244140625,185.47000122070312,187.67999267578125,186.66000366210938,176267300.0,161.80567932128906
2014-03-20,187.88999938964844,185.9199981689453,186.25,187.75,117241000.0,162.7505340576172
2014-03-21,189.02000427246094,186.02999877929688,187.7100067138672,186.1999969482422,163128000.0,162.11923217773438
2014-03-24,187.07000732421875,184.6199951171875,186.83999633789062,185.42999267578125,121411000.0,161.44886779785156
2014-03-25,186.94000244140625,185.27000427246094,186.3699951171875,186.30999755859375,103852000.0,162.21505737304688
2014-03-26,187.33999633789062,184.9199981689453,187.0399932861328,184.97000122070312,119843000.0,161.04840087890625
2014-03-27,185.33999633789062,183.89999389648438,184.75,184.5800018310547,142383000.0,160.70880126953125
2014-03-28,186.4199981689453,185.0,185.11000061035156,185.49000549316406,101642000.0,161.50111389160156
2014-03-31,187.3000030517578,185.52000427246094,186.6699981689453,187.00999450683594,99745000.0,162.82452392578125
