Date,High,Low,Open,Close,Volume,Adj Close
2000-05-01,148.484375,145.84375,146.5625,147.0625,7328300,98.84674835205078
2000-05-02,147.125,144.125,145.5,144.125,9411900,96.8722915649414
2000-05-03,144.0,139.78125,144.0,140.75,12630700,94.6038589477539
2000-05-04,142.359375,140.75,142.0,141.8125,5963600,95.3180160522461
2000-05-05,144.0,140.9375,141.0625,143.53125,7862400,96.4732437133789
2000-05-08,143.375,141.84375,142.75,142.453125,5064100,95.74858856201172
2000-05-09,143.40625,140.265625,143.0625,141.3125,5620300,94.9819564819336
2000-05-10,140.96875,137.75,140.5,138.125,10293900,92.83946990966797
2000-05-11,141.5,139.125,140.125,141.28125,7091100,94.9609146118164
2000-05-12,143.46875,141.625,141.8125,142.8125,5960800,95.99014282226562
2000-05-15,145.609375,142.0,142.75,145.28125,4441300,97.64949798583984
2000-05-16,147.71875,145.3125,146.5625,146.6875,8192200,98.59465026855469
2000-05-17,146.1875,144.46875,145.6875,145.15625,5907200,97.56549072265625
2000-05-18,146.3125,143.375,145.625,143.375,4325600,96.36823272705078
2000-05-19,143.234375,140.40625,142.5625,141.125,6518400,94.85590362548828
2000-05-22,141.46875,137.0,141.25,140.0625,10839400,94.1417236328125
2000-05-23,140.8125,137.5625,140.4375,138.0,7979200,92.75545501708984
2000-05-24,140.6875,136.5,138.0,140.25,11081500,94.26777648925781
2000-05-25,141.8125,137.71875,140.6875,137.84375,8278900,92.65043640136719
2000-05-26,139.6875,137.328125,138.8125,138.0,4814000,92.75545501708984
2000-05-30,142.9375,139.46875,140.0,142.5,5362700,95.78013610839844
2000-05-31,144.0,142.09375,142.5625,142.8125,6056500,95.99014282226562
