Date,High,Low,Open,Close,Volume,Adj Close
2004-10-01,113.6500015258789,112.20999908447266,112.26000213623047,113.6500015258789,62824300,81.42394256591797
2004-10-04,114.44000244140625,113.80000305175781,114.0999984741211,113.83999633789062,33082400,81.56005096435547
2004-10-05,114.16000366210938,113.54000091552734,113.8499984741211,113.9000015258789,36910600,81.60304260253906
2004-10-06,114.68000030517578,113.68000030517578,113.7699966430664,114.68000030517578,42297800,82.1618423461914
2004-10-07,114.4000015258789,113.36000061035156,114.37999725341797,113.44999694824219,39388800,81.2806396484375
2004-10-08,113.7699966430664,112.3499984741211,113.1500015258789,112.51000213623047,51872600,80.6071548461914
2004-10-11,113.0199966430664,112.63999938964844,112.77999877929688,112.97000122070312,20229100,80.936767578125
2004-10-12,112.83000183105469,111.94000244140625,112.19999694824219,112.52999877929688,41754700,80.62149810791016
2004-10-13,113.06999969482422,111.31999969482422,113.0,111.54000091552734,54212600,79.9122085571289
2004-10-14,111.93000030517578,110.58000183105469,111.68000030517578,110.63999938964844,64082200,79.26742553710938
2004-10-15,111.73999786376953,110.56999969482422,111.0199966430664,111.26000213623047,63482200,79.71163940429688
2004-10-18,111.9000015258789,110.69999694824219,110.88999938964844,111.68000030517578,43535100,80.01251983642578
2004-10-19,112.2300033569336,110.58999633789062,112.0199966430664,110.73999786376953,55851900,79.33908081054688
2004-10-20,110.81999969482422,109.75,110.37999725341797,110.5199966430664,57118500,79.1814956665039
2004-10-21,111.31999969482422,110.20999908447266,110.79000091552734,111.23999786376953,53218300,79.69730377197266
2004-10-22,111.25,109.86000061035156,111.19000244140625,109.98999786376953,48752400,78.8017578125
2004-10-25,110.12000274658203,109.3499984741211,109.75,109.86000061035156,43990900,78.70860290527344
2004-10-26,111.5999984741211,109.87999725341797,110.12999725341797,111.54000091552734,54337400,79.9122085571289
2004-10-27,113.0999984741211,111.12000274658203,111.37999725341797,112.87999725341797,73896000,80.87226867675781
2004-10-28,113.55999755859375,112.48999786376953,112.77999877929688,113.22000122070312,54413300,81.11581420898438
2004-10-29,113.63999938964844,112.9000015258789,113.12000274658203,113.19999694824219,48820200,81.10154724121094
