Date,High,Low,Open,Close,Volume,Adj Close
2015-05-01,210.77000427246094,209.27999877929688,209.39999389648438,210.72000122070312,103399700,187.0625762939453
2015-05-04,212.02000427246094,211.10000610351562,211.22999572753906,211.32000732421875,70927200,187.59521484375
2015-05-05,211.4600067138672,208.72999572753906,211.02999877929688,208.89999389648438,113326200,185.44688415527344
2015-05-06,209.92999267578125,206.75999450683594,209.55999755859375,208.0399932861328,135060200,184.68344116210938
2015-05-07,209.3800048828125,207.52000427246094,207.9199981689453,208.8699951171875,88244900,185.42025756835938
2015-05-08,211.86000061035156,210.77999877929688,210.8800048828125,211.6199951171875,155877300,187.8614959716797
2015-05-11,211.88999938964844,210.52000427246094,211.57000732421875,210.61000061035156,75708100,186.96487426757812
2015-05-12,210.6300048828125,208.6199951171875,209.61000061035156,209.97999572753906,119727600,186.40560913085938
2015-05-13,211.22000122070312,209.74000549316406,210.47000122070312,210.02000427246094,94667900,186.44114685058594
2015-05-14,212.32000732421875,210.91000366210938,211.24000549316406,212.2100067138672,95934000,188.3852996826172
2015-05-15,212.61000061035156,211.86000061035156,212.44000244140625,212.44000244140625,76510100,188.58949279785156
2015-05-18,213.39999389648438,212.16000366210938,212.24000549316406,213.10000610351562,74549700,189.17532348632812
2015-05-19,213.57000732421875,212.69000244140625,213.24000549316406,213.02999877929688,72114600,189.11322021484375
2015-05-20,213.77999877929688,212.5,213.14999389648438,212.8800048828125,76857500,188.98007202148438
2015-05-21,213.75,212.50999450683594,212.7100067138672,213.5,64764600,189.53042602539062
2015-05-22,213.5399932861328,212.91000366210938,213.0399932861328,212.99000549316406,57433500,189.07766723632812
2015-05-26,212.91000366210938,210.1999969482422,212.39999389648438,210.6999969482422,124308600,187.04478454589844
2015-05-27,212.97999572753906,210.75999450683594,211.25,212.6999969482422,93214000,188.82025146484375
2015-05-28,212.58999633789062,211.6300048828125,212.3300018310547,212.4600067138672,74974600,188.60720825195312
2015-05-29,212.42999267578125,210.82000732421875,212.3800048828125,211.13999938964844,124919600,187.4353790283203
