Date,High,Low,Open,Close,Volume,Adj Close
2017-07-03,243.3800048828125,242.2100067138672,242.8800048828125,242.2100067138672,39153800,225.2344970703125
2017-07-05,243.00999450683594,241.6999969482422,242.6300048828125,242.77000427246094,54427600,225.75526428222656
2017-07-06,242.02999877929688,240.33999633789062,241.88999938964844,240.5500030517578,65400800,223.69085693359375
2017-07-07,242.27999877929688,240.55999755859375,241.2100067138672,242.11000061035156,57972300,225.1415252685547
2017-07-10,242.8000030517578,241.75999450683594,242.11000061035156,242.3699951171875,36663300,225.38328552246094
2017-07-11,242.5500030517578,240.85000610351562,242.3699951171875,242.19000244140625,50354600,225.2158966064453
2017-07-12,244.1999969482422,243.3000030517578,243.3000030517578,244.00999450683594,59610400,226.90835571289062
2017-07-13,244.5500030517578,243.75999450683594,244.02000427246094,244.4199981689453,39471600,227.2895965576172
2017-07-14,245.97000122070312,244.30999755859375,244.4199981689453,245.55999755859375,60262700,228.34971618652344
2017-07-17,245.91000366210938,245.3300018310547,245.47000122070312,245.52999877929688,33531900,228.32180786132812
2017-07-18,245.72000122070312,244.6699981689453,245.05999755859375,245.66000366210938,42742500,228.4427032470703
2017-07-19,247.0,246.00999450683594,246.02000427246094,246.99000549316406,51034300,229.67947387695312
2017-07-20,247.4199981689453,246.47000122070312,247.27999877929688,247.10000610351562,47135200,229.78176879882812
2017-07-21,246.91000366210938,246.17999267578125,246.44000244140625,246.8800048828125,82340800,229.5771942138672
2017-07-24,246.97999572753906,246.27999877929688,246.7899932861328,246.82000732421875,46622300,229.52142333984375
2017-07-25,247.8000030517578,247.16000366210938,247.67999267578125,247.4199981689453,54915600,230.07933044433594
2017-07-26,247.7899932861328,247.1300048828125,247.75,247.42999267578125,47575400,230.08865356445312
2017-07-27,248.0,245.67999267578125,247.9600067138672,247.1999969482422,70766600,229.87474060058594
2017-07-28,247.05999755859375,246.1300048828125,246.64999389648438,246.91000366210938,50088400,229.6051025390625
2017-07-31,247.47999572753906,246.52999877929688,247.3699951171875,246.77000427246094,65838700,229.4749298095703
