Date,High,Low,Open,Close,Volume,Adj Close
2002-07-01,99.80000305175781,96.88999938964844,99.18000030517578,97.02999877929688,20270200,67.00175476074219
2002-07-02,97.19999694824219,94.7699966430664,96.86000061035156,94.97000122070312,34213900,65.57926177978516
2002-07-03,95.83999633789062,93.72000122070312,94.62000274658203,95.51000213623047,30565800,65.95214080810547
2002-07-05,99.52999877929688,96.66000366210938,96.77999877929688,99.30999755859375,19013500,68.57616424560547
2002-07-08,99.69999694824219,97.55999755859375,98.9800033569336,98.06999969482422,19118600,67.71992492675781
2002-07-09,98.33999633789062,95.01000213623047,97.7300033569336,95.5999984741211,28620400,66.0142822265625
2002-07-10,96.06999969482422,92.04000091552734,96.0,92.12000274658203,50522500,63.61125564575195
2002-07-11,93.3499984741211,90.31999969482422,91.76000213623047,92.87000274658203,59476500,64.12916564941406
2002-07-12,93.88999938964844,91.5199966430664,93.33000183105469,91.8499984741211,39018600,63.42484664916992
2002-07-15,92.4000015258789,87.88999938964844,91.63999938964844,92.33999633789062,77317200,63.76321792602539
2002-07-16,92.37999725341797,89.87000274658203,91.12000274658203,90.55999755859375,53282400,62.5340461730957
2002-07-17,93.30000305175781,89.75,92.45999908447266,90.73999786376953,48880600,62.658329010009766
2002-07-18,91.0999984741211,87.75,90.69999694824219,87.80000305175781,32656700,60.62818908691406
2002-07-19,87.55000305175781,84.30000305175781,86.76000213623047,84.70999908447266,77572600,58.494468688964844
2002-07-22,85.91000366210938,81.44999694824219,84.0999984741211,82.19999694824219,78134000,56.7612419128418
2002-07-23,83.23999786376953,79.75,82.55000305175781,79.94999694824219,74484100,55.20754623413086
2002-07-24,85.12000274658203,77.68000030517578,78.12999725341797,84.72000122070312,107022800,58.50135040283203
2002-07-25,85.8499984741211,81.5999984741211,84.2699966430664,84.0,87176600,58.004180908203125
2002-07-26,85.93000030517578,83.80000305175781,84.6500015258789,85.5999984741211,41206800,59.109039306640625
2002-07-29,90.33999633789062,87.30000305175781,87.5,89.7699966430664,53492900,61.98853302001953
2002-07-30,91.4000015258789,88.72000122070312,89.31999969482422,90.94000244140625,47532200,62.796485900878906
2002-07-31,91.55000305175781,89.25,90.48999786376953,91.16000366210938,44669900,62.9483528137207
