Date,High,Low,Open,Close,Volume,Adj Close
2003-10-01,102.18000030517578,100.19999694824219,100.23999786376953,102.08000183105469,65797600,71.97303771972656
2003-10-02,102.55999755859375,101.62999725341797,101.93000030517578,102.44999694824219,44591500,72.2339096069336
2003-10-03,104.27999877929688,103.08000183105469,103.66999816894531,103.38999938964844,48806900,72.89665222167969
2003-10-06,103.98999786376953,103.19999694824219,103.4800033569336,103.86000061035156,20226500,73.22803497314453
2003-10-07,104.30999755859375,102.91000366210938,103.26000213623047,104.26000213623047,42602900,73.51007080078125
2003-10-08,104.38999938964844,103.41000366210938,104.33000183105469,104.0,30920800,73.32676696777344
2003-10-09,105.22000122070312,103.83000183105469,104.87999725341797,104.27999877929688,40066500,73.52420806884766
2003-10-10,104.5999984741211,103.91000366210938,104.2699966430664,104.56999969482422,22682800,73.72862243652344
2003-10-13,105.29000091552734,104.51000213623047,104.70999908447266,104.9000015258789,23825600,73.96129608154297
2003-10-14,105.43000030517578,104.36000061035156,104.80000305175781,105.2699966430664,38484400,74.22221374511719
2003-10-15,105.88999938964844,104.63999938964844,105.86000061035156,104.98999786376953,39021700,74.02474212646484
2003-10-16,105.7300033569336,104.6500015258789,104.68000030517578,105.41000366210938,32772200,74.32089233398438
2003-10-17,105.62999725341797,103.9800033569336,105.47000122070312,104.26000213623047,32790300,73.51007080078125
2003-10-20,105.04000091552734,103.94000244140625,104.44999694824219,105.04000091552734,27657000,74.06001281738281
2003-10-21,105.27999877929688,104.31999969482422,104.81999969482422,104.86000061035156,26729100,73.9331283569336
2003-10-22,104.19000244140625,103.19000244140625,104.02999877929688,103.54000091552734,33914500,73.00244903564453
2003-10-23,103.94999694824219,102.83999633789062,102.88999938964844,103.3499984741211,45830500,72.86845397949219
2003-10-24,103.58000183105469,102.18000030517578,102.83000183105469,103.58000183105469,51723600,73.0306167602539
2003-10-27,104.18000030517578,103.2699966430664,103.73999786376953,103.62999725341797,32460200,73.06585693359375
2003-10-28,105.1500015258789,103.81999969482422,103.9800033569336,105.04000091552734,34956200,74.06001281738281
2003-10-29,105.43000030517578,103.87000274658203,104.7699966430664,105.18000030517578,30955400,74.15872192382812
2003-10-30,105.97000122070312,104.80000305175781,105.79000091552734,105.4000015258789,39123100,74.31383514404297
2003-10-31,105.73999786376953,105.22000122070312,105.4000015258789,105.30000305175781,25761600,74.24332427978516
