Date,High,Low,Open,Close,Volume,Adj Close
2001-07-02,124.31999969482422,122.62000274658203,122.80000305175781,124.12999725341797,8522200,84.56283569335938
2001-07-03,124.0999984741211,123.05000305175781,123.9800033569336,124.0999984741211,3303100,84.5423583984375
2001-07-05,123.6500015258789,121.66000366210938,123.06999969482422,121.68000030517578,5517900,82.893798828125
2001-07-06,121.48999786376953,119.05000305175781,121.30999755859375,119.05000305175781,11665900,81.10210418701172
2001-07-09,120.54000091552734,119.19999694824219,119.48999786376953,119.69999694824219,8339300,81.54490661621094
2001-07-10,120.63999938964844,118.20999908447266,120.29000091552734,118.26000213623047,8630700,80.5639419555664
2001-07-11,118.88999938964844,117.08999633789062,118.0999984741211,118.37999725341797,15328600,80.64568328857422
2001-07-12,121.47000122070312,119.30999755859375,119.5,121.19000244140625,12002800,82.55996704101562
2001-07-13,122.31999969482422,120.62000274658203,120.83999633789062,122.23999786376953,10433800,83.2752456665039
2001-07-16,122.27999877929688,120.29000091552734,121.7699966430664,120.70999908447266,6915300,82.23294830322266
2001-07-17,121.94999694824219,119.83000183105469,120.19999694824219,121.83999633789062,7469800,83.0028076171875
2001-07-18,121.63999938964844,120.05999755859375,120.55999755859375,121.01000213623047,7709300,82.4373550415039
2001-07-19,122.9800033569336,120.76000213623047,122.18000030517578,122.06999969482422,10082900,83.1594467163086
2001-07-20,121.94000244140625,120.91999816894531,121.1500015258789,121.33999633789062,6705800,82.66217803955078
2001-07-23,121.87999725341797,118.94999694824219,121.80000305175781,118.94999694824219,8065200,81.0339584350586
2001-07-24,119.19999694824219,116.75,119.0,117.80000305175781,12269000,80.25050354003906
2001-07-25,119.4800033569336,117.45999908447266,117.91999816894531,119.0999984741211,12088500,81.13615417480469
2001-07-26,120.8499984741211,118.55999755859375,119.05999755859375,120.3499984741211,12898200,81.98771667480469
2001-07-27,121.3499984741211,119.91000366210938,120.83000183105469,120.80999755859375,8478800,82.30110931396484
2001-07-30,121.3499984741211,120.30000305175781,121.19000244140625,120.8499984741211,8547700,82.32833099365234
2001-07-31,122.68000030517578,120.80000305175781,121.0,121.3499984741211,11918100,82.66893768310547
