Date,High,Low,Open,Close,Volume,Adj Close
2011-06-01,134.9199981689453,131.75999450683594,134.50999450683594,131.8699951171875,233094300.0,107.83170318603516
2011-06-02,132.24000549316406,130.9600067138672,131.9600067138672,131.72999572753906,200466800.0,107.71722412109375
2011-06-03,131.4199981689453,130.0800018310547,130.14999389648438,130.4199981689453,234690200.0,106.6460189819336
2011-06-06,130.36000061035156,128.8699951171875,130.08999633789062,129.0399932861328,179951200.0,105.51754760742188
2011-06-07,130.07000732421875,128.85000610351562,129.6999969482422,128.9600067138672,161660500.0,105.45218658447266
2011-06-08,129.19000244140625,128.17999267578125,128.75999450683594,128.4199981689453,198696400.0,105.01058959960938
2011-06-09,129.92999267578125,128.4600067138672,128.77000427246094,129.39999389648438,160964400.0,105.81195831298828
2011-06-10,128.92999267578125,127.26000213623047,128.85000610351562,127.5999984741211,238629400.0,104.34008026123047
2011-06-13,128.24000549316406,127.05000305175781,127.88999938964844,127.69999694824219,207599800.0,104.42182159423828
2011-06-14,129.77000427246094,128.82000732421875,128.8699951171875,129.32000732421875,160570400.0,105.74654388427734
2011-06-15,129.3000030517578,126.68000030517578,128.24000549316406,127.0199966430664,300958000.0,103.86580657958984
2011-06-16,127.97000122070312,126.31999969482422,127.05999755859375,127.30000305175781,308032800.0,104.09475708007812
2011-06-17,127.94000244140625,126.62000274658203,127.93000030517578,127.05000305175781,233284900.0,104.40538787841797
2011-06-20,127.97000122070312,126.58000183105469,126.62000274658203,127.69999694824219,159479000.0,104.93952941894531
2011-06-21,129.6999969482422,127.75,128.36000061035156,129.4499969482422,193157300.0,106.37761688232422
2011-06-22,129.80999755859375,128.58999633789062,129.0500030517578,128.6699981689453,176703000.0,105.73664093017578
2011-06-23,128.63999938964844,126.19000244140625,127.16000366210938,128.3000030517578,334286500.0,105.43260955810547
2011-06-24,128.3699951171875,126.62000274658203,128.27000427246094,126.80999755859375,226129300.0,104.20816040039062
2011-06-27,128.42999267578125,126.63999938964844,126.88999938964844,127.94000244140625,168904700.0,105.13674926757812
2011-06-28,129.6300048828125,128.27000427246094,128.4499969482422,129.61000061035156,165556300.0,106.50910186767578
2011-06-29,130.92999267578125,129.6300048828125,130.1999969482422,130.72000122070312,244295500.0,107.4212646484375
2011-06-30,132.17999267578125,130.7100067138672,131.13999938964844,131.97000122070312,223322700.0,108.4484634399414
