Date,High,Low,Open,Close,Volume,Adj Close
2006-05-01,131.8000030517578,130.32000732421875,131.47000122070312,130.39999389648438,64990300,96.1852035522461
2006-05-02,131.4600067138672,130.74000549316406,131.00999450683594,131.3800048828125,49063500,96.90809631347656
2006-05-03,131.32000732421875,130.4499969482422,131.14999389648438,130.88999938964844,60821300,96.54668426513672
2006-05-04,131.6199951171875,130.97000122070312,131.0800018310547,131.36000061035156,42921400,96.89334106445312
2006-05-05,132.8000030517578,131.85000610351562,132.0500030517578,132.52000427246094,62588200,97.74898529052734
2006-05-08,132.77000427246094,132.36000061035156,132.50999450683594,132.36000061035156,30016700,97.6309585571289
2006-05-09,132.77000427246094,132.30999755859375,132.4199981689453,132.6199951171875,29864000,97.82273864746094
2006-05-10,132.75,131.88999938964844,132.41000366210938,132.5500030517578,64378200,97.77112579345703
2006-05-11,132.5500030517578,130.52000427246094,132.50999450683594,130.9499969482422,80626900,96.5909194946289
2006-05-12,130.72000122070312,129.19000244140625,130.36000061035156,129.24000549316406,91726500,95.32958221435547
2006-05-15,129.74000549316406,128.61000061035156,128.7899932861328,129.5,84029300,95.52137756347656
2006-05-16,130.0,129.00999450683594,129.75999450683594,129.30999755859375,62137600,95.38119506835938
2006-05-17,129.10000610351562,126.7699966430664,128.6699981689453,126.8499984741211,144789500,93.56668090820312
2006-05-18,127.75,126.11000061035156,127.3499984741211,126.20999908447266,87906300,93.09459686279297
2006-05-19,127.48999786376953,125.80000305175781,126.87000274658203,127.0999984741211,124309400,93.7510757446289
2006-05-22,127.16999816894531,125.5,126.27999877929688,126.12999725341797,110852800,93.03558349609375
2006-05-23,127.62999725341797,125.16999816894531,127.18000030517578,125.16999816894531,92006500,92.32748413085938
2006-05-24,126.88999938964844,124.76000213623047,125.68000030517578,126.16999816894531,168405000,93.0650863647461
2006-05-25,127.7300033569336,126.43000030517578,126.91999816894531,127.7300033569336,78977900,94.21578979492188
2006-05-26,128.3800048828125,127.51000213623047,128.00999450683594,128.3800048828125,62989700,94.69523620605469
2006-05-30,128.0,126.05000305175781,127.97000122070312,126.0999984741211,72419900,93.01346588134766
2006-05-31,127.51000213623047,126.19999694824219,126.62000274658203,127.51000213623047,86926200,94.05352020263672
