Date,High,Low,Open,Close,Volume,Adj Close
2010-12-01,121.23999786376953,120.19000244140625,120.19999694824219,121.01000213623047,221037200.0,98.00792694091797
2010-12-02,122.6500015258789,121.12999725341797,121.19999694824219,122.55999755859375,191213600.0,99.26329040527344
2010-12-03,123.02999877929688,122.11000061035156,122.13999938964844,122.88999938964844,151288900.0,99.53057098388672
2010-12-06,123.04000091552734,122.5,122.62999725341797,122.76000213623047,103050500.0,99.4252700805664
2010-12-07,124.01000213623047,122.76000213623047,123.94000244140625,122.83000183105469,206581000.0,99.48198699951172
2010-12-08,123.37999725341797,122.41000366210938,122.9800033569336,123.27999877929688,138019200.0,99.84642028808594
2010-12-09,124.0199966430664,123.1500015258789,123.97000122070312,123.76000213623047,123705100.0,100.2352066040039
2010-12-10,124.5999984741211,123.7300033569336,124.13999938964844,124.4800033569336,117571700.0,100.81832122802734
2010-12-13,125.19999694824219,124.5199966430664,125.05000305175781,124.55999755859375,133812700.0,100.88314056396484
2010-12-14,125.2300033569336,124.29000091552734,124.75,124.66999816894531,147249600.0,100.97221374511719
2010-12-15,124.93000030517578,123.88999938964844,124.44000244140625,124.0999984741211,160823100.0,100.51056671142578
2010-12-16,124.91000366210938,123.75,124.18000030517578,124.81999969482422,185035200.0,101.09371948242188
2010-12-17,124.45999908447266,123.81999969482422,124.08000183105469,124.30000305175781,141075300.0,101.20195770263672
2010-12-20,124.9000015258789,123.9800033569336,124.63999938964844,124.5999984741211,119085500.0,101.44622039794922
2010-12-21,125.47000122070312,124.87000274658203,124.98999786376953,125.38999938964844,94965500.0,102.08942413330078
2010-12-22,125.81999969482422,125.41000366210938,125.4800033569336,125.77999877929688,78878100.0,102.40694427490234
2010-12-23,125.77999877929688,125.29000091552734,125.63999938964844,125.5999984741211,70053700.0,102.26041412353516
2010-12-27,125.7699966430664,125.04000091552734,125.12999725341797,125.6500015258789,58126000.0,102.30113220214844
2010-12-28,125.94999694824219,125.5,125.9000015258789,125.83000183105469,55309100.0,102.44766998291016
2010-12-29,126.19999694824219,125.9000015258789,125.9800033569336,125.91999816894531,58033100.0,102.52092742919922
2010-12-30,126.12999725341797,125.52999877929688,125.80000305175781,125.72000122070312,76616900.0,102.35812377929688
2010-12-31,125.87000274658203,125.33000183105469,125.52999877929688,125.75,91218900.0,102.38253784179688
