Date,High,Low,Open,Close,Volume,Adj Close
2012-04-02,142.2100067138672,140.36000061035156,140.63999938964844,141.83999633789062,151741100,118.42211151123047
2012-04-03,141.8800048828125,140.42999267578125,141.63999938964844,141.25999450683594,155806700,117.9378662109375
2012-04-04,140.33999633789062,139.33999633789062,140.22000122070312,139.86000061035156,146896000,116.7690200805664
2012-04-05,140.1999969482422,139.25999450683594,139.3800048828125,139.7899932861328,137439400,116.71052551269531
2012-04-09,139.83999633789062,137.83999633789062,138.02999877929688,138.22000122070312,127555900,115.39976501464844
2012-04-10,138.33999633789062,135.75999450683594,137.9499969482422,135.89999389648438,235360300,113.46278381347656
2012-04-11,137.5399932861328,136.75,137.2899932861328,137.0,154133000,114.38118743896484
2012-04-12,138.89999389648438,137.02999877929688,137.1300048828125,138.7899932861328,154321500,115.87569427490234
2012-04-13,138.82000732421875,137.00999450683594,138.47000122070312,137.13999938964844,169246700,114.49808502197266
2012-04-16,138.0399932861328,136.5800018310547,137.83999633789062,137.0500030517578,147825300,114.42294311523438
2012-04-17,139.36000061035156,137.6999969482422,137.83999633789062,139.0800018310547,147877600,116.11780548095703
2012-04-18,139.0800018310547,138.3800048828125,138.4600067138672,138.61000061035156,123884200,115.72540283203125
2012-04-19,139.14999389648438,137.07000732421875,138.6300048828125,137.72000122070312,198666700,114.98233795166016
2012-04-20,138.8300018310547,137.8699951171875,138.3300018310547,137.9499969482422,143199600,115.17435455322266
2012-04-23,136.91000366210938,135.94000244140625,136.5399932861328,136.7899932861328,171844900,114.20587158203125
2012-04-24,137.66000366210938,136.8000030517578,136.91000366210938,137.30999755859375,137484200,114.6400146484375
2012-04-25,139.25,138.52999877929688,138.64999389648438,139.19000244140625,150252200,116.20964050292969
2012-04-26,140.32000732421875,138.80999755859375,138.88999938964844,140.16000366210938,136291600,117.01947784423828
2012-04-27,140.7899932861328,139.8000030517578,140.5800018310547,140.38999938964844,130725000,117.21149444580078
2012-04-30,140.2100067138672,139.49000549316406,140.11000061035156,139.8699951171875,115092200,116.77735900878906
