Date,High,Low,Open,Close,Volume,Adj Close
2002-06-03,107.5999984741211,104.12999725341797,107.08999633789062,104.37000274658203,26056300.0,71.81884002685547
2002-06-04,105.19999694824219,103.55000305175781,104.1500015258789,104.62999725341797,25856200.0,71.99775695800781
2002-06-05,105.66999816894531,104.3499984741211,104.94999694824219,105.61000061035156,19695900.0,72.6720962524414
2002-06-06,105.5999984741211,103.1500015258789,105.54000091552734,103.45999908447266,22998500.0,71.1926498413086
2002-06-07,103.91999816894531,101.72000122070312,101.77999877929688,103.33999633789062,24011600.0,71.1100845336914
2002-06-10,104.45999908447266,103.0199966430664,103.23999786376953,103.73999786376953,18759900.0,71.38532257080078
2002-06-11,104.54000091552734,101.7300033569336,104.12999725341797,101.95999908447266,19990700.0,70.16046905517578
2002-06-12,102.80999755859375,100.77999877929688,101.70999908447266,102.58000183105469,31266000.0,70.58712768554688
2002-06-13,103.0,101.33999633789062,102.12999725341797,101.55000305175781,21043900.0,69.8783187866211
2002-06-14,101.55999755859375,98.5,100.30999755859375,101.4000015258789,39267500.0,69.77513885498047
2002-06-17,104.33999633789062,101.8499984741211,101.91999816894531,104.12000274658203,17647200.0,71.6468276977539
2002-06-18,105.02999877929688,103.62999725341797,103.73999786376953,104.97000122070312,21628500.0,72.2317123413086
2002-06-19,104.43000030517578,102.23999786376953,103.5,102.5199966430664,21540700.0,70.54579162597656
2002-06-20,103.05000305175781,100.95999908447266,102.26000213623047,101.20999908447266,25691000.0,69.64439392089844
2002-06-21,100.93000030517578,98.68000030517578,100.47000122070312,99.27999877929688,31190700.0,68.55542755126953
2002-06-24,100.69000244140625,97.25,98.61000061035156,99.80000305175781,37169700.0,68.91450500488281
2002-06-25,100.88999938964844,97.54000091552734,100.30000305175781,97.55999755859375,33355000.0,67.36773681640625
2002-06-26,98.1500015258789,95.19000244140625,95.19999694824219,97.72000122070312,37913600.0,67.47819519042969
2002-06-27,99.48999786376953,96.56999969482422,98.5,99.43000030517578,31616400.0,68.65901947021484
2002-06-28,100.5,98.87999725341797,99.23999786376953,98.95999908447266,28184200.0,68.33446502685547
