Date,High,Low,Open,Close,Volume,Adj Close
2016-12-01,220.72999572753906,219.14999389648438,220.72999572753906,219.57000732421875,79040500.0,201.1248016357422
2016-12-02,220.25,219.25999450683594,219.6699981689453,219.67999267578125,74840300.0,201.2255096435547
2016-12-05,221.39999389648438,220.4199981689453,220.64999389648438,221.0,67837800.0,202.43466186523438
2016-12-06,221.74000549316406,220.66000366210938,221.22000122070312,221.6999969482422,59877400.0,203.07583618164062
2016-12-07,224.6699981689453,221.3800048828125,221.52000427246094,224.60000610351562,110738100.0,205.73220825195312
2016-12-08,225.6999969482422,224.25999450683594,224.57000732421875,225.14999389648438,99714400.0,206.2360382080078
2016-12-09,226.52999877929688,225.3699951171875,225.41000366210938,226.50999450683594,88005800.0,207.4817352294922
2016-12-12,226.9600067138672,225.75999450683594,226.39999389648438,226.25,102016100.0,207.2436065673828
2016-12-13,228.33999633789062,227.0,227.02000427246094,227.75999450683594,110477500.0,208.62677001953125
2016-12-14,228.22999572753906,225.3699951171875,227.41000366210938,225.8800048828125,142501800.0,206.90469360351562
2016-12-15,227.80999755859375,225.88999938964844,226.16000366210938,226.80999755859375,124972600.0,207.756591796875
2016-12-16,226.0800018310547,224.6699981689453,226.00999450683594,225.0399932861328,156420200.0,207.3502197265625
2016-12-19,226.02000427246094,225.0800018310547,225.25,225.52999877929688,90341100.0,207.8017120361328
2016-12-20,226.57000732421875,225.8800048828125,226.14999389648438,226.39999389648438,89838800.0,208.60333251953125
2016-12-21,226.4499969482422,225.77000427246094,226.25,225.77000427246094,67909000.0,208.02285766601562
2016-12-22,225.74000549316406,224.9199981689453,225.60000610351562,225.3800048828125,56219100.0,207.66351318359375
2016-12-23,225.72000122070312,225.2100067138672,225.42999267578125,225.7100067138672,36697800.0,207.96759033203125
2016-12-27,226.72999572753906,226.0,226.02000427246094,226.27000427246094,42672500.0,208.48355102539062
2016-12-28,226.58999633789062,224.27000427246094,226.57000732421875,224.39999389648438,64095000.0,206.76052856445312
2016-12-29,224.88999938964844,223.83999633789062,224.47999572753906,224.35000610351562,48696100.0,206.71444702148438
2016-12-30,224.8300018310547,222.72999572753906,224.72999572753906,223.52999877929688,108998300.0,205.9589080810547
