Date,High,Low,Open,Close,Volume,Adj Close
2018-10-01,292.92999267578125,290.9800109863281,292.1099853515625,291.7300109863281,62078900,277.607666015625
2018-10-02,292.3599853515625,291.1400146484375,291.55999755859375,291.55999755859375,47258200,277.44580078125
2018-10-03,293.2099914550781,291.32000732421875,292.739990234375,291.7200012207031,64694600,277.59808349609375
2018-10-04,291.239990234375,287.6600036621094,291.17999267578125,289.44000244140625,111545900,275.42840576171875
2018-10-05,290.2699890136719,286.2200012207031,289.69000244140625,287.82000732421875,105951700,273.88690185546875
2018-10-08,288.2200012207031,285.5,287.04998779296875,287.82000732421875,87742200,273.88690185546875
2018-10-09,288.8599853515625,286.7699890136719,287.3900146484375,287.3999938964844,74339000,273.4871826171875
2018-10-10,286.9100036621094,277.8800048828125,286.8299865722656,278.29998779296875,214731000,264.8277282714844
2018-10-11,278.8999938964844,270.3599853515625,277.0799865722656,272.1700134277344,274840500,258.9945068359375
2018-10-12,277.0899963378906,272.3699951171875,276.7699890136719,275.95001220703125,183186500,262.5915222167969
2018-10-15,277.0400085449219,274.29998779296875,275.54998779296875,274.3999938964844,102263700,261.11651611328125
2018-10-16,280.82000732421875,276.07000732421875,276.6000061035156,280.3999938964844,118255800,266.8260498046875
2018-10-17,281.1499938964844,277.55999755859375,280.44000244140625,280.45001220703125,110626000,266.8736572265625
2018-10-18,280.07000732421875,274.9700012207031,279.3999938964844,276.3999938964844,134557500,263.0196838378906
2018-10-19,279.29998779296875,275.4700012207031,277.1300048828125,276.25,139901600,262.8769836425781
2018-10-22,277.3599853515625,274.4100036621094,277.0,275.010009765625,82415800,261.6969909667969
2018-10-23,274.8699951171875,268.6099853515625,270.95001220703125,273.6099853515625,146352700,260.36474609375
2018-10-24,273.760009765625,264.70001220703125,273.3299865722656,265.32000732421875,177806700,252.47608947753906
2018-10-25,271.80999755859375,266.2300109863281,267.3800048828125,270.0799865722656,138061500,257.0056457519531
2018-10-26,271.0,262.2900085449219,265.9200134277344,265.3299865722656,201574600,252.485595703125
2018-10-29,270.25,259.8500061035156,268.79998779296875,263.8599853515625,160749100,251.08676147460938
2018-10-30,268.1199951171875,263.1199951171875,263.6700134277344,267.7699890136719,157116000,254.8074493408203
2018-10-31,273.2300109863281,270.1199951171875,270.6499938964844,270.6300048828125,128296300,257.5290222167969
