Date,High,Low,Open,Close,Volume,Adj Close
2018-07-02,272.0400085449219,269.239990234375,269.510009765625,271.8599853515625,63554800,257.53369140625
2018-07-03,272.9800109863281,270.4200134277344,272.8699951171875,270.8999938964844,42187100,256.6242370605469
2018-07-05,273.17999267578125,270.9599914550781,272.1700134277344,273.1099853515625,56925900,258.7177734375
2018-07-06,275.8399963378906,272.7099914550781,273.1400146484375,275.4200134277344,66493700,260.9060363769531
2018-07-09,277.9599914550781,276.5,276.54998779296875,277.8999938964844,50550400,263.2554016113281
2018-07-10,279.010009765625,278.0799865722656,278.4100036621094,278.8999938964844,51966800,264.20269775390625
2018-07-11,278.0400085449219,276.5199890136719,277.1499938964844,276.8599853515625,77054700,262.2701721191406
2018-07-12,279.42999267578125,277.6000061035156,278.2799987792969,279.3699951171875,60124700,264.6479187011719
2018-07-13,279.92999267578125,278.6600036621094,279.1700134277344,279.5899963378906,48216000,264.8563232421875
2018-07-16,279.79998779296875,278.8399963378906,279.6400146484375,279.3399963378906,48201000,264.61956787109375
2018-07-17,280.9100036621094,278.4100036621094,278.4700012207031,280.4700012207031,52315500,265.6899108886719
2018-07-18,281.17999267578125,280.05999755859375,280.55999755859375,281.05999755859375,44593500,266.2489013671875
2018-07-19,280.739990234375,279.4599914550781,280.30999755859375,280.0,61412100,265.2447204589844
2018-07-20,280.4800109863281,279.5,279.7699890136719,279.67999267578125,82337700,264.9415588378906
2018-07-23,280.42999267578125,279.05999755859375,279.45001220703125,280.20001220703125,47047600,265.4341735839844
2018-07-24,282.55999755859375,280.6300048828125,281.7900085449219,281.6099853515625,68026900,266.7698669433594
2018-07-25,284.3699951171875,281.2799987792969,281.3299865722656,284.010009765625,78882900,269.0434265136719
2018-07-26,284.1099853515625,283.0899963378906,283.20001220703125,283.3399963378906,57919500,268.40869140625
2018-07-27,283.82000732421875,280.3800048828125,283.7099914550781,281.4200134277344,76768700,266.5898742675781
2018-07-30,281.69000244140625,279.3599853515625,281.510009765625,279.95001220703125,63742500,265.19732666015625
2018-07-31,282.0199890136719,280.3800048828125,280.80999755859375,281.3299865722656,68570500,266.5046081542969
