Date,High,Low,Open,Close,Volume,Adj Close
2011-10-03,113.94999694824219,109.80999755859375,112.48999786376953,109.93000030517578,365136800,90.80412292480469
2011-10-04,112.58000183105469,107.43000030517578,108.3499984741211,112.33999633789062,459177500,92.7947998046875
2011-10-05,114.72000122070312,111.58000183105469,112.62000274658203,114.41999816894531,284108000,94.512939453125
2011-10-06,116.66000366210938,113.51000213623047,114.36000061035156,116.48999786376953,257800800,96.22279357910156
2011-10-07,117.25,115.05999755859375,117.16999816894531,115.70999908447266,312657900,95.5784912109375
2011-10-10,119.62999725341797,117.66999816894531,117.68000030517578,119.58000183105469,230666300,98.77519226074219
2011-10-11,120.04000091552734,118.75,118.87000274658203,119.69999694824219,209088000,98.87428283691406
2011-10-12,122.13999938964844,120.33000183105469,120.5999984741211,120.75,281544900,99.74162292480469
2011-10-13,120.87000274658203,119.12000274658203,120.04000091552734,120.51000213623047,212538800,99.54338073730469
2011-10-14,122.5999984741211,121.2300033569336,121.91000366210938,122.56999969482422,211397600,101.24498748779297
2011-10-17,122.55000305175781,119.93000030517578,121.98999786376953,120.2300033569336,202311600,99.31208038330078
2011-10-18,123.5,119.19999694824219,120.13999938964844,122.58000183105469,318857900,101.25323486328125
2011-10-19,123.08000183105469,120.70999908447266,122.37999725341797,121.12999725341797,226601300,100.05551147460938
2011-10-20,122.0999984741211,119.81999969482422,121.43000030517578,121.66000366210938,262075600,100.4933090209961
2011-10-21,124.12000274658203,122.72000122070312,123.08999633789062,123.97000122070312,278999400,102.40142059326172
2011-10-24,125.80000305175781,124.05999755859375,124.16999816894531,125.48999786376953,203215600,103.65694427490234
2011-10-25,124.94999694824219,122.77999877929688,124.88999938964844,123.05000305175781,268596800,101.64143371582031
2011-10-26,124.7699966430664,122.20999908447266,124.3499984741211,124.30000305175781,289053800,102.67398834228516
2011-10-27,129.4199981689453,126.61000061035156,127.62999725341797,128.6300048828125,393220200,106.25066375732422
2011-10-28,128.85000610351562,127.80000305175781,128.0,128.60000610351562,225906500,106.22586822509766
2011-10-31,128.6199951171875,125.31999969482422,127.16000366210938,125.5,228146700,103.66520690917969
