Date,High,Low,Open,Close,Volume,Adj Close
2002-09-03,91.0,88.1500015258789,90.7300033569336,88.27999877929688,76586400.0,60.959617614746094
2002-09-04,90.25,88.05999755859375,88.61000061035156,89.54000091552734,51099500.0,61.82969665527344
2002-09-05,89.43000030517578,87.5,88.48999786376953,88.77999877929688,67250900.0,61.304927825927734
2002-09-06,90.56999969482422,89.33999633789062,89.75,90.0,38622200.0,62.147342681884766
2002-09-09,91.3499984741211,88.80000305175781,89.0999984741211,90.66000366210938,33998400.0,62.60310363769531
2002-09-10,91.77999877929688,90.55999755859375,91.13999938964844,91.69999694824219,41416600.0,63.32122039794922
2002-09-11,93.33000183105469,91.0999984741211,92.47000122070312,91.12999725341797,27711200.0,62.92766189575195
2002-09-12,90.83999633789062,88.98999786376953,90.75,89.44999694824219,43601700.0,61.767555236816406
2002-09-13,89.9000015258789,88.25,88.69000244140625,89.66999816894531,41131000.0,61.919471740722656
2002-09-16,89.88999938964844,88.45999908447266,89.30999755859375,89.88999938964844,28167600.0,62.071380615234375
2002-09-17,91.19000244140625,87.75,90.88999938964844,87.83000183105469,47609700.0,60.64894104003906
2002-09-18,88.5,86.27999877929688,87.01000213623047,86.94999694824219,54719400.0,60.04124450683594
2002-09-19,86.80000305175781,84.69999694824219,85.98999786376953,84.69999694824219,48510500.0,58.487545013427734
2002-09-20,85.19999694824219,84.05000305175781,84.91999816894531,84.3499984741211,46325600.0,58.506954193115234
2002-09-23,84.05999755859375,82.69000244140625,83.6500015258789,83.66000366210938,46893800.0,58.02838897705078
2002-09-24,83.6500015258789,81.8499984741211,82.44000244140625,82.30999755859375,69507000.0,57.09199142456055
2002-09-25,84.7699966430664,82.04000091552734,83.37000274658203,84.3499984741211,59294400.0,58.506954193115234
2002-09-26,85.97000122070312,84.44999694824219,85.0199966430664,85.7300033569336,53638000.0,59.46419143676758
2002-09-27,85.62999725341797,82.75,85.0,82.75,64648300.0,57.39720916748047
2002-09-30,82.80000305175781,80.9000015258789,82.0,81.79000091552734,73096400.0,56.731319427490234
