Date,High,Low,Open,Close,Volume,Adj Close
2019-11-01,306.19000244140625,304.739990234375,304.9200134277344,306.1400146484375,71141500,297.109130859375
2019-11-04,308.0,306.9599914550781,307.8500061035156,307.3699951171875,60606900,298.3027648925781
2019-11-05,307.9200134277344,306.7099914550781,307.5899963378906,307.0299987792969,42933200,297.97283935546875
2019-11-06,307.3999938964844,306.05999755859375,307.0299987792969,307.1000061035156,46487100,298.0407409667969
2019-11-07,309.6499938964844,307.6600036621094,308.57000732421875,308.17999267578125,54272300,299.0888977050781
2019-11-08,309.0,307.0299987792969,307.79998779296875,308.94000244140625,49032100,299.8265380859375
2019-11-11,308.5400085449219,307.2699890136719,307.4200134277344,308.3500061035156,35797300,299.25384521484375
2019-11-12,309.989990234375,308.1499938964844,308.75,309.0,46484600,299.8846740722656
2019-11-13,309.5400085449219,307.6600036621094,307.9100036621094,309.1000061035156,53917700,299.9817810058594
2019-11-14,309.6400146484375,308.0899963378906,308.7900085449219,309.54998779296875,51219900,300.4184265136719
2019-11-15,311.8399963378906,310.260009765625,311.0199890136719,311.7900085449219,62023600,302.5924072265625
2019-11-18,312.2799987792969,311.0299987792969,311.5299987792969,312.0199890136719,49228000,302.81561279296875
2019-11-19,312.69000244140625,311.2200012207031,312.67999267578125,311.92999267578125,67804700,302.7282409667969
2019-11-20,311.8500061035156,309.05999755859375,311.2799987792969,310.7699890136719,79406200,301.6025085449219
2019-11-21,311.010009765625,309.3900146484375,310.8900146484375,310.2699890136719,54664700,301.1172180175781
2019-11-22,311.239990234375,309.8500061035156,311.0899963378906,310.9599914550781,44850200,301.7868957519531
2019-11-25,313.3699951171875,311.9800109863281,311.9800109863281,313.3699951171875,48647200,304.12579345703125
2019-11-26,314.2799987792969,313.05999755859375,313.4100036621094,314.0799865722656,37569000,304.81488037109375
2019-11-27,315.4800109863281,314.3699951171875,314.6099853515625,315.4800109863281,44444600,306.173583984375
2019-11-29,315.1300048828125,314.05999755859375,314.8599853515625,314.30999755859375,36592700,305.0380554199219
