Date,High,Low,Open,Close,Volume,Adj Close
2014-07-01,197.6300048828125,196.1300048828125,196.1999969482422,197.02999877929688,90470000,172.37074279785156
2014-07-02,197.47999572753906,196.9600067138672,197.0500030517578,197.22999572753906,52475000,172.54566955566406
2014-07-03,198.2899932861328,197.63999938964844,197.7899932861328,198.1999969482422,52938800,173.39425659179688
2014-07-07,197.97999572753906,197.22000122070312,197.82000732421875,197.50999450683594,61696000,172.7906036376953
2014-07-08,197.22000122070312,195.75999450683594,197.14999389648438,196.24000549316406,108143000,171.67955017089844
2014-07-09,197.3000030517578,196.30999755859375,196.72999572753906,197.1199951171875,72992000,172.44943237304688
2014-07-10,196.86000061035156,195.05999755859375,195.22000122070312,196.33999633789062,99040000,171.7670440673828
2014-07-11,196.75,195.77999877929688,196.22000122070312,196.61000061035156,64243000,172.00331115722656
2014-07-14,197.86000061035156,197.44000244140625,197.61000061035156,197.60000610351562,58658000,172.86935424804688
2014-07-15,198.10000610351562,196.36000061035156,197.72000122070312,197.22999572753906,111307000,172.54566955566406
2014-07-16,198.25999450683594,197.4199981689453,198.11000061035156,197.9600067138672,79986400,173.184326171875
2014-07-17,198.10000610351562,195.42999267578125,197.35000610351562,195.7100067138672,145398000,171.2158660888672
2014-07-18,197.91000366210938,196.24000549316406,196.35000610351562,197.7100067138672,124330000,172.96559143066406
2014-07-21,197.5,196.42999267578125,197.08999633789062,197.33999633789062,67592000,172.64190673828125
2014-07-22,198.55999755859375,197.8699951171875,198.00999450683594,198.1999969482422,67678000,173.39425659179688
2014-07-23,198.85000610351562,198.10000610351562,198.5,198.63999938964844,65612000,173.77919006347656
2014-07-24,199.05999755859375,198.4499969482422,198.8300018310547,198.64999389648438,56888000,173.78797912597656
2014-07-25,198.25999450683594,197.3300018310547,198.08999633789062,197.72000122070312,76837000,172.974365234375
2014-07-28,198.08999633789062,196.6199951171875,197.75999450683594,197.8000030517578,69259000,173.0443115234375
2014-07-29,198.4499969482422,196.9199981689453,198.1699981689453,196.9499969482422,80466000,172.3007049560547
2014-07-30,197.91000366210938,196.16000366210938,197.64999389648438,196.97999572753906,104222000,172.32693481445312
2014-07-31,195.77999877929688,192.97000122070312,195.61000061035156,193.08999633789062,183479000,168.92381286621094
