Date,High,Low,Open,Close,Volume,Adj Close
2004-12-01,119.5,118.0999984741211,118.16000366210938,119.2300033569336,49898300.0,85.67484283447266
2004-12-02,119.87000274658203,119.01000213623047,119.0999984741211,119.33000183105469,60163500.0,85.7467041015625
2004-12-03,120.13999938964844,119.08999633789062,119.30999755859375,119.25,49067900.0,85.689208984375
2004-12-06,119.63999938964844,118.83999633789062,119.20999908447266,119.20999908447266,33030500.0,85.6604995727539
2004-12-07,119.62000274658203,118.04000091552734,119.48999786376953,118.0999984741211,52047200.0,84.86284637451172
2004-12-08,118.81999969482422,118.01000213623047,118.20999908447266,118.79000091552734,43895100.0,85.35868835449219
2004-12-09,119.45999908447266,117.7300033569336,118.13999938964844,119.20999908447266,60922800.0,85.6604995727539
2004-12-10,119.55999755859375,118.8499984741211,118.91999816894531,119.33000183105469,47828600.0,85.7467041015625
2004-12-13,120.4000015258789,119.3499984741211,119.76000213623047,120.37000274658203,38541000.0,86.49398803710938
2004-12-14,120.95999908447266,120.18000030517578,120.18000030517578,120.79000091552734,41500700.0,86.79580688476562
2004-12-15,121.11000061035156,120.30999755859375,120.69999694824219,120.87999725341797,46699200.0,86.8604507446289
2004-12-16,121.23999786376953,120.04000091552734,120.72000122070312,120.80999755859375,51641800.0,86.81018829345703
2004-12-17,119.97000122070312,119.16000366210938,119.45999908447266,119.44000244140625,70761900.0,86.23114776611328
2004-12-20,120.29000091552734,119.16999816894531,119.75,119.47000122070312,47187400.0,86.25281524658203
2004-12-21,120.4800033569336,119.45999908447266,119.5999984741211,120.38999938964844,33094200.0,86.9170150756836
2004-12-22,121.08000183105469,120.30000305175781,120.37999725341797,120.68000030517578,31500700.0,87.12641906738281
2004-12-23,121.27999877929688,120.66000366210938,120.87000274658203,120.7699966430664,25646100.0,87.19136047363281
2004-12-27,121.36000061035156,120.38999938964844,121.19999694824219,120.5199966430664,29944100.0,87.0108642578125
2004-12-28,121.33000183105469,120.5999984741211,120.63999938964844,121.18000030517578,23422900.0,87.48738861083984
2004-12-29,121.4000015258789,120.94999694824219,121.08000183105469,121.36000061035156,22650600.0,87.61732482910156
2004-12-30,121.56999969482422,121.04000091552734,121.4000015258789,121.12999725341797,21076900.0,87.45125579833984
2004-12-31,121.66000366210938,120.80000305175781,121.30000305175781,120.87000274658203,28648800.0,87.26354217529297
