Date,High,Low,Open,Close,Volume,Adj Close
2006-01-03,127.0,124.38999938964844,125.19000244140625,126.69999694824219,73256700,93.08586883544922
2006-01-04,127.48999786376953,126.69999694824219,126.86000061035156,127.30000305175781,51899600,93.52670288085938
2006-01-05,127.58999633789062,126.87999725341797,127.1500015258789,127.37999725341797,47307500,93.58544921875
2006-01-06,128.5800018310547,127.36000061035156,128.02000427246094,128.44000244140625,62885900,94.36426544189453
2006-01-09,129.05999755859375,128.3800048828125,128.4199981689453,128.77000427246094,43527400,94.60669708251953
2006-01-10,128.97999572753906,128.25999450683594,128.38999938964844,128.89999389648438,44960800,94.70219421386719
2006-01-11,129.44000244140625,128.72999572753906,129.02000427246094,129.30999755859375,49598900,95.00341033935547
2006-01-12,129.27999877929688,128.44000244140625,129.0800018310547,128.8000030517578,40509200,94.62873840332031
2006-01-13,128.89999389648438,128.1999969482422,128.57000732421875,128.67999267578125,44856700,94.54056549072266
2006-01-17,128.4199981689453,127.80999755859375,128.1999969482422,128.3300018310547,52066600,94.283447265625
2006-01-18,128.89999389648438,127.16000366210938,127.58000183105469,127.81999969482422,75067600,93.90872192382812
2006-01-19,128.77000427246094,127.80999755859375,128.1300048828125,128.30999755859375,81530400,94.26872253417969
2006-01-20,128.30999755859375,125.97000122070312,128.27999877929688,125.97000122070312,114957800,92.54955291748047
2006-01-23,126.81999969482422,126.12999725341797,126.20999908447266,126.41999816894531,67017400,92.8801498413086
2006-01-24,127.1500015258789,126.41999816894531,126.62999725341797,126.55000305175781,53008800,92.97567749023438
2006-01-25,127.18000030517578,125.83999633789062,127.04000091552734,126.66000366210938,87747700,93.05647277832031
2006-01-26,127.66999816894531,126.76000213623047,127.25,127.36000061035156,71294000,93.57076263427734
2006-01-27,128.66000366210938,127.44999694824219,127.66000366210938,128.5399932861328,65771200,94.43770599365234
2006-01-30,128.80999755859375,128.35000610351562,128.44000244140625,128.44000244140625,33709600,94.36426544189453
2006-01-31,128.5399932861328,127.48999786376953,128.32000732421875,127.5,72937000,93.67365264892578
