Date,High,Low,Open,Close,Volume,Adj Close
2011-12-01,125.63999938964844,124.43000030517578,124.8499984741211,124.97000122070312,176954800.0,103.22743225097656
2011-12-02,126.5,124.77999877929688,126.12000274658203,124.86000061035156,221109700.0,103.13655090332031
2011-12-05,127.18000030517578,125.44000244140625,126.83999633789062,126.22000122070312,225263900.0,104.25992584228516
2011-12-06,127.11000061035156,125.76000213623047,126.20999908447266,126.26000213623047,178842100.0,104.2929916381836
2011-12-07,127.26000213623047,124.97000122070312,125.83999633789062,126.7300033569336,237802500.0,104.68120574951172
2011-12-08,126.18000030517578,123.6500015258789,125.9000015258789,123.94999694824219,240862800.0,102.38488006591797
2011-12-09,126.37000274658203,124.4000015258789,124.51000213623047,126.05000305175781,209111400.0,104.11949920654297
2011-12-12,124.97000122070312,123.16000366210938,124.94999694824219,124.20999908447266,215826100.0,102.59967803955078
2011-12-13,125.56999969482422,122.44999694824219,124.86000061035156,123.05000305175781,245159800.0,101.64143371582031
2011-12-14,123.02999877929688,121.47000122070312,122.55999755859375,121.73999786376953,238618800.0,100.55937957763672
2011-12-15,123.19999694824219,121.98999786376953,123.02999877929688,122.18000030517578,199109200.0,100.92283630371094
2011-12-16,122.94999694824219,121.30000305175781,122.2300033569336,121.58999633789062,220481400.0,101.07245635986328
2011-12-19,122.31999969482422,120.02999877929688,122.05999755859375,120.29000091552734,183903000.0,99.99183654785156
2011-12-20,124.13999938964844,120.37000274658203,122.18000030517578,123.93000030517578,225418100.0,103.01759338378906
2011-12-21,124.36000061035156,122.75,123.93000030517578,124.16999816894531,194230900.0,103.21710205078125
2011-12-22,125.4000015258789,124.2300033569336,124.62999725341797,125.2699966430664,119465400.0,104.13146209716797
2011-12-23,126.43000030517578,125.41000366210938,125.66999816894531,126.38999938964844,92187200.0,105.06248474121094
2011-12-27,126.81999969482422,126.05999755859375,126.16999816894531,126.48999786376953,86075700.0,105.14558410644531
2011-12-28,126.52999877929688,124.7300033569336,126.51000213623047,124.83000183105469,119107100.0,103.7657470703125
2011-12-29,126.25,124.86000061035156,125.23999786376953,126.12000274658203,123507200.0,104.83805084228516
2011-12-30,126.33000183105469,125.5,126.0199966430664,125.5,95599000.0,104.32268524169922
