Date,High,Low,Open,Close,Volume,Adj Close
2008-10-01,116.69000244140625,113.94999694824219,115.2699966430664,116.05999755859375,332783000,89.8476791381836
2008-10-02,115.11000061035156,111.05999755859375,114.94999694824219,111.8499984741211,365337800,86.58853149414062
2008-10-03,115.44999694824219,109.68000030517578,112.86000061035156,110.33999633789062,461798000,85.41958618164062
2008-10-06,107.62000274658203,100.63999938964844,107.1500015258789,104.72000122070312,610637500,81.0688705444336
2008-10-07,107.33000183105469,99.6500015258789,106.83999633789062,100.02999877929688,540012100,77.43807983398438
2008-10-08,102.18000030517578,96.80999755859375,97.5199966430664,97.51000213623047,725414800,75.48722839355469
2008-10-09,100.62000274658203,90.25,99.66000366210938,90.69999694824219,534485200,70.21527099609375
2008-10-10,93.94000244140625,83.58000183105469,86.76000213623047,88.5,871026300,68.51216888427734
2008-10-13,101.3499984741211,89.94999694824219,93.87000274658203,101.3499984741211,455584000,78.45997619628906
2008-10-14,105.52999877929688,97.11000061035156,104.69999694824219,99.8499984741211,546268300,77.29874420166016
2008-10-15,97.80000305175781,89.70999908447266,97.45999908447266,90.0199966430664,484627500,69.68887329101562
2008-10-16,94.7699966430664,86.54000091552734,91.29000091552734,93.7699966430664,708811200,72.59192657470703
2008-10-17,98.58999633789062,91.6500015258789,91.98999786376953,93.20999908447266,476649000,72.15839385986328
2008-10-20,99.0999984741211,94.08999633789062,95.3499984741211,98.80999755859375,321294200,76.4936294555664
2008-10-21,98.63999938964844,95.22000122070312,96.97000122070312,95.86000061035156,356502000,74.20989227294922
2008-10-22,95.86000061035156,87.52999877929688,93.19999694824219,90.63999938964844,516168000,70.16886138916016
2008-10-23,92.44999694824219,85.80999755859375,90.29000091552734,91.69000244140625,634666400,70.98169708251953
2008-10-24,89.91999816894531,84.0,84.05999755859375,87.04000091552734,545812600,67.38189697265625
2008-10-27,89.51000213623047,83.69999694824219,85.97000122070312,83.94999694824219,397288600,64.98979187011719
2008-10-28,94.23999786376953,84.52999877929688,87.33999633789062,93.76000213623047,639939500,72.58419036865234
2008-10-29,97.16999816894531,92.0999984741211,93.7699966430664,93.08000183105469,531270100,72.0577392578125
2008-10-30,96.54000091552734,92.9000015258789,95.77999877929688,96.30000305175781,414582100,74.55052185058594
2008-10-31,98.56999969482422,94.4800033569336,95.08000183105469,96.83000183105469,411394000,74.96082305908203
