Date,High,Low,Open,Close,Volume,Adj Close
2008-09-02,130.7100067138672,127.5199966430664,130.02999877929688,127.98999786376953,252364900.0,98.5130844116211
2008-09-03,128.5,126.93000030517578,127.87999725341797,127.87999725341797,251947000.0,98.42838287353516
2008-09-04,127.2300033569336,123.95999908447266,126.97000122070312,124.02999877929688,340042500.0,95.46510314941406
2008-09-05,124.94999694824219,122.0,123.29000091552734,124.41999816894531,289503400.0,95.76527404785156
2008-09-08,128.24000549316406,124.41999816894531,128.0399932861328,126.98999786376953,364075300.0,97.74337768554688
2008-09-09,127.36000061035156,122.80000305175781,127.0999984741211,123.22000122070312,377326800.0,94.84163665771484
2008-09-10,124.9000015258789,122.55000305175781,123.88999938964844,123.72000122070312,298916600.0,95.22647857666016
2008-09-11,125.73999786376953,121.5999984741211,122.12000274658203,125.51000213623047,375369400.0,96.60424041748047
2008-09-12,126.20999908447266,123.83000183105469,124.29000091552734,126.08999633789062,297851200.0,97.05067443847656
2008-09-15,125.6500015258789,119.88999938964844,121.62999725341797,120.08999633789062,483607000.0,92.43247985839844
2008-09-16,122.31999969482422,117.0,117.19999694824219,122.0999984741211,581744300.0,93.97956848144531
2008-09-17,121.8499984741211,116.0,119.63999938964844,116.61000061035156,624095600.0,89.75395965576172
2008-09-18,121.79000091552734,113.80000305175781,118.05000305175781,120.06999969482422,776114700.0,92.4170913696289
2008-09-19,128.0,123.33000183105469,126.69999694824219,124.12000274658203,501087800.0,96.08733367919922
2008-09-22,124.75,120.36000061035156,124.44999694824219,121.30999755859375,249966500.0,93.91197204589844
2008-09-23,122.0199966430664,118.27999877929688,120.8499984741211,118.55000305175781,327470400.0,91.77533721923828
2008-09-24,120.0,117.79000091552734,119.3499984741211,118.93000030517578,311818400.0,92.06951141357422
2008-09-25,121.91000366210938,118.44000244140625,119.4000015258789,120.79000091552734,328253000.0,93.50941467285156
2008-09-26,121.5,118.51000213623047,118.83000183105469,120.8499984741211,285917400.0,93.55587005615234
2008-09-29,119.33999633789062,110.97000122070312,119.13999938964844,111.37999725341797,459562300.0,86.22468566894531
2008-09-30,116.80000305175781,110.52999877929688,113.51000213623047,115.98999786376953,328154400.0,89.79351806640625
