Date,High,Low,Open,Close,Volume,Adj Close
2001-06-01,127.0999984741211,125.12000274658203,126.19999694824219,126.7300033569336,8848300.0,86.08922576904297
2001-06-04,127.43000030517578,126.08000183105469,126.80000305175781,127.33999633789062,5623500.0,86.50357818603516
2001-06-05,129.22999572753906,127.2699966430664,127.48999786376953,128.8000030517578,9115400.0,87.49537658691406
2001-06-06,128.8300018310547,127.36000061035156,128.8300018310547,127.7300033569336,12064900.0,86.76854705810547
2001-06-07,128.35000610351562,127.0,127.05000305175781,128.19000244140625,7355300.0,87.08098602294922
2001-06-08,127.87000274658203,126.13999938964844,127.69999694824219,127.0,8170600.0,86.27262115478516
2001-06-11,126.98999786376953,125.41000366210938,126.70999908447266,126.0999984741211,7012200.0,85.66120910644531
2001-06-12,126.73999786376953,124.04000091552734,124.86000061035156,125.87999725341797,9364400.0,85.51181030273438
2001-06-13,126.58000183105469,124.6500015258789,126.16999816894531,124.80000305175781,7629400.0,84.77812194824219
2001-06-14,124.30000305175781,121.75,124.18000030517578,122.0,12603000.0,82.87608337402344
2001-06-15,122.4000015258789,120.4000015258789,120.91000366210938,121.8499984741211,16821100.0,83.00957489013672
2001-06-18,122.44000244140625,120.91000366210938,121.6500015258789,121.26000213623047,11368300.0,82.60763549804688
2001-06-19,122.88999938964844,120.88999938964844,122.37999725341797,121.79000091552734,7732300.0,82.96870422363281
2001-06-20,122.86000061035156,121.0999984741211,121.19000244140625,122.43000030517578,8787200.0,83.40470123291016
2001-06-21,124.30999755859375,122.1500015258789,122.22000122070312,123.81999969482422,12259100.0,84.35163116455078
2001-06-22,123.58999633789062,122.16000366210938,123.48999786376953,122.8499984741211,12212000.0,83.69080352783203
2001-06-25,123.44000244140625,121.5,123.27999877929688,121.72000122070312,8406800.0,82.9210205078125
2001-06-26,122.38999938964844,120.56999969482422,120.9000015258789,121.55000305175781,8005800.0,82.8051986694336
2001-06-27,122.23999786376953,120.91000366210938,121.5999984741211,121.4800033569336,10105100.0,82.75753784179688
2001-06-28,123.94000244140625,121.93000030517578,122.0,122.1500015258789,10269300.0,83.21399688720703
2001-06-29,124.01000213623047,122.26000213623047,122.80000305175781,122.5999984741211,9824200.0,83.5205078125
