Date,High,Low,Open,Close,Volume,Adj Close
2016-06-01,210.47999572753906,208.88999938964844,209.1199951171875,210.27000427246094,69936200.0,190.64659118652344
2016-06-02,210.92999267578125,209.24000549316406,209.8000030517578,210.91000366210938,63044700.0,191.2268524169922
2016-06-03,210.69000244140625,208.86000061035156,210.25,210.27999877929688,101757100.0,190.65562438964844
2016-06-06,211.77000427246094,210.50999450683594,210.6999969482422,211.35000610351562,64887000.0,191.6257781982422
2016-06-07,212.33999633789062,211.5,211.52999877929688,211.67999267578125,60974800.0,191.9249725341797
2016-06-08,212.52000427246094,211.69000244140625,211.83999633789062,212.3699951171875,66170900.0,192.5505828857422
2016-06-09,212.22000122070312,211.19000244140625,211.50999450683594,212.0800018310547,73786900.0,192.28765869140625
2016-06-10,210.86000061035156,209.42999267578125,210.4600067138672,210.07000732421875,113829200.0,190.46522521972656
2016-06-13,210.3699951171875,208.35000610351562,209.36000061035156,208.4499969482422,117751200.0,188.99639892578125
2016-06-14,208.74000549316406,206.9199981689453,208.0,208.0399932861328,125059300.0,188.62464904785156
2016-06-15,209.36000061035156,207.52999877929688,208.0399932861328,207.75,109124500.0,188.36172485351562
2016-06-16,208.57000732421875,205.58999633789062,207.75,208.3699951171875,149533100.0,188.92385864257812
2016-06-17,207.1999969482422,205.75,207.1699981689453,206.52000427246094,117055700.0,188.22032165527344
2016-06-20,209.61000061035156,207.75,208.82000732421875,207.85000610351562,82789600.0,189.4324493408203
2016-06-21,208.9199981689453,207.77999877929688,208.3000030517578,208.44000244140625,72461700.0,189.97019958496094
2016-06-22,209.5,207.92999267578125,208.64999389648438,208.10000610351562,95560500.0,189.66030883789062
2016-06-23,210.8699951171875,209.27000427246094,209.80999755859375,210.80999755859375,102731400.0,192.130126953125
2016-06-24,210.85000610351562,202.72000122070312,203.6300048828125,203.24000549316406,333444400.0,185.23094177246094
2016-06-27,201.60000610351562,198.64999389648438,201.58999633789062,199.60000610351562,230775800.0,181.91346740722656
2016-06-28,203.22999572753906,201.1199951171875,201.47999572753906,203.1999969482422,159382400.0,185.19448852539062
2016-06-29,206.92999267578125,204.72000122070312,204.83999633789062,206.66000366210938,137328600.0,188.34786987304688
2016-06-30,209.5399932861328,206.55999755859375,207.2100067138672,209.47999572753906,165021900.0,190.91798400878906
