Date,High,Low,Open,Close,Volume,Adj Close
2007-03-01,141.25,138.0500030517578,139.33999633789062,140.50999450683594,212828600.0,105.14103698730469
2007-03-02,140.66000366210938,138.66000366210938,140.0500030517578,138.6699981689453,162574000.0,103.76421356201172
2007-03-05,139.5800018310547,137.3300018310547,137.92999267578125,137.35000610351562,143750400.0,102.7764663696289
2007-03-06,140.1199951171875,137.72000122070312,138.77999877929688,139.6999969482422,143333300.0,104.53487396240234
2007-03-07,140.4600067138672,139.39999389648438,139.58999633789062,139.55999755859375,115144900.0,104.43017578125
2007-03-08,141.16000366210938,140.07000732421875,140.5399932861328,140.74000549316406,117891600.0,105.31311798095703
2007-03-09,141.4199981689453,140.0800018310547,141.30999755859375,140.77999877929688,107765100.0,105.34304809570312
2007-03-12,141.33999633789062,140.16000366210938,140.4199981689453,140.99000549316406,80366900.0,105.50018310546875
2007-03-13,140.77000427246094,138.0399932861328,140.17999267578125,138.25,190605200.0,103.4499282836914
2007-03-14,139.36000061035156,136.75,138.42999267578125,139.27999877929688,231853800.0,104.22066497802734
2007-03-15,139.99000549316406,138.8000030517578,138.97000122070312,139.47000122070312,132435900.0,104.36277770996094
2007-03-16,139.6300048828125,138.1199951171875,139.30999755859375,138.52999877929688,121531600.0,104.07057189941406
2007-03-19,140.3300018310547,139.14999389648438,139.25999450683594,140.1999969482422,96161200.0,105.32518005371094
2007-03-20,141.0500030517578,139.9600067138672,140.0800018310547,140.97000122070312,82147400.0,105.90363311767578
2007-03-21,143.64999389648438,140.82000732421875,141.10000610351562,143.2899932861328,152368700.0,107.64656066894531
2007-03-22,143.67999267578125,142.7899932861328,143.47999572753906,143.17999267578125,118942200.0,107.56390380859375
2007-03-23,143.80999755859375,143.14999389648438,143.27999877929688,143.38999938964844,74416800.0,107.72164916992188
2007-03-26,143.64999389648438,142.08999633789062,143.5,143.1999969482422,113787500.0,107.57892608642578
2007-03-27,143.16000366210938,142.38999938964844,143.1199951171875,142.86000061035156,99864600.0,107.32347869873047
2007-03-28,142.47000122070312,141.25999450683594,142.13999938964844,141.82000732421875,152907900.0,106.54220581054688
2007-03-29,142.61000061035156,141.19000244140625,142.5399932861328,141.97000122070312,139432700.0,106.6548843383789
2007-03-30,142.83999633789062,140.55999755859375,142.24000549316406,142.0,128194100.0,106.67741394042969
