Date,High,Low,Open,Close,Volume,Adj Close
2000-10-02,144.90625,143.140625,144.28125,143.84375,5517800,97.1544189453125
2000-10-03,145.75,142.28125,144.53125,142.5,9347200,96.2468032836914
2000-10-04,144.25,141.75,142.875,143.6875,6148900,97.04885864257812
2000-10-05,144.84375,143.3125,143.40625,144.1875,4566900,97.38655090332031
2000-10-06,144.640625,139.75,143.875,141.0625,10014900,95.27591705322266
2000-10-09,141.3125,139.375,141.3125,140.0,4508000,94.55826568603516
2000-10-10,141.25,137.6875,140.09375,137.6875,6104700,92.99634552001953
2000-10-11,138.625,135.125,137.625,136.53125,10346000,92.2154312133789
2000-10-12,137.59375,132.78125,137.28125,133.125,12336900,89.91474914550781
2000-10-13,137.65625,132.875,132.9375,137.5625,11778800,92.91195678710938
2000-10-16,138.234375,136.6875,137.40625,138.1875,5659000,93.33407592773438
2000-10-17,138.5625,134.40625,138.4375,134.75,7831700,91.01232147216797
2000-10-18,136.125,130.15625,132.625,134.25,10897300,90.67462158203125
2000-10-19,139.453125,136.4375,136.84375,139.3125,8767300,94.09388732910156
2000-10-20,141.1875,138.375,138.375,139.90625,7373500,94.49494934082031
2000-10-23,141.03125,138.9375,139.9375,140.53125,5290000,94.91704559326172
2000-10-24,141.9375,139.0,140.96875,139.59375,5750700,94.28388214111328
2000-10-25,139.5625,136.125,138.75,136.3125,9137600,92.06767272949219
2000-10-26,137.65625,134.03125,137.125,136.6875,9345800,92.32097625732422
2000-10-27,139.28125,136.625,137.875,139.28125,9762900,94.07279968261719
2000-10-30,141.09375,138.15625,138.4375,140.53125,10154100,94.91704559326172
2000-10-31,143.6875,140.0625,141.015625,142.953125,7752400,96.55284118652344
