Date,High,Low,Open,Close,Volume,Adj Close
2009-10-01,105.7300033569336,102.94999694824219,103.0,102.97000122070312,281840600,81.78125762939453
2009-10-02,103.0999984741211,101.98999786376953,102.0199966430664,102.48999786376953,224748800,81.4000244140625
2009-10-05,104.31999969482422,102.5999984741211,102.9000015258789,104.0199966430664,149875000,82.61517333984375
2009-10-06,106.11000061035156,104.70999908447266,104.7699966430664,105.51000213623047,202491100,83.79859161376953
2009-10-07,105.91000366210938,105.06999969482422,105.2699966430664,105.80000305175781,159200300,84.02892303466797
2009-10-08,107.16999816894531,105.8499984741211,106.55000305175781,106.61000061035156,183305800,84.67227172851562
2009-10-09,107.26000213623047,106.36000061035156,106.63999938964844,107.26000213623047,135008300,85.1884765625
2009-10-12,108.08999633789062,107.27999877929688,107.76000213623047,107.68000030517578,118031000,85.52206420898438
2009-10-13,107.70999908447266,106.76000213623047,107.38999938964844,107.45999908447266,157692700,85.34733581542969
2009-10-14,109.41999816894531,107.41999816894531,108.72000122070312,109.30999755859375,191421600,86.8166275024414
2009-10-15,109.70999908447266,108.7300033569336,108.77999877929688,109.70999908447266,173873600,87.13433074951172
2009-10-16,109.2699966430664,108.2300033569336,108.80000305175781,108.88999938964844,192069400,86.48308563232422
2009-10-19,110.12999725341797,108.7300033569336,109.06999969482422,109.79000091552734,159530400,87.1978759765625
2009-10-20,109.98999786376953,108.68000030517578,109.94999694824219,109.20999908447266,180921100,86.73722839355469
2009-10-21,110.30999755859375,108.1500015258789,109.04000091552734,108.2300033569336,225379300,85.95886993408203
2009-10-22,109.68000030517578,107.5,108.19000244140625,109.33000183105469,238444000,86.83252716064453
2009-10-23,109.76000213623047,107.62999725341797,109.69000244140625,108.08000183105469,240033200,85.83971405029297
2009-10-26,109.30999755859375,106.61000061035156,108.19999694824219,106.91000366210938,242028200,84.91049194335938
2009-10-27,107.38999938964844,106.16000366210938,107.02999877929688,106.41999816894531,253266300,84.52134704589844
2009-10-28,106.4800033569336,104.3499984741211,106.1500015258789,104.41000366210938,248821400,82.92497253417969
2009-10-29,106.86000061035156,104.94000244140625,105.19000244140625,106.6500015258789,198110600,84.70402526855469
2009-10-30,106.62000274658203,103.44000244140625,106.30000305175781,103.55999755859375,325608100,82.24986267089844
