Date,High,Low,Open,Close,Volume,Adj Close
2015-12-01,210.82000732421875,209.11000061035156,209.44000244140625,210.67999267578125,97858400.0,188.91378784179688
2015-12-02,211.0,208.22999572753906,210.6199951171875,208.52999877929688,108441300.0,186.98594665527344
2015-12-03,209.14999389648438,204.75,208.8300018310547,205.61000061035156,166224200.0,184.36764526367188
2015-12-04,209.97000122070312,205.61000061035156,205.61000061035156,209.6199951171875,192913900.0,187.96331787109375
2015-12-07,209.72999572753906,207.1999969482422,209.22999572753906,208.35000610351562,102027100.0,186.82455444335938
2015-12-08,208.2899932861328,205.77999877929688,206.49000549316406,206.9499969482422,103372400.0,185.56918334960938
2015-12-09,208.67999267578125,204.17999267578125,206.19000244140625,205.33999633789062,162401500.0,184.12551879882812
2015-12-10,207.42999267578125,205.13999938964844,205.4199981689453,205.8699951171875,116128900.0,184.60076904296875
2015-12-11,204.13999938964844,201.50999450683594,203.35000610351562,201.8800048828125,211173300.0,181.02296447753906
2015-12-14,203.0500030517578,199.9499969482422,202.07000732421875,202.89999389648438,182385200.0,181.9376220703125
2015-12-15,206.11000061035156,202.8699951171875,204.6999969482422,205.02999877929688,154069600.0,183.84754943847656
2015-12-16,208.38999938964844,204.8000030517578,206.3699951171875,208.02999877929688,197017000.0,186.53759765625
2015-12-17,208.47999572753906,204.83999633789062,208.39999389648438,204.86000061035156,173092500.0,183.6951446533203
2015-12-18,202.92999267578125,199.8300018310547,202.77000427246094,200.02000427246094,251393500.0,180.42259216308594
2015-12-21,201.8800048828125,200.08999633789062,201.41000366210938,201.6699981689453,99094300.0,181.91090393066406
2015-12-22,203.85000610351562,201.5500030517578,202.72000122070312,203.5,111026200.0,183.56163024902344
2015-12-23,206.07000732421875,204.5800018310547,204.69000244140625,206.02000427246094,110987200.0,185.83474731445312
2015-12-24,206.3300018310547,205.4199981689453,205.72000122070312,205.67999267578125,48539600.0,185.52798461914062
2015-12-28,205.25999450683594,203.94000244140625,204.86000061035156,205.2100067138672,65899900.0,185.10414123535156
2015-12-29,207.7899932861328,206.47000122070312,206.50999450683594,207.39999389648438,92640700.0,187.07948303222656
2015-12-30,207.2100067138672,205.75999450683594,207.11000061035156,205.92999267578125,63317700.0,185.7535400390625
2015-12-31,205.88999938964844,203.8699951171875,205.1300048828125,203.8699951171875,114877900.0,183.89537048339844
