Date,High,Low,Open,Close,Volume,Adj Close
2015-03-02,212.05999755859375,210.72000122070312,210.77999877929688,211.99000549316406,87491400.0,187.35366821289062
2015-03-03,212.0500030517578,210.0800018310547,211.47000122070312,211.1199951171875,110325800.0,186.5847625732422
2015-03-04,210.49000549316406,209.05999755859375,210.39999389648438,210.22999572753906,114497200.0,185.79818725585938
2015-03-05,210.8000030517578,209.85000610351562,210.6199951171875,210.4600067138672,76873000.0,186.00144958496094
2015-03-06,209.94000244140625,207.10000610351562,209.4199981689453,207.5,188128000.0,183.38543701171875
2015-03-09,208.7899932861328,207.5500030517578,207.74000549316406,208.36000061035156,89818900.0,184.14552307128906
2015-03-10,206.80999755859375,204.92999267578125,206.7100067138672,204.97999572753906,157121300.0,181.15829467773438
2015-03-11,205.5,204.39999389648438,205.2899932861328,204.5,110145700.0,180.73410034179688
2015-03-12,207.17999267578125,205.1999969482422,205.25999450683594,207.10000610351562,93993500.0,183.0319366455078
2015-03-13,207.92999267578125,204.5800018310547,206.77000427246094,205.8300018310547,162410900.0,181.90956115722656
2015-03-16,208.69000244140625,205.86000061035156,206.7100067138672,208.5800018310547,136099200.0,184.3399658203125
2015-03-17,208.4199981689453,206.97999572753906,207.69000244140625,207.9600067138672,94510400.0,183.7919921875
2015-03-18,211.27000427246094,206.6199951171875,207.38999938964844,210.4600067138672,228808500.0,186.00144958496094
2015-03-19,210.47000122070312,209.02999877929688,209.9600067138672,209.5,117917300.0,185.15306091308594
2015-03-20,211.02000427246094,209.49000549316406,209.7100067138672,210.41000366210938,177715100.0,186.7873992919922
2015-03-23,211.11000061035156,210.0,210.4199981689453,210.0,71784500.0,186.4234161376953
2015-03-24,210.39999389648438,208.74000549316406,209.85000610351562,208.82000732421875,77805300.0,185.37591552734375
2015-03-25,209.35000610351562,205.7100067138672,209.07000732421875,205.75999450683594,159521700.0,182.659423828125
2015-03-26,206.3699951171875,204.1199951171875,204.9600067138672,205.27000427246094,153067200.0,182.22442626953125
2015-03-27,205.9499969482422,204.89999389648438,205.1300048828125,205.74000549316406,118939000.0,182.6416778564453
2015-03-30,208.61000061035156,206.9600067138672,206.97999572753906,208.25,96180400.0,184.86981201171875
2015-03-31,208.10000610351562,206.36000061035156,207.25999450683594,206.42999267578125,126768700.0,183.2541961669922
