Date,High,Low,Open,Close,Volume,Adj Close
2005-03-01,121.5199966430664,120.77999877929688,120.81999969482422,121.2300033569336,47294400.0,87.52349853515625
2005-03-02,121.93000030517578,120.6500015258789,120.76000213623047,121.16999816894531,64226500.0,87.48018646240234
2005-03-03,121.9000015258789,120.69999694824219,121.66000366210938,121.22000122070312,61230800.0,87.51626586914062
2005-03-04,122.83000183105469,121.79000091552734,122.05000305175781,122.7300033569336,56168500.0,88.60641479492188
2005-03-07,123.25,122.4000015258789,122.66000366210938,122.79000091552734,43442400.0,88.64974212646484
2005-03-08,123.0,122.11000061035156,122.66999816894531,122.33000183105469,44362000.0,88.31766510009766
2005-03-09,122.29000091552734,120.95999908447266,121.97000122070312,120.97000122070312,73263600.0,87.33577728271484
2005-03-10,121.5,120.4000015258789,121.19999694824219,121.23999786376953,65149000.0,87.53070831298828
2005-03-11,121.72000122070312,120.16000366210938,121.30999755859375,120.38999938964844,57976500.0,86.9170150756836
2005-03-14,121.16000366210938,120.27999877929688,120.61000061035156,121.13999938964844,36336400.0,87.45851135253906
2005-03-15,121.45999908447266,120.08000183105469,121.41999816894531,120.13999938964844,62438500.0,86.7365493774414
2005-03-16,120.16000366210938,118.9000015258789,119.69999694824219,119.12000274658203,74874200.0,86.00016021728516
2005-03-17,119.73999786376953,118.9800033569336,119.30999755859375,119.36000061035156,62584200.0,86.17342376708984
2005-03-18,119.52999877929688,118.1500015258789,119.11000061035156,118.54000091552734,60232000.0,85.91753387451172
2005-03-21,118.77999877929688,117.76000213623047,118.70999908447266,118.0999984741211,61244300.0,85.5986557006836
2005-03-22,118.93000030517578,116.9000015258789,118.37000274658203,116.9000015258789,92472400.0,84.72887420654297
2005-03-23,117.72000122070312,116.75,116.94999694824219,117.0,70817300.0,84.80137634277344
2005-03-24,117.98999786376953,117.05999755859375,117.45999908447266,117.13999938964844,51932500.0,84.90284729003906
2005-03-28,117.94000244140625,117.30999755859375,117.41999816894531,117.30999755859375,46765500.0,85.02603912353516
2005-03-29,117.9000015258789,116.25,117.13999938964844,116.52999877929688,71160300.0,84.4607162475586
2005-03-30,118.19999694824219,116.7699966430664,116.77999877929688,118.18000030517578,62002100.0,85.65663146972656
2005-03-31,118.45999908447266,117.87000274658203,118.19000244140625,117.95999908447266,64575400.0,85.4971694946289
