Date,High,Low,Open,Close,Volume,Adj Close
2017-02-01,228.58999633789062,226.94000244140625,227.52999877929688,227.6199951171875,79117700,209.7274627685547
2017-02-02,228.10000610351562,226.82000732421875,227.6199951171875,227.77000427246094,69657600,209.8656463623047
2017-02-03,229.5500030517578,228.4600067138672,228.82000732421875,229.33999633789062,80563200,211.31224060058594
2017-02-06,229.3300018310547,228.5399932861328,228.8699951171875,228.92999267578125,57790100,210.9344482421875
2017-02-07,229.66000366210938,228.72000122070312,229.3800048828125,228.94000244140625,57931200,210.9436798095703
2017-02-08,229.38999938964844,228.30999755859375,228.94000244140625,229.24000549316406,51566200,211.22010803222656
2017-02-09,230.9499969482422,229.24000549316406,229.24000549316406,230.60000610351562,65955200,212.4731903076172
2017-02-10,231.77000427246094,230.6199951171875,231.0,231.50999450683594,66015900,213.31163024902344
2017-02-13,233.07000732421875,232.0500030517578,232.0800018310547,232.77000427246094,55182100,214.47262573242188
2017-02-14,233.7100067138672,232.16000366210938,232.55999755859375,233.6999969482422,71109000,215.3295135498047
2017-02-15,235.13999938964844,233.38999938964844,233.4499969482422,234.9199981689453,86785800,216.45359802246094
2017-02-16,235.16000366210938,233.85000610351562,234.9499969482422,234.72000122070312,84722400,216.26931762695312
2017-02-17,235.08999633789062,233.92999267578125,233.9499969482422,235.08999633789062,77204100,216.61024475097656
2017-02-21,236.69000244140625,235.50999450683594,235.52000427246094,236.49000549316406,88946100,217.90020751953125
2017-02-22,236.5399932861328,235.8300018310547,236.02000427246094,236.27999877929688,62115200,217.70669555664062
2017-02-23,236.89999389648438,235.55999755859375,236.8800048828125,236.44000244140625,74615900,217.85409545898438
2017-02-24,236.7899932861328,235.41000366210938,235.4600067138672,236.74000549316406,82381600,218.1305389404297
2017-02-27,237.30999755859375,236.35000610351562,236.63999938964844,237.11000061035156,56515400,218.47145080566406
2017-02-28,236.9499969482422,236.02000427246094,236.6699981689453,236.47000122070312,96961900,217.8817901611328
