Date,High,Low,Open,Close,Volume,Adj Close
2001-10-01,104.31999969482422,102.83000183105469,103.9000015258789,104.2699966430664,20457400,71.29987335205078
2001-10-02,105.58000183105469,103.6500015258789,104.0,105.58000183105469,19833100,72.1956558227539
2001-10-03,107.87999725341797,104.3499984741211,104.5999984741211,107.3499984741211,32045800,73.40596008300781
2001-10-04,108.97000122070312,106.75,108.29000091552734,107.44000244140625,32674100,73.46747589111328
2001-10-05,107.62000274658203,105.5199966430664,107.25,107.2300033569336,29796100,73.32386779785156
2001-10-08,107.30000305175781,105.87000274658203,106.2699966430664,106.52999877929688,12970300,72.84525299072266
2001-10-09,106.75,105.5999984741211,106.61000061035156,105.95999908447266,15976300,72.4554443359375
2001-10-10,108.55000305175781,105.5199966430664,105.80000305175781,108.31999969482422,19987400,74.06924438476562
2001-10-11,110.30000305175781,108.94999694824219,108.94999694824219,110.0,23006300,75.21803283691406
2001-10-12,109.88999938964844,107.30000305175781,109.1500015258789,109.5,31360500,74.87612915039062
2001-10-15,109.44999694824219,108.05999755859375,108.62999725341797,109.30000305175781,16873000,74.7393569946289
2001-10-16,110.61000061035156,108.94999694824219,109.80000305175781,109.98999786376953,15877100,75.21117401123047
2001-10-17,111.1500015258789,107.6500015258789,111.06999969482422,107.6500015258789,28542300,73.61111450195312
2001-10-18,108.16000366210938,106.75,107.81999969482422,107.41999816894531,16510000,73.45378112792969
2001-10-19,107.91000366210938,106.01000213623047,107.0,107.3499984741211,21912500,73.40596008300781
2001-10-22,109.56999969482422,107.20999908447266,107.30000305175781,109.47000122070312,17540600,74.8556137084961
2001-10-23,110.27999877929688,108.37999725341797,109.95999908447266,108.91000366210938,22062500,74.47266387939453
2001-10-24,109.44999694824219,108.22000122070312,108.9800033569336,108.62000274658203,16065200,74.27438354492188
2001-10-25,110.5999984741211,106.73999786376953,107.44999694824219,110.56999969482422,27467900,75.6078109741211
2001-10-26,111.79000091552734,109.66999816894531,109.94999694824219,110.31999969482422,18623300,75.43682861328125
2001-10-29,110.55000305175781,107.44999694824219,110.16000366210938,107.44999694824219,18727500,73.47431945800781
2001-10-30,107.69999694824219,105.55999755859375,107.3499984741211,106.16000366210938,26178600,72.59220886230469
2001-10-31,107.86000061035156,105.80000305175781,106.9000015258789,105.80000305175781,28124200,72.34603881835938
