Date,High,Low,Open,Close,Volume,Adj Close
2012-09-04,141.4600067138672,140.1300048828125,141.0399932861328,141.02999877929688,120226200.0,118.35591125488281
2012-09-05,141.47000122070312,140.6300048828125,141.08999633789062,140.91000366210938,100660300.0,118.25526428222656
2012-09-06,143.77999877929688,141.75,141.75999450683594,143.77000427246094,158272500.0,120.65541076660156
2012-09-07,144.38999938964844,143.8800048828125,144.00999450683594,144.3300018310547,107272100.0,121.12535095214844
2012-09-10,144.44000244140625,143.4600067138672,144.19000244140625,143.50999450683594,86458500.0,120.43722534179688
2012-09-11,144.3699951171875,143.55999755859375,143.60000610351562,143.91000366210938,88760000.0,120.7729263305664
2012-09-12,144.5500030517578,143.89999389648438,144.38999938964844,144.38999938964844,87640900.0,121.17575073242188
2012-09-13,147.0399932861328,143.99000549316406,144.3699951171875,146.58999633789062,225470200.0,123.0219955444336
2012-09-14,148.11000061035156,146.75999450683594,146.8800048828125,147.24000549316406,169777000.0,123.56755828857422
2012-09-17,147.19000244140625,146.3699951171875,146.94000244140625,146.74000549316406,119427800.0,123.14789581298828
2012-09-18,146.80999755859375,146.25,146.49000549316406,146.6199951171875,98326600.0,123.04719543457031
2012-09-19,147.1699981689453,146.41000366210938,146.7899932861328,146.6999969482422,128318300.0,123.11434173583984
2012-09-20,146.7899932861328,145.6300048828125,146.02999877929688,146.7100067138672,154009800.0,123.12276458740234
2012-09-21,146.6699981689453,145.80999755859375,146.63999938964844,145.8699951171875,108737500.0,123.07125091552734
2012-09-24,145.97999572753906,145.0399932861328,145.14999389648438,145.64999389648438,95682000.0,122.88567352294922
2012-09-25,146.24000549316406,144.05999755859375,145.9600067138672,144.10000610351562,133165200.0,121.57791137695312
2012-09-26,144.11000061035156,142.9499969482422,144.07000732421875,143.2899932861328,146502200.0,120.89450073242188
2012-09-27,144.97000122070312,143.50999450683594,143.88999938964844,144.63999938964844,111830300.0,122.03348541259766
2012-09-28,144.55999755859375,143.4600067138672,144.08999633789062,143.97000122070312,150696100.0,121.46824645996094
