Date,High,Low,Open,Close,Volume,Adj Close
2005-08-01,124.04000091552734,123.44999694824219,123.83000183105469,123.6500015258789,40418200,89.98300170898438
2005-08-02,124.5999984741211,123.73999786376953,123.87000274658203,124.38999938964844,45147400,90.52153015136719
2005-08-03,124.73999786376953,124.12000274658203,124.25,124.72000122070312,36837200,90.76165008544922
2005-08-04,124.30999755859375,123.56999969482422,124.2300033569336,123.72000122070312,50855600,90.03392791748047
2005-08-05,123.9800033569336,122.66999816894531,123.44999694824219,122.87999725341797,53595500,89.42259979248047
2005-08-08,123.41000366210938,122.37999725341797,123.1500015258789,122.6500015258789,47616000,89.25528717041016
2005-08-09,123.58999633789062,122.87000274658203,123.05999755859375,123.38999938964844,47170000,89.79376220703125
2005-08-10,124.5,122.81999969482422,123.81999969482422,123.33000183105469,72863700,89.75011444091797
2005-08-11,124.02999877929688,123.01000213623047,123.2699966430664,123.81999969482422,58570200,90.10672760009766
2005-08-12,123.69000244140625,122.75,123.56999969482422,123.05999755859375,54776900,89.55361938476562
2005-08-15,123.87000274658203,122.83000183105469,123.22000122070312,123.81999969482422,36208500,90.10672760009766
2005-08-16,123.5199966430664,122.08999633789062,123.44000244140625,122.20999908447266,71942100,88.93506622314453
2005-08-17,122.87000274658203,122.02999877929688,122.19000244140625,122.19999694824219,62275100,88.92774963378906
2005-08-18,122.55999755859375,121.83999633789062,122.05000305175781,122.19000244140625,53388600,88.92050170898438
2005-08-19,122.81999969482422,122.19999694824219,122.62999725341797,122.47000122070312,39842100,89.12432098388672
2005-08-22,123.2300033569336,121.87999725341797,122.58000183105469,122.47000122070312,69912000,89.12432098388672
2005-08-23,122.61000061035156,121.1500015258789,122.5,122.23999786376953,55168600,88.95691680908203
2005-08-24,122.7300033569336,121.08999633789062,121.94000244140625,121.1500015258789,79104600,88.16368103027344
2005-08-25,121.66999816894531,121.20999908447266,121.3499984741211,121.58999633789062,35631100,88.48389434814453
2005-08-26,121.48999786376953,120.68000030517578,121.4800033569336,120.76000213623047,61956800,87.87985229492188
2005-08-29,121.77999877929688,120.37999725341797,120.41000366210938,121.69000244140625,56179200,88.55665588378906
2005-08-30,121.30000305175781,120.38999938964844,121.25,121.05000305175781,74160200,88.09093475341797
2005-08-31,122.66000366210938,120.73999786376953,121.19000244140625,122.58000183105469,102945200,89.204345703125
