Date,High,Low,Open,Close,Volume,Adj Close
2001-02-01,137.9499969482422,136.25,137.10000610351562,137.92999267578125,8239100,93.44586181640625
2001-02-02,137.99000549316406,134.75,137.39999389648438,134.8000030517578,8276600,91.32535552978516
2001-02-05,135.94000244140625,134.75,134.8000030517578,135.7899932861328,4352900,91.99607849121094
2001-02-06,136.6999969482422,135.22000122070312,135.3000030517578,135.38999938964844,7106700,91.72509002685547
2001-02-07,135.39999389648438,133.67999267578125,134.72000122070312,134.69000244140625,5748700,91.2508544921875
2001-02-08,135.39999389648438,133.10000610351562,134.8000030517578,133.1199951171875,5943300,90.18717956542969
2001-02-09,133.35000610351562,131.25999450683594,133.35000610351562,131.83999633789062,9913000,89.31998443603516
2001-02-12,133.5,131.6999969482422,131.6999969482422,133.35000610351562,5804400,90.34298706054688
2001-02-13,134.1699981689453,132.0,133.6999969482422,132.25999450683594,6587600,89.60454559326172
2001-02-14,132.64999389648438,130.66000366210938,132.64999389648438,132.05999755859375,8400100,89.4690170288086
2001-02-15,133.52000427246094,131.99000549316406,132.83999633789062,133.33999633789062,5929800,90.33622741699219
2001-02-16,131.2899932861328,129.3000030517578,131.0,130.39999389648438,6434900,88.34439849853516
2001-02-20,131.13999938964844,128.10000610351562,131.0399932861328,128.38999938964844,5760000,86.982666015625
2001-02-21,128.83999633789062,125.5,127.9000015258789,125.62000274658203,10910800,85.10600280761719
2001-02-22,126.54000091552734,123.0199966430664,126.3499984741211,125.80999755859375,21281600,85.23475646972656
2001-02-23,125.54000091552734,121.80000305175781,125.08000183105469,124.95999908447266,20173000,84.65886688232422
2001-02-26,127.62000274658203,124.5,125.80000305175781,127.62000274658203,11503700,86.46100616455078
2001-02-27,127.83999633789062,125.51000213623047,126.80000305175781,126.44000244140625,11415000,85.66157531738281
2001-02-28,126.83999633789062,123.2699966430664,126.75,123.94999694824219,14825800,83.97460174560547
