Date,High,Low,Open,Close,Volume,Adj Close
2002-08-01,91.3499984741211,88.33000183105469,90.87999725341797,88.77999877929688,66571900,61.304927825927734
2002-08-02,88.91000366210938,85.62000274658203,88.5,86.79000091552734,51772900,59.930755615234375
2002-08-05,86.93000030517578,83.55000305175781,86.48999786376953,83.7699966430664,47191300,57.84536361694336
2002-08-06,87.9000015258789,85.11000061035156,85.2300033569336,86.58999633789062,64730000,59.79264450073242
2002-08-07,88.5,85.7699966430664,87.87000274658203,88.0999984741211,43289400,60.83536911010742
2002-08-08,91.0999984741211,87.80000305175781,88.41999816894531,90.94999694824219,48339800,62.8033561706543
2002-08-09,91.94000244140625,89.3499984741211,90.0999984741211,91.29000091552734,41879200,63.03812789916992
2002-08-12,91.2699966430664,89.55000305175781,89.98999786376953,90.62000274658203,25841700,62.575469970703125
2002-08-13,91.66000366210938,88.6500015258789,90.1500015258789,88.97000122070312,49690500,61.43610763549805
2002-08-14,92.62999725341797,88.0199966430664,89.0199966430664,92.22000122070312,57423600,63.680320739746094
2002-08-15,93.98999786376953,92.19999694824219,92.83999633789062,93.5,45551500,64.5641860961914
2002-08-16,94.08000183105469,92.0,92.81999969482422,93.22000122070312,36517300,64.37084197998047
2002-08-19,95.75,93.0999984741211,93.45999908447266,95.4000015258789,33669900,65.87615966796875
2002-08-20,95.4000015258789,93.62000274658203,94.81999969482422,94.38999938964844,30508300,65.17876434326172
2002-08-21,95.77999877929688,93.56999969482422,95.05999755859375,95.75,39628900,66.11788177490234
2002-08-22,97.1500015258789,95.06999969482422,95.48999786376953,96.68000030517578,38399800,66.76005554199219
2002-08-23,96.1500015258789,94.1500015258789,96.01000213623047,94.5999984741211,33716400,65.3237533569336
2002-08-26,95.63999938964844,93.5,94.91000366210938,95.26000213623047,33830100,65.7795181274414
2002-08-27,96.25,93.5,95.69999694824219,94.16000366210938,35335700,65.01994323730469
2002-08-28,93.48999786376953,91.80000305175781,93.27999877929688,92.0999984741211,38970600,63.597469329833984
2002-08-29,93.05000305175781,90.80999755859375,91.2699966430664,92.13999938964844,42965700,63.62508773803711
2002-08-30,93.38999938964844,91.4000015258789,91.68000030517578,91.77999877929688,30366700,63.376495361328125
