Date,High,Low,Open,Close,Volume,Adj Close
2007-09-04,149.97999572753906,147.39999389648438,147.4499969482422,149.0800018310547,120062000.0,112.47895812988281
2007-09-05,148.36000061035156,147.0,148.1999969482422,147.7899932861328,166261800.0,111.50566101074219
2007-09-06,148.61000061035156,147.1199951171875,147.9499969482422,148.1300048828125,127878400.0,111.76225280761719
2007-09-07,146.88999938964844,145.25999450683594,146.47999572753906,146.07000732421875,235447600.0,110.20797729492188
2007-09-10,146.72000122070312,144.3300018310547,146.52000427246094,145.7899932861328,192305900.0,109.9967269897461
2007-09-11,147.6999969482422,146.1300048828125,146.24000549316406,147.49000549316406,162081900.0,111.279296875
2007-09-12,148.44000244140625,146.97999572753906,147.2899932861328,147.8699951171875,149554600.0,111.56605529785156
2007-09-13,149.4499969482422,148.1999969482422,148.5500030517578,148.91000366210938,154079000.0,112.35069274902344
2007-09-14,149.08999633789062,147.74000549316406,147.9600067138672,148.89999389648438,121911000.0,112.34314727783203
2007-09-17,148.64999389648438,147.6300048828125,148.30999755859375,148.10000610351562,109870800.0,111.73956298828125
2007-09-18,152.5,148.1300048828125,148.8300018310547,152.4600067138672,263759500.0,115.02914428710938
2007-09-19,154.38999938964844,152.7100067138672,153.41000366210938,153.36000061035156,193779900.0,115.70816802978516
2007-09-20,153.42999267578125,152.11000061035156,153.33999633789062,152.27999877929688,175186800.0,114.89332580566406
2007-09-21,153.1199951171875,151.74000549316406,152.7100067138672,151.97000122070312,141457500.0,115.20340728759766
2007-09-24,152.82000732421875,151.36000061035156,152.4199981689453,151.69000244140625,139450200.0,114.99115753173828
2007-09-25,151.66000366210938,150.47000122070312,150.80999755859375,151.38999938964844,142289900.0,114.76372528076172
2007-09-26,152.77000427246094,151.38999938964844,152.25,152.19000244140625,135547000.0,115.37016296386719
2007-09-27,153.10000610351562,152.19000244140625,152.91000366210938,153.08999633789062,102713300.0,116.05243682861328
2007-09-28,153.19000244140625,151.97999572753906,152.85000610351562,152.5800018310547,133372100.0,115.66578674316406
