Date,High,Low,Open,Close,Volume,Adj Close
2016-01-04,201.02999877929688,198.58999633789062,200.49000549316406,201.02000427246094,222353500,181.32461547851562
2016-01-05,201.89999389648438,200.0500030517578,201.39999389648438,201.36000061035156,110845800,181.63128662109375
2016-01-06,200.05999755859375,197.60000610351562,198.33999633789062,198.82000732421875,152112600,179.34014892578125
2016-01-07,197.44000244140625,193.58999633789062,195.3300018310547,194.0500030517578,213436100,175.03753662109375
2016-01-08,195.85000610351562,191.5800018310547,195.19000244140625,191.9199981689453,209817200,173.1162109375
2016-01-11,193.41000366210938,189.82000732421875,193.00999450683594,192.11000061035156,187941300,173.28761291503906
2016-01-12,194.5500030517578,191.13999938964844,193.82000732421875,193.66000366210938,172330500,174.6857452392578
2016-01-13,194.86000061035156,188.3800048828125,194.4499969482422,188.8300018310547,221168900,170.32891845703125
2016-01-14,193.25999450683594,187.66000366210938,189.5500030517578,191.92999267578125,240795600,173.1251983642578
2016-01-15,188.75999450683594,185.52000427246094,186.77000427246094,187.80999755859375,324846400,169.4088897705078
2016-01-19,190.11000061035156,186.1999969482422,189.9600067138672,188.05999755859375,195244400,169.63438415527344
2016-01-20,187.5,181.02000427246094,185.02999877929688,185.64999389648438,286547800,167.46054077148438
2016-01-21,188.8699951171875,184.63999938964844,186.2100067138672,186.69000244140625,195772900,168.3986358642578
2016-01-22,190.75999450683594,188.8800048828125,189.77999877929688,190.52000427246094,168319600,171.8533172607422
2016-01-25,190.14999389648438,187.41000366210938,189.9199981689453,187.63999938964844,130371700,169.25552368164062
2016-01-26,190.52999877929688,188.02000427246094,188.4199981689453,190.1999969482422,141036800,171.56468200683594
2016-01-27,191.55999755859375,187.05999755859375,189.5800018310547,188.1300048828125,185681700,169.69752502441406
2016-01-28,190.1999969482422,187.16000366210938,189.9600067138672,189.11000061035156,143798800,170.58152770996094
2016-01-29,193.8800048828125,189.8800048828125,190.02000427246094,193.72000122070312,210529300,174.73983764648438
