Date,High,Low,Open,Close,Volume,Adj Close
2010-08-02,112.94000244140625,111.54000091552734,111.98999786376953,112.76000213623047,188263200,90.83979034423828
2010-08-03,112.7699966430664,111.8499984741211,112.4800033569336,112.22000122070312,146657300,90.4047622680664
2010-08-04,113.11000061035156,112.16000366210938,112.52999877929688,112.97000122070312,158171700,91.00897216796875
2010-08-05,112.91000366210938,112.08000183105469,112.25,112.8499984741211,140473800,90.91229248046875
2010-08-06,112.56999969482422,110.91999816894531,111.73999786376953,112.38999938964844,239728300,90.54170227050781
2010-08-09,113.18000030517578,112.31999969482422,112.91999816894531,112.98999786376953,120800400,91.02506256103516
2010-08-10,112.9800033569336,111.37000274658203,112.02999877929688,112.37999725341797,242916300,90.53365325927734
2010-08-11,110.69000244140625,109.12000274658203,110.6500015258789,109.30000305175781,273406900,88.05241394042969
2010-08-12,109.0199966430664,107.5999984741211,107.6500015258789,108.62999725341797,239542600,87.51264190673828
2010-08-13,108.95999908447266,108.18000030517578,108.29000091552734,108.30999755859375,158698500,87.25486755371094
2010-08-16,108.61000061035156,107.18000030517578,107.56999969482422,108.26000213623047,147895300,87.21458435058594
2010-08-17,110.38999938964844,108.87999725341797,109.19000244140625,109.58999633789062,172270300,88.28602600097656
2010-08-18,110.37999725341797,108.91000366210938,109.54000091552734,109.79000091552734,182922100,88.44715118408203
2010-08-19,109.48999786376953,107.43000030517578,109.22000122070312,107.87999725341797,265847600,86.90843200683594
2010-08-20,107.94000244140625,106.75,107.55999755859375,107.52999877929688,209714200,86.62646484375
2010-08-23,108.56999969482422,107.06999969482422,108.04000091552734,107.12000274658203,163490300,86.29619598388672
2010-08-24,106.38999938964844,104.97000122070312,105.94999694824219,105.52999877929688,280677800,85.01527404785156
2010-08-25,106.33999633789062,104.29000091552734,104.94999694824219,105.94000244140625,272234800,85.34559631347656
2010-08-26,106.58000183105469,104.87999725341797,106.44000244140625,105.2300033569336,224439500,84.77360534667969
2010-08-27,106.97000122070312,104.30999755859375,105.88999938964844,106.86000061035156,272649000,86.08675384521484
2010-08-30,106.91000366210938,105.30000305175781,106.58000183105469,105.30999755859375,167238600,84.83807373046875
2010-08-31,105.9800033569336,104.48999786376953,104.91999816894531,105.30999755859375,273933100,84.83807373046875
