Date,High,Low,Open,Close,Volume,Adj Close
2002-11-01,90.81999969482422,88.05000305175781,88.3499984741211,90.2699966430664,51878900,62.613258361816406
2002-11-04,92.94000244140625,90.9000015258789,91.80000305175781,91.12999725341797,49080600,63.20974349975586
2002-11-05,92.06999969482422,90.83999633789062,90.83999633789062,91.8499984741211,37270800,63.70914077758789
2002-11-06,93.06999969482422,90.79000091552734,92.4800033569336,93.04000091552734,65013100,64.53453826904297
2002-11-07,92.22000122070312,90.22000122070312,92.0199966430664,90.76000213623047,51572000,62.9531364440918
2002-11-08,91.56999969482422,89.5199966430664,90.52999877929688,89.6500015258789,37905400,62.183189392089844
2002-11-11,89.55999755859375,87.80000305175781,89.51000213623047,88.26000213623047,33505100,61.219032287597656
2002-11-12,89.93000030517578,88.37000274658203,88.66000366210938,88.95999908447266,37724500,61.704566955566406
2002-11-13,89.73999786376953,87.44999694824219,88.31999969482422,89.05000305175781,63891500,61.76698684692383
2002-11-14,91.0,89.75,90.06999969482422,90.7300033569336,31896800,62.93230056762695
2002-11-15,91.55000305175781,89.94999694824219,90.0,91.4000015258789,39152100,63.39702606201172
2002-11-18,92.1500015258789,90.3499984741211,92.1500015258789,90.4800033569336,28934800,62.758872985839844
2002-11-19,91.0999984741211,89.76000213623047,90.0199966430664,90.36000061035156,32806600,62.675662994384766
2002-11-20,92.41999816894531,89.94999694824219,89.9800033569336,92.37000274658203,36688400,64.06979370117188
2002-11-21,94.19000244140625,92.43000030517578,92.5999984741211,94.08999633789062,55128200,65.26284790039062
2002-11-22,94.2699966430664,93.2699966430664,93.4800033569336,93.41999816894531,32513800,64.7981185913086
2002-11-25,94.26000213623047,92.7699966430664,93.43000030517578,93.4800033569336,33846400,64.83973693847656
2002-11-26,93.44999694824219,91.62000274658203,93.06999969482422,91.69999694824219,42284700,63.605125427246094
2002-11-27,94.6500015258789,92.43000030517578,92.5199966430664,94.27999877929688,37764000,65.3946533203125
2002-11-29,94.94999694824219,93.7699966430664,94.80000305175781,93.9800033569336,19385700,65.18659973144531
