Date,High,Low,Open,Close,Volume,Adj Close
2001-09-04,116.16999816894531,113.37000274658203,113.8499984741211,113.41999816894531,24473400.0,77.26668548583984
2001-09-05,114.19000244140625,111.94999694824219,113.69999694824219,113.69999694824219,21477100.0,77.45744323730469
2001-09-06,113.30000305175781,110.7699966430664,112.6500015258789,110.7699966430664,21653000.0,75.46141052246094
2001-09-07,111.25,108.62999725341797,110.0199966430664,108.72000122070312,33133900.0,74.06485748291016
2001-09-10,110.3499984741211,107.69999694824219,107.69999694824219,110.05000305175781,23408700.0,74.97090148925781
2001-09-17,106.4000015258789,100.0,101.0,104.30000305175781,32388700.0,71.05374908447266
2001-09-18,105.30000305175781,103.36000061035156,104.33000183105469,104.05000305175781,22029200.0,70.8834228515625
2001-09-19,104.5,98.55999755859375,104.0999984741211,101.94999694824219,42771800.0,69.45284271240234
2001-09-20,101.80999755859375,98.55999755859375,100.4000015258789,98.70999908447266,36210900.0,67.2455825805664
2001-09-21,98.98999786376953,93.80000305175781,94.27999877929688,97.27999877929688,49782100.0,66.52009582519531
2001-09-24,101.16000366210938,99.05999755859375,99.72000122070312,100.69999694824219,25549600.0,68.85868072509766
2001-09-25,102.0,99.9000015258789,100.75,101.75,25466200.0,69.57666015625
2001-09-26,102.4000015258789,100.43000030517578,102.3499984741211,101.38999938964844,18587500.0,69.3304672241211
2001-09-27,102.29000091552734,100.0,101.25,102.2699966430664,20536800.0,69.93225860595703
2001-09-28,109.62000274658203,102.5,102.9800033569336,104.44000244140625,21687200.0,71.41606140136719
