Date,High,Low,Open,Close,Volume,Adj Close
2019-06-03,276.54998779296875,273.0899963378906,275.30999755859375,274.57000732421875,96428000.0,263.961669921875
2019-06-04,280.67999267578125,276.6199951171875,277.1199951171875,280.5299987792969,77231900.0,269.6913757324219
2019-06-05,282.989990234375,280.32000732421875,282.3299865722656,282.9599914550781,71169700.0,272.0274658203125
2019-06-06,285.54998779296875,282.57000732421875,283.2900085449219,284.79998779296875,69430400.0,273.79638671875
2019-06-07,288.8500061035156,285.739990234375,285.92999267578125,287.6499938964844,74272200.0,276.5362854003906
2019-06-10,290.82000732421875,288.8699951171875,289.3699951171875,288.9700012207031,60799100.0,277.8052978515625
2019-06-11,291.3999938964844,288.17999267578125,290.989990234375,288.8999938964844,58641300.0,277.73797607421875
2019-06-12,289.260009765625,287.82000732421875,288.6400146484375,288.3900146484375,46984700.0,277.2477722167969
2019-06-13,289.9800109863281,288.6199951171875,289.3999938964844,289.5799865722656,48945200.0,278.3917236328125
2019-06-14,289.92999267578125,288.4100036621094,289.260009765625,289.260009765625,52324700.0,278.08404541015625
2019-06-17,290.2200012207031,289.17999267578125,289.5199890136719,289.3699951171875,39205700.0,278.1898193359375
2019-06-18,293.57000732421875,290.989990234375,291.3900146484375,292.3999938964844,85434800.0,281.102783203125
2019-06-19,293.6499938964844,291.4700012207031,292.54998779296875,293.05999755859375,78674400.0,281.73724365234375
2019-06-20,296.30999755859375,293.1300048828125,296.0400085449219,295.8599853515625,116570000.0,284.4290466308594
2019-06-21,295.5199890136719,293.760009765625,294.1300048828125,294.0,83309500.0,284.0155944824219
2019-06-24,294.5799865722656,293.4700012207031,294.2300109863281,293.6400146484375,47582700.0,283.6678466796875
2019-06-25,293.7300109863281,290.6400146484375,293.70001220703125,290.760009765625,82028700.0,280.8855895996094
2019-06-26,292.30999755859375,290.3500061035156,291.75,290.4700012207031,51584900.0,280.60552978515625
2019-06-27,292.05999755859375,290.8900146484375,291.30999755859375,291.5,40355200.0,281.6005554199219
2019-06-28,293.54998779296875,292.010009765625,292.5799865722656,293.0,59350900.0,283.049560546875
