Date,High,Low,Open,Close,Volume,Adj Close
2001-11-01,109.01000213623047,105.69999694824219,106.5999984741211,108.51000213623047,29806800,74.19914245605469
2001-11-02,109.37999725341797,107.87000274658203,108.44000244140625,109.25,17575900,74.70516204833984
2001-11-05,111.08999633789062,109.94999694824219,110.12000274658203,110.68000030517578,15929500,75.68303680419922
2001-11-06,112.4800033569336,109.8499984741211,110.3499984741211,112.4000015258789,23245800,76.859130859375
2001-11-07,113.12000274658203,111.63999938964844,111.7699966430664,112.25,19716000,76.75658416748047
2001-11-08,114.08000183105469,111.9000015258789,112.87000274658203,112.5999984741211,22563500,76.99588775634766
2001-11-09,112.95999908447266,111.44000244140625,112.25,112.72000122070312,15895800,77.07796478271484
2001-11-12,112.6500015258789,110.0,111.0,112.02999877929688,26068800,76.60614776611328
2001-11-13,114.55000305175781,113.18000030517578,113.44000244140625,114.55000305175781,15296200,78.32933044433594
2001-11-14,115.4000015258789,113.70999908447266,115.16999816894531,114.66000366210938,17571300,78.40452575683594
2001-11-15,115.18000030517578,113.93000030517578,114.37000274658203,114.87000274658203,19470200,78.5481185913086
2001-11-16,115.0999984741211,113.4000015258789,115.08000183105469,114.36000061035156,18134900,78.19939422607422
2001-11-19,115.8499984741211,114.44999694824219,114.91999816894531,115.7699966430664,13625400,79.16354370117188
2001-11-20,115.80000305175781,114.63999938964844,115.37000274658203,114.80000305175781,16209700,78.5002670288086
2001-11-21,114.66999816894531,113.51000213623047,114.5,114.04000091552734,11470200,77.98056030273438
2001-11-23,115.75,114.0,114.04000091552734,115.68000030517578,6717100,79.1020278930664
2001-11-26,116.33999633789062,115.06999969482422,115.75,115.93000030517578,13726000,79.27295684814453
2001-11-27,116.9000015258789,114.08999633789062,115.62000274658203,115.43000030517578,19261400,78.93104553222656
2001-11-28,115.16999816894531,113.25,114.73999786376953,113.33999633789062,20195500,77.5019302368164
2001-11-29,114.91999816894531,113.0,113.66000366210938,114.87000274658203,16354700,78.5481185913086
2001-11-30,114.91000366210938,114.0199966430664,114.4000015258789,114.05000305175781,13680300,77.9874267578125
