Date,High,Low,Open,Close,Volume,Adj Close
2013-10-01,169.5,167.97000122070312,168.13999938964844,169.33999633789062,127160000,145.99925231933594
2013-10-02,169.33999633789062,167.8300018310547,168.35000610351562,169.17999267578125,113350000,145.86134338378906
2013-10-03,168.94000244140625,166.83999633789062,168.7899932861328,167.6199951171875,176698000,144.5163116455078
2013-10-04,169.05999755859375,167.52999877929688,167.75,168.88999938964844,96878000,145.6112823486328
2013-10-07,168.4499969482422,167.25,167.4199981689453,167.42999267578125,96295000,144.35247802734375
2013-10-08,167.6199951171875,165.36000061035156,167.39999389648438,165.47999572753906,178015000,142.6712646484375
2013-10-09,166.1999969482422,164.52999877929688,165.8000030517578,165.60000610351562,168973000,142.77474975585938
2013-10-10,169.25999450683594,167.22999572753906,167.2899932861328,169.1699981689453,195955000,145.8526611328125
2013-10-11,170.32000732421875,168.77000427246094,168.91000366210938,170.25999450683594,105040000,146.7924041748047
2013-10-14,171.0800018310547,169.0800018310547,169.2100067138672,170.94000244140625,112106000,147.37872314453125
2013-10-15,171.14999389648438,169.47000122070312,170.50999450683594,169.6999969482422,155485000,146.30960083007812
2013-10-16,172.16000366210938,170.63999938964844,170.72000122070312,172.07000732421875,161676000,148.3529815673828
2013-10-17,173.32000732421875,171.33999633789062,171.3699951171875,173.22000122070312,129389000,149.34445190429688
2013-10-18,174.50999450683594,173.50999450683594,173.86000061035156,174.38999938964844,138316000,150.3531951904297
2013-10-21,174.75,174.00999450683594,174.4499969482422,174.39999389648438,104104000,150.36178588867188
2013-10-22,175.92999267578125,174.42999267578125,174.91000366210938,175.41000366210938,126663000,151.23263549804688
2013-10-23,174.88999938964844,173.9600067138672,174.80999755859375,174.57000732421875,105484000,150.5083770751953
2013-10-24,175.3699951171875,174.50999450683594,174.9199981689453,175.14999389648438,70350000,151.00845336914062
2013-10-25,176.0,175.1699981689453,175.50999450683594,175.9499969482422,93625000,151.69815063476562
2013-10-28,176.47000122070312,175.6999969482422,175.88999938964844,176.22999572753906,84979000,151.9396209716797
2013-10-29,177.24000549316406,176.3800048828125,176.6300048828125,177.1699981689453,87401000,152.75003051757812
2013-10-30,177.50999450683594,175.66000366210938,177.3800048828125,176.2899932861328,140002000,151.9913330078125
2013-10-31,176.88999938964844,175.52999877929688,176.14999389648438,175.7899932861328,133795000,151.56021118164062
