Date,High,Low,Open,Close,Volume,Adj Close
2012-11-01,143.00999450683594,141.52000427246094,141.64999389648438,142.8300018310547,100995600,120.50638580322266
2012-11-02,143.72000122070312,141.41000366210938,143.67999267578125,141.55999755859375,137702200,119.43490600585938
2012-11-05,142.1699981689453,140.92999267578125,141.35000610351562,141.85000610351562,98378500,119.6795654296875
2012-11-06,143.52000427246094,142.1300048828125,142.27999877929688,142.9600067138672,107068100,120.61609649658203
2012-11-07,141.67999267578125,139.05999755859375,141.66000366210938,139.72000122070312,264304500,117.88250732421875
2012-11-08,140.41000366210938,137.92999267578125,139.6999969482422,138.0399932861328,181517300,116.46507263183594
2012-11-09,139.44000244140625,137.5500030517578,137.6199951171875,138.16000366210938,201055300,116.56631469726562
2012-11-12,138.80999755859375,137.9600067138672,138.58999633789062,138.27000427246094,97677500,116.65911102294922
2012-11-13,139.25,137.36000061035156,137.5399932861328,137.7899932861328,123018300,116.25411987304688
2012-11-14,138.42999267578125,135.6199951171875,138.2100067138672,135.92999267578125,191505000,114.684814453125
2012-11-15,136.49000549316406,135.17999267578125,135.97999572753906,135.6999969482422,178128400,114.49079132080078
2012-11-16,136.63999938964844,134.6999969482422,135.89999389648438,136.3699951171875,239483900,115.05609130859375
2012-11-19,139.14999389648438,136.41000366210938,137.89999389648438,139.1300048828125,151495800,117.38471221923828
2012-11-20,139.4199981689453,138.0800018310547,138.91000366210938,139.19000244140625,119807400,117.43531036376953
2012-11-21,139.57000732421875,139.02999877929688,139.30999755859375,139.4499969482422,81710800,117.6546630859375
2012-11-23,141.39999389648438,140.0399932861328,140.1300048828125,141.35000610351562,65409200,119.25770568847656
2012-11-26,141.36000061035156,140.19000244140625,140.64999389648438,141.0500030517578,100124400,119.00463104248047
2012-11-27,141.38999938964844,140.24000549316406,140.91000366210938,140.3300018310547,128646200,118.39717102050781
2012-11-28,141.5399932861328,139.0,139.75999450683594,141.4600067138672,177086500,119.35052490234375
2012-11-29,142.50999450683594,141.3699951171875,141.99000549316406,142.1199951171875,151085900,119.90736389160156
2012-11-30,142.4199981689453,141.66000366210938,142.13999938964844,142.14999389648438,136568300,119.93267822265625
