Date,High,Low,Open,Close,Volume,Adj Close
2006-11-01,138.30999755859375,136.72000122070312,138.22000122070312,136.86000061035156,83005600,101.8423843383789
2006-11-02,137.00999450683594,136.36000061035156,136.50999450683594,136.77999877929688,60693100,101.7828598022461
2006-11-03,137.38999938964844,135.6199951171875,137.27000427246094,136.5399932861328,71346400,101.60427856445312
2006-11-06,138.27999877929688,136.9499969482422,136.9600067138672,138.0800018310547,63303300,102.75022888183594
2006-11-07,138.97999572753906,138.0,138.1999969482422,138.61000061035156,63318900,103.14460754394531
2006-11-08,139.0500030517578,136.86000061035156,138.0,138.91000366210938,87517800,103.36785125732422
2006-11-09,139.13999938964844,137.89999389648438,139.00999450683594,138.17999267578125,95916300,102.82460021972656
2006-11-10,138.33999633789062,137.72000122070312,138.13999938964844,138.24000549316406,48991500,102.86930084228516
2006-11-13,139.0399932861328,138.07000732421875,138.17999267578125,138.5800018310547,59398200,103.12230682373047
2006-11-14,139.74000549316406,138.1199951171875,138.97000122070312,139.6199951171875,96704000,103.89620208740234
2006-11-15,140.4499969482422,139.52999877929688,139.57000732421875,140.02000427246094,76509600,104.19383239746094
2006-11-16,140.67999267578125,139.49000549316406,140.44000244140625,140.3800048828125,76728800,104.46173858642578
2006-11-17,140.42999267578125,139.72999572753906,139.92999267578125,140.4199981689453,56353800,104.49148559570312
2006-11-20,140.74000549316406,139.94000244140625,140.3000030517578,140.5,69174200,104.55105590820312
2006-11-21,140.6699981689453,140.2899932861328,140.49000549316406,140.63999938964844,51367900,104.65522003173828
2006-11-22,141.16000366210938,140.5,140.75,140.9199981689453,45505300,104.86357116699219
2006-11-24,140.83999633789062,140.1999969482422,140.24000549316406,140.35000610351562,30998000,104.43939971923828
2006-11-27,140.35000610351562,138.3800048828125,140.27999877929688,138.4199981689453,84545100,103.00322723388672
2006-11-28,139.16000366210938,138.11000061035156,138.24000549316406,139.02000427246094,106652900,103.44970703125
2006-11-29,140.52999877929688,139.0800018310547,139.47000122070312,140.47000122070312,90034900,104.52870178222656
2006-11-30,141.0500030517578,139.75999450683594,140.44000244140625,140.52999877929688,83994300,104.57334899902344
