Date,High,Low,Open,Close,Volume,Adj Close
2009-02-02,83.18000030517578,81.30999755859375,81.56999969482422,82.58000183105469,288233300,64.44816589355469
2009-02-03,84.36000061035156,82.22000122070312,83.0999984741211,83.73999786376953,278385800,65.35344696044922
2009-02-04,85.37000274658203,83.04000091552734,84.30000305175781,83.33000183105469,322989300,65.0334701538086
2009-02-05,85.29000091552734,77.7300033569336,82.69999694824219,84.56999969482422,417679400,66.00122833251953
2009-02-06,87.33999633789062,84.68000030517578,84.86000061035156,86.9800033569336,366101700,67.88206481933594
2009-02-09,87.73999786376953,86.31999969482422,86.95999908447266,87.0999984741211,240075200,67.97571563720703
2009-02-10,87.02999877929688,82.44999694824219,86.2699966430664,83.11000061035156,536212800,64.86180114746094
2009-02-11,84.05000305175781,82.4000015258789,83.44999694824219,83.5999984741211,324442500,65.24421691894531
2009-02-12,83.81999969482422,81.05000305175781,82.16999816894531,83.66000366210938,469302200,65.29102325439453
2009-02-13,84.23999786376953,82.73999786376953,83.55000305175781,82.76000213623047,293998400,64.58863830566406
2009-02-17,82.95999908447266,79.16999816894531,80.16000366210938,79.22000122070312,478910100,61.825923919677734
2009-02-18,79.94000244140625,78.27999877929688,79.79000091552734,79.02999877929688,362964800,61.677635192871094
2009-02-19,80.1500015258789,78.0199966430664,79.83999633789062,78.18000030517578,316867500,61.01426696777344
2009-02-20,78.33999633789062,75.7699966430664,76.7300033569336,77.41999816894531,477176600,60.421119689941406
2009-02-23,78.2699966430664,74.58999633789062,78.2699966430664,74.6500015258789,379641400,58.25934600830078
2009-02-24,77.94999694824219,74.69999694824219,75.29000091552734,77.4800033569336,426260900,60.46796798706055
2009-02-25,78.41999816894531,75.62999725341797,77.13999938964844,76.87000274658203,461985800,59.99187469482422
2009-02-26,79.66999816894531,75.52999877929688,77.81999969482422,75.62000274658203,363353900,59.016357421875
2009-02-27,75.69000244140625,73.80999755859375,74.01000213623047,73.93000030517578,470510900,57.69740676879883
