Date,High,Low,Open,Close,Volume,Adj Close
2011-09-01,123.4000015258789,120.77999877929688,122.29000091552734,120.94000244140625,254585900.0,99.38440704345703
2011-09-02,120.87000274658203,117.43000030517578,118.41999816894531,117.8499984741211,255517200.0,96.84514617919922
2011-09-06,117.16000366210938,114.37999725341797,114.38999938964844,116.98999786376953,285130500.0,96.13839721679688
2011-09-07,120.33999633789062,118.36000061035156,118.76000213623047,120.29000091552734,209803200.0,98.8502426147461
2011-09-08,120.94000244140625,118.7699966430664,119.56999969482422,119.04000091552734,250568200.0,97.82304382324219
2011-09-09,119.05999755859375,115.27999877929688,117.68000030517578,115.91999816894531,380195100.0,95.25911712646484
2011-09-12,116.76000213623047,114.05000305175781,114.47000122070312,116.66999816894531,305793500.0,95.87545776367188
2011-09-13,118.18000030517578,116.22000122070312,117.05000305175781,117.73999786376953,272514700.0,96.75474548339844
2011-09-14,120.80000305175781,116.72000122070312,118.33999633789062,119.37000274658203,319389500.0,98.09420013427734
2011-09-15,121.47000122070312,119.4000015258789,120.6500015258789,121.43000030517578,326777200.0,99.78706359863281
2011-09-16,121.97000122070312,120.31999969482422,121.29000091552734,121.5199966430664,284528300.0,100.37764739990234
2011-09-19,120.93000030517578,118.72000122070312,119.52999877929688,120.30999755859375,241517000.0,99.3781967163086
2011-09-20,121.98999786376953,120.01000213623047,120.81999969482422,120.16999816894531,218932200.0,99.26252746582031
2011-09-21,120.5999984741211,116.44000244140625,120.2300033569336,116.62999725341797,316251300.0,96.33843994140625
2011-09-22,114.20999908447266,111.30000305175781,113.25,112.86000061035156,513911300.0,93.22435760498047
2011-09-23,114.16000366210938,112.0199966430664,112.11000061035156,113.54000091552734,307242500.0,93.7860336303711
2011-09-26,116.4000015258789,112.9800033569336,114.61000061035156,116.23999786376953,260673700.0,96.01627349853516
2011-09-27,119.55999755859375,116.83999633789062,118.52999877929688,117.54000091552734,311753900.0,97.09011840820312
2011-09-28,118.48999786376953,114.97000122070312,117.77999877929688,115.13999938964844,286696800.0,95.107666015625
2011-09-29,117.62999725341797,113.93000030517578,117.05000305175781,116.05000305175781,298108900.0,95.8593521118164
2011-09-30,115.44999694824219,113.06999969482422,114.44999694824219,113.1500015258789,288392300.0,93.46387481689453
