Date,High,Low,Open,Close,Volume,Adj Close
2018-08-01,282.1300048828125,280.1300048828125,281.55999755859375,280.8599853515625,53853300,266.0594177246094
2018-08-02,282.5799865722656,279.1600036621094,279.3900146484375,282.3900146484375,63426400,267.5087585449219
2018-08-03,283.6600036621094,282.3299865722656,282.5299987792969,283.6000061035156,53935400,268.65496826171875
2018-08-06,284.989990234375,283.20001220703125,283.6400146484375,284.6400146484375,39400900,269.64019775390625
2018-08-07,286.010009765625,285.239990234375,285.3900146484375,285.5799865722656,43196600,270.5306701660156
2018-08-08,285.9100036621094,284.94000244140625,285.3900146484375,285.4599914550781,42114600,270.4169616699219
2018-08-09,285.9700012207031,284.9200134277344,285.5299987792969,285.07000732421875,35717000,270.0475769042969
2018-08-10,284.05999755859375,282.3599853515625,283.45001220703125,283.1600036621094,77076000,268.2381591796875
2018-08-13,284.1600036621094,281.7699890136719,283.4700012207031,282.1000061035156,65732900,267.234130859375
2018-08-14,284.1700134277344,282.4800109863281,282.9200134277344,283.8999938964844,43842000,268.9392395019531
2018-08-15,282.5400085449219,280.1600036621094,282.3800048828125,281.7799987792969,102925400,266.930908203125
2018-08-16,285.0400085449219,283.3599853515625,283.3999938964844,284.05999755859375,69967900,269.0907287597656
2018-08-17,285.55999755859375,283.3699951171875,283.8299865722656,285.05999755859375,65618500,270.0380859375
2018-08-20,285.9700012207031,285.05999755859375,285.57000732421875,285.6700134277344,39807500,270.61602783203125
2018-08-21,287.30999755859375,285.7099914550781,286.25,286.3399963378906,67272000,271.2505798339844
2018-08-22,286.760009765625,285.5799865722656,285.8800048828125,286.1700134277344,44993300,271.089599609375
2018-08-23,286.94000244140625,285.42999267578125,285.9700012207031,285.7900085449219,49204900,270.7296142578125
2018-08-24,287.6700134277344,286.3800048828125,286.44000244140625,287.510009765625,57487400,272.3589782714844
2018-08-27,289.8999938964844,288.67999267578125,288.8599853515625,289.7799987792969,57072400,274.5093078613281
2018-08-28,290.4200134277344,289.3999938964844,290.29998779296875,289.9200134277344,46943500,274.6419982910156
2018-08-29,291.739990234375,289.8900146484375,290.1600036621094,291.4800109863281,61485500,276.1197509765625
2018-08-30,291.3599853515625,289.6300048828125,290.94000244140625,290.29998779296875,61229500,275.001953125
2018-08-31,290.80999755859375,289.2900085449219,289.8399963378906,290.30999755859375,66140800,275.01141357421875
