Date,High,Low,Open,Close,Volume,Adj Close
2016-11-01,212.99000549316406,209.60000610351562,212.92999267578125,211.00999450683594,122781800,193.28384399414062
2016-11-02,211.10000610351562,209.22999572753906,210.64999389648438,209.74000549316406,103330800,192.12054443359375
2016-11-03,210.24000549316406,208.4600067138672,209.99000549316406,208.77999877929688,88939300,191.24118041992188
2016-11-04,209.88999938964844,208.3800048828125,208.91000366210938,208.5500030517578,109122100,191.030517578125
2016-11-07,213.19000244140625,208.5500030517578,208.5500030517578,213.14999389648438,109794900,195.24407958984375
2016-11-08,214.77000427246094,212.3800048828125,212.69000244140625,214.11000061035156,106772100,196.1234588623047
2016-11-09,217.10000610351562,212.33999633789062,212.3699951171875,216.3800048828125,258429000,198.20277404785156
2016-11-10,218.30999755859375,215.22000122070312,217.3000030517578,216.9199981689453,172113300,198.69741821289062
2016-11-11,216.6999969482422,215.32000732421875,216.0800018310547,216.4199981689453,100552700,198.23936462402344
2016-11-14,217.27000427246094,215.72000122070312,217.02999877929688,216.58999633789062,94580000,198.39511108398438
2016-11-15,218.27999877929688,216.8000030517578,217.0399932861328,218.27999877929688,91652600,199.9431610107422
2016-11-16,218.13999938964844,217.4199981689453,217.55999755859375,217.8699951171875,65617700,199.5675811767578
2016-11-17,219.05999755859375,217.9199981689453,218.0500030517578,218.99000549316406,69797200,200.593505859375
2016-11-18,219.27000427246094,218.2899932861328,219.07000732421875,218.5,86265800,200.14466857910156
2016-11-21,220.17999267578125,219.0,219.1699981689453,220.14999389648438,72402600,201.6560516357422
2016-11-22,220.7899932861328,219.72999572753906,220.50999450683594,220.5800018310547,67429000,202.04995727539062
2016-11-23,220.75999450683594,219.75,219.97999572753906,220.6999969482422,56620200,202.1598663330078
2016-11-25,221.55999755859375,221.00999450683594,221.10000610351562,221.52000427246094,37872300,202.91094970703125
2016-11-28,221.47999572753906,220.36000061035156,221.16000366210938,220.47999572753906,76572500,201.95834350585938
2016-11-29,221.44000244140625,220.1699981689453,220.52000427246094,220.91000366210938,69886700,202.3522186279297
2016-11-30,221.82000732421875,220.30999755859375,221.6300048828125,220.3800048828125,113291800,201.86676025390625
