Date,High,Low,Open,Close,Volume,Adj Close
2016-08-01,217.64999389648438,216.41000366210938,217.19000244140625,216.94000244140625,73311400,197.7169647216797
2016-08-02,216.8300018310547,214.57000732421875,216.64999389648438,215.5500030517578,92295500,196.45013427734375
2016-08-03,216.25,215.1300048828125,215.47999572753906,216.17999267578125,53993600,197.02432250976562
2016-08-04,216.77999877929688,214.25,216.30999755859375,216.41000366210938,46585500,197.23390197753906
2016-08-05,218.22999572753906,216.41000366210938,216.41000366210938,218.17999267578125,71892200,198.8471221923828
2016-08-08,218.52000427246094,217.74000549316406,218.39999389648438,218.0500030517578,39906500,198.7285919189453
2016-08-09,218.75999450683594,217.8000030517578,218.1300048828125,218.17999267578125,51251700,198.8471221923828
2016-08-10,218.39999389648438,217.22999572753906,218.30999755859375,217.63999938964844,57941100,198.3549346923828
2016-08-11,218.94000244140625,217.9499969482422,218.25999450683594,218.64999389648438,72504300,199.2754364013672
2016-08-12,218.7100067138672,217.99000549316406,218.2899932861328,218.4600067138672,61313500,199.10226440429688
2016-08-15,219.5,218.8800048828125,218.88999938964844,219.08999633789062,49813500,199.67645263671875
2016-08-16,218.67999267578125,217.9600067138672,218.60000610351562,217.9600067138672,53213600,198.64662170410156
2016-08-17,218.52999877929688,217.02000427246094,218.0,218.3699951171875,75134300,199.02027893066406
2016-08-18,218.89999389648438,218.2100067138672,218.33999633789062,218.86000061035156,52989300,199.4668426513672
2016-08-19,218.75,217.74000549316406,218.30999755859375,218.5399932861328,75443000,199.1752166748047
2016-08-22,218.8000030517578,217.8300018310547,218.25999450683594,218.52999877929688,61368800,199.16607666015625
2016-08-23,219.60000610351562,218.89999389648438,219.25,218.97000122070312,53399200,199.56707763671875
2016-08-24,218.91000366210938,217.36000061035156,218.8000030517578,217.85000610351562,71728900,198.5463409423828
2016-08-25,218.19000244140625,217.22000122070312,217.39999389648438,217.6999969482422,69224800,198.40960693359375
2016-08-26,219.1199951171875,216.25,217.9199981689453,217.2899932861328,122506300,198.0359649658203
2016-08-29,218.6699981689453,217.39999389648438,217.44000244140625,218.36000061035156,70502200,199.01116943359375
2016-08-30,218.58999633789062,217.35000610351562,218.25999450683594,218.0,58114500,198.68304443359375
2016-08-31,217.75,216.47000122070312,217.61000061035156,217.3800048828125,85269500,198.1179962158203
