Date,High,Low,Open,Close,Volume,Adj Close
2013-07-01,162.47999572753906,161.0800018310547,161.25999450683594,161.36000061035156,131954800,138.44436645507812
2013-07-02,162.3000030517578,160.5,161.1199951171875,161.2100067138672,154863700,138.31564331054688
2013-07-03,161.77000427246094,160.22000122070312,160.47999572753906,161.27999877929688,75216400,138.3756561279297
2013-07-05,163.0800018310547,161.3000030517578,162.47000122070312,163.02000427246094,122416900,139.86862182617188
2013-07-08,164.38999938964844,163.0800018310547,163.86000061035156,163.9499969482422,108092500,140.66650390625
2013-07-09,165.3300018310547,164.27000427246094,164.97999572753906,165.1300048828125,119298000,141.67889404296875
2013-07-10,165.75,164.6300048828125,164.97000122070312,165.19000244140625,121410100,141.73040771484375
2013-07-11,167.61000061035156,165.17999267578125,167.11000061035156,167.44000244140625,135592200,143.660888671875
2013-07-12,167.92999267578125,167.1300048828125,167.38999938964844,167.50999450683594,104212700,143.72091674804688
2013-07-15,168.38999938964844,167.67999267578125,167.97000122070312,168.14999389648438,69450600,144.27005004882812
2013-07-16,168.36000061035156,167.07000732421875,168.25999450683594,167.52000427246094,88702100,143.7294921875
2013-07-17,168.47999572753906,167.72999572753906,168.16000366210938,167.9499969482422,92873900,144.09844970703125
2013-07-18,169.27000427246094,168.1999969482422,168.30999755859375,168.8699951171875,103620100,144.8877716064453
2013-07-19,169.22999572753906,168.30999755859375,168.52000427246094,169.1699981689453,103831700,145.14517211914062
2013-07-22,169.74000549316406,169.00999450683594,169.41000366210938,169.5,79428600,145.42832946777344
2013-07-23,169.8300018310547,169.0500030517578,169.8000030517578,169.13999938964844,80829700,145.11947631835938
2013-07-24,169.86000061035156,168.17999267578125,169.7899932861328,168.52000427246094,112914000,144.5874786376953
2013-07-25,169.0800018310547,167.94000244140625,168.22000122070312,168.92999267578125,111088600,144.93927001953125
2013-07-26,169.16000366210938,167.52000427246094,168.22000122070312,169.11000061035156,107814600,145.09365844726562
2013-07-29,169.05999755859375,168.11000061035156,168.67999267578125,168.58999633789062,79695000,144.6475372314453
2013-07-30,169.27999877929688,168.19000244140625,169.10000610351562,168.58999633789062,85209600,144.6475372314453
2013-07-31,169.85000610351562,168.49000549316406,168.94000244140625,168.7100067138672,142388700,144.75057983398438
