Date,High,Low,Open,Close,Volume,Adj Close
2018-03-01,273.1700134277344,266.0,271.4100036621094,267.70001220703125,176855100.0,251.45220947265625
2018-03-02,269.7200012207031,264.82000732421875,265.79998779296875,269.0799865722656,139083200.0,252.74844360351562
2018-03-05,272.8900146484375,267.6099853515625,267.7300109863281,272.19000244140625,97307400.0,255.66966247558594
2018-03-06,273.3900146484375,271.17999267578125,273.29998779296875,272.8800048828125,79213200.0,256.31781005859375
2018-03-07,273.17999267578125,270.20001220703125,270.4200134277344,272.7799987792969,87063500.0,256.223876953125
2018-03-08,274.239990234375,272.4200134277344,273.54998779296875,274.1000061035156,66901200.0,257.4637451171875
2018-03-09,278.8699951171875,275.3399963378906,275.70001220703125,278.8699951171875,113625300.0,261.94427490234375
2018-03-12,279.9100036621094,278.0799865722656,279.20001220703125,278.5199890136719,71924800.0,261.615478515625
2018-03-13,280.4100036621094,276.0299987792969,279.8399963378906,276.7200012207031,91968900.0,259.92474365234375
2018-03-14,278.0199890136719,274.6700134277344,277.80999755859375,275.29998779296875,105895100.0,258.59088134765625
2018-03-15,276.6099853515625,274.42999267578125,275.8800048828125,275.0,83433000.0,258.30908203125
2018-03-16,275.3900146484375,274.1400146484375,274.5,274.20001220703125,100343700.0,258.5892333984375
2018-03-19,274.3999938964844,268.6199951171875,273.3500061035156,270.489990234375,109208400.0,255.09039306640625
2018-03-20,271.6700134277344,270.17999267578125,270.94000244140625,270.95001220703125,59757300.0,255.52426147460938
2018-03-21,273.2699890136719,270.19000244140625,270.8999938964844,270.42999267578125,78709600.0,255.03384399414062
2018-03-22,268.8699951171875,263.3599853515625,267.9100036621094,263.6700134277344,148785900.0,248.65872192382812
2018-03-23,264.5400085449219,257.8299865722656,264.1700134277344,258.04998779296875,183534800.0,243.35865783691406
2018-03-26,265.42999267578125,259.4100036621094,262.1300048828125,265.1099853515625,141956100.0,250.01670837402344
2018-03-27,266.7699890136719,258.8399963378906,266.1700134277344,260.6000061035156,129941400.0,245.76348876953125
2018-03-28,262.6400146484375,258.5799865722656,260.75,259.8299865722656,146452300.0,245.03726196289062
2018-03-29,265.260009765625,259.8399963378906,261.1199951171875,263.1499938964844,111601600.0,248.16831970214844
