Date,High,Low,Open,Close,Volume,Adj Close
2011-02-01,130.97000122070312,129.3800048828125,129.4600067138672,130.74000549316406,167194300,106.44525146484375
2011-02-02,130.83999633789062,130.3300018310547,130.39999389648438,130.49000549316406,118323600,106.2417221069336
2011-02-03,130.97999572753906,129.57000732421875,130.25999450683594,130.77999877929688,145886700,106.47785186767578
2011-02-04,131.1999969482422,130.22999572753906,130.8300018310547,131.14999389648438,134634800,106.77906799316406
2011-02-07,132.39999389648438,131.42999267578125,131.44000244140625,131.97000122070312,112439100,107.44669342041016
2011-02-08,132.63999938964844,131.72999572753906,132.08999633789062,132.57000732421875,99072800,107.93523406982422
2011-02-09,132.6300048828125,131.61000061035156,132.2100067138672,132.27000427246094,146436700,107.69097900390625
2011-02-10,132.47000122070312,131.3000030517578,131.60000610351562,132.32000732421875,162708500,107.73169708251953
2011-02-11,133.27999877929688,131.77000427246094,131.8000030517578,133.11000061035156,137710300,108.37486267089844
2011-02-14,133.5399932861328,132.8800048828125,133.02999877929688,133.42999267578125,101690700,108.63539123535156
2011-02-15,133.22000122070312,132.32000732421875,133.02000427246094,133.00999450683594,119575400,108.29344940185547
2011-02-16,134.00999450683594,133.19000244140625,133.4600067138672,133.85000610351562,130183500,108.97734832763672
2011-02-17,134.42999267578125,133.33999633789062,133.4600067138672,134.25,109810500,109.30304718017578
2011-02-18,134.69000244140625,134.05999755859375,134.3699951171875,134.52999877929688,130002400,109.53097534179688
2011-02-22,134.55999755859375,131.47000122070312,133.1199951171875,131.8300018310547,233116400,107.3327407836914
2011-02-23,132.07000732421875,130.2100067138672,131.75,131.02000427246094,227584000,106.67327117919922
2011-02-24,131.44000244140625,129.6999969482422,130.8800048828125,130.92999267578125,260431400,106.59996795654297
2011-02-25,132.41000366210938,131.39999389648438,131.47999572753906,132.3300018310547,141686900,107.73980712890625
2011-02-28,133.32000732421875,132.3800048828125,132.82000732421875,133.14999389648438,141585500,108.40740203857422
