Date,High,Low,Open,Close,Volume,Adj Close
2002-04-01,115.0999984741211,113.5,114.2300033569336,114.56999969482422,17711000,78.8376235961914
2002-04-02,114.94999694824219,113.7699966430664,113.9800033569336,113.94000244140625,15669500,78.40416717529297
2002-04-03,114.20999908447266,112.16000366210938,114.01000213623047,113.13999938964844,25658500,77.85363006591797
2002-04-04,113.4000015258789,112.2300033569336,112.5999984741211,112.66999816894531,23549000,77.53021240234375
2002-04-05,113.62999725341797,112.18000030517578,113.19000244140625,112.69000244140625,19404900,77.5439682006836
2002-04-08,113.02999877929688,111.2300033569336,111.31999969482422,112.93000030517578,16470100,77.70911407470703
2002-04-09,113.18000030517578,111.93000030517578,113.18000030517578,112.13999938964844,15122700,77.16554260253906
2002-04-10,113.54000091552734,112.08999633789062,112.0999984741211,113.41000366210938,17199300,78.03943634033203
2002-04-11,113.05000305175781,110.5,112.88999938964844,110.58999633789062,25453700,76.09893035888672
2002-04-12,111.6500015258789,110.04000091552734,111.0199966430664,111.41999816894531,14950600,76.67005157470703
2002-04-15,111.86000061035156,110.19999694824219,111.62000274658203,110.56999969482422,17394900,76.08519744873047
2002-04-16,113.31999969482422,111.66999816894531,111.69999694824219,113.19999694824219,15040900,77.89491271972656
2002-04-17,113.66999816894531,112.5999984741211,113.38999938964844,112.95999908447266,12920100,77.72977447509766
2002-04-18,113.45999908447266,111.1500015258789,112.9000015258789,112.47000122070312,25204800,77.39258575439453
2002-04-19,113.23999786376953,112.55999755859375,113.19999694824219,112.87999725341797,10499200,77.67475128173828
2002-04-22,112.43000030517578,110.83999633789062,112.37999725341797,111.0,13922900,76.38105773925781
2002-04-23,111.4800033569336,110.16999816894531,111.08999633789062,110.5199966430664,16967000,76.05075073242188
2002-04-24,111.80999755859375,109.4000015258789,110.55999755859375,109.41000366210938,18902700,75.28697967529297
2002-04-25,109.73999786376953,108.72000122070312,109.20999908447266,109.47000122070312,25451500,75.3282241821289
2002-04-26,110.01000213623047,107.29000091552734,109.79000091552734,107.38999938964844,19769800,73.89692687988281
2002-04-29,108.26000213623047,106.62999725341797,107.93000030517578,106.86000061035156,17724400,73.5322494506836
2002-04-30,108.63999938964844,106.63999938964844,107.0199966430664,107.86000061035156,19473500,74.22039031982422
