Date,High,Low,Open,Close,Volume,Adj Close
2013-06-03,164.4600067138672,162.66000366210938,163.8300018310547,164.35000610351562,168390700.0,140.2675018310547
2013-06-04,165.10000610351562,162.72999572753906,164.44000244140625,163.55999755859375,157631500.0,139.59324645996094
2013-06-05,163.4199981689453,161.1300048828125,163.08999633789062,161.27000427246094,211737800.0,137.63876342773438
2013-06-06,162.74000549316406,160.25,161.1999969482422,162.72999572753906,200225500.0,138.88490295410156
2013-06-07,164.9499969482422,163.13999938964844,163.85000610351562,164.8000030517578,188337800.0,140.65155029296875
2013-06-10,165.39999389648438,164.3699951171875,165.30999755859375,164.8000030517578,105667100.0,140.65155029296875
2013-06-11,164.5399932861328,162.74000549316406,163.3000030517578,163.10000610351562,159505400.0,139.2006378173828
2013-06-12,164.38999938964844,161.60000610351562,164.22000122070312,161.75,177361500.0,138.0484619140625
2013-06-13,164.5,161.3000030517578,161.66000366210938,164.2100067138672,163587800.0,140.14796447753906
2013-06-14,164.6699981689453,162.91000366210938,164.02999877929688,163.17999267578125,141197500.0,139.26890563964844
2013-06-17,165.22000122070312,163.22000122070312,164.2899932861328,164.44000244140625,136295600.0,140.34429931640625
2013-06-18,165.99000549316406,164.52000427246094,164.52999877929688,165.74000549316406,114695600.0,141.45379638671875
2013-06-19,165.88999938964844,163.3800048828125,165.60000610351562,163.4499969482422,206149500.0,139.49935913085938
2013-06-20,163.47000122070312,158.97999572753906,161.86000061035156,159.39999389648438,321255900.0,136.0428009033203
2013-06-21,159.75999450683594,157.47000122070312,159.63999938964844,159.07000732421875,271956800.0,136.47955322265625
2013-06-24,158.42999267578125,155.72999572753906,157.41000366210938,157.05999755859375,222329000.0,134.75503540039062
2013-06-25,160.10000610351562,157.4199981689453,158.47999572753906,158.57000732421875,162262200.0,136.05056762695312
2013-06-26,160.5,159.25,159.8699951171875,160.13999938964844,134848000.0,137.39759826660156
2013-06-27,161.82000732421875,160.9499969482422,161.10000610351562,161.0800018310547,129483700.0,138.20407104492188
2013-06-28,161.39999389648438,159.86000061035156,160.6300048828125,160.4199981689453,160402900.0,137.63783264160156
