Date,High,Low,Open,Close,Volume,Adj Close
2009-08-03,100.52999877929688,99.30999755859375,99.8499984741211,100.44000244140625,175776900,79.39372253417969
2009-08-04,100.83999633789062,99.77999877929688,99.98999786376953,100.69999694824219,176714600,79.59920501708984
2009-08-05,100.86000061035156,99.58000183105469,100.7699966430664,100.41000366210938,184726400,79.37000274658203
2009-08-06,101.0199966430664,99.41999816894531,100.87000274658203,99.88999938964844,193203800,78.95897674560547
2009-08-07,102.02999877929688,100.38999938964844,100.94000244140625,101.19999694824219,220640900,79.99444580078125
2009-08-10,101.22000122070312,100.2699966430664,100.73999786376953,100.98999786376953,130898700,79.82846069335938
2009-08-11,100.61000061035156,99.45999908447266,100.54000091552734,99.7300033569336,157301000,78.83247375488281
2009-08-12,101.55999755859375,99.51000213623047,99.55999755859375,100.80000305175781,219052400,79.67829132080078
2009-08-13,101.61000061035156,100.26000213623047,101.26000213623047,101.56999969482422,176449500,80.28691101074219
2009-08-14,101.5999984741211,99.69999694824219,101.5199966430664,100.79000091552734,199616100,79.67037200927734
2009-08-17,98.94999694824219,98.11000061035156,98.8499984741211,98.30999755859375,237667500,77.71002197265625
2009-08-18,99.44000244140625,98.3499984741211,98.52999877929688,99.08999633789062,173461500,78.32658386230469
2009-08-19,100.30000305175781,98.20999908447266,98.30999755859375,99.95999908447266,192812800,79.01428985595703
2009-08-20,101.22000122070312,99.87000274658203,100.08999633789062,100.98999786376953,174131300,79.82846069335938
2009-08-21,103.12999725341797,101.62000274658203,101.81999969482422,102.97000122070312,224605000,81.39356231689453
2009-08-24,103.94999694824219,102.58999633789062,103.38999938964844,102.95999908447266,191279000,81.38566589355469
2009-08-25,104.26000213623047,102.94000244140625,103.37000274658203,103.16000366210938,215310600,81.54374694824219
2009-08-26,103.63999938964844,102.48999786376953,102.83999633789062,103.16999816894531,194620700,81.5516586303711
2009-08-27,103.72000122070312,101.94000244140625,103.11000061035156,103.4000015258789,196230100,81.73347473144531
2009-08-28,104.3499984741211,102.66999816894531,104.2300033569336,103.37999725341797,147024400,81.71763610839844
2009-08-31,102.58000183105469,101.79000091552734,102.37000274658203,102.45999908447266,176051600,80.99041748046875
