Date,High,Low,Open,Close,Volume,Adj Close
2003-11-03,106.61000061035156,105.70999908447266,105.75,105.98999786376953,37589300,74.72984313964844
2003-11-04,106.2699966430664,105.58000183105469,105.98999786376953,105.76000213623047,31421600,74.56766510009766
2003-11-05,105.97000122070312,104.9000015258789,105.48999786376953,105.83999633789062,33558800,74.62406921386719
2003-11-06,106.44000244140625,105.0999984741211,105.5999984741211,106.4000015258789,28392300,75.01889038085938
2003-11-07,106.72000122070312,105.56999969482422,106.63999938964844,105.61000061035156,31723200,74.4618911743164
2003-11-10,105.83999633789062,105.01000213623047,105.73999786376953,105.18000030517578,25530800,74.15872192382812
2003-11-11,105.33000183105469,104.80000305175781,105.08999633789062,105.1500015258789,26558600,74.13758850097656
2003-11-12,106.47000122070312,105.16000366210938,105.2300033569336,106.33000183105469,28000000,74.96957397460938
2003-11-13,106.54000091552734,105.77999877929688,106.01000213623047,106.36000061035156,29714800,74.99068450927734
2003-11-14,106.94999694824219,105.29000091552734,106.4000015258789,105.45999908447266,49158500,74.35612487792969
2003-11-17,105.13999938964844,104.04000091552734,104.91000366210938,104.93000030517578,44382100,73.9824447631836
2003-11-18,105.44999694824219,103.69999694824219,105.23999786376953,103.83999633789062,41155000,73.21391296386719
2003-11-19,105.01000213623047,103.91999816894531,104.02999877929688,104.72000122070312,29827000,73.83439636230469
2003-11-20,105.23999786376953,103.75,104.0,103.77999877929688,53578700,73.171630859375
2003-11-21,104.33000183105469,103.62000274658203,104.23999786376953,104.20999908447266,30016000,73.47482299804688
2003-11-24,105.77999877929688,104.68000030517578,104.69000244140625,105.58999633789062,28906400,74.44778442382812
2003-11-25,106.41999816894531,105.44999694824219,105.7300033569336,105.98999786376953,37580000,74.72984313964844
2003-11-26,106.44999694824219,105.38999938964844,106.41999816894531,106.37000274658203,33053600,74.99775695800781
2003-11-28,106.66000366210938,106.19999694824219,106.27999877929688,106.44999694824219,10507500,75.05416107177734
