Date,High,Low,Open,Close,Volume,Adj Close
2000-09-01,153.59375,152.0,153.25,152.5,3191200.0,102.74286651611328
2000-09-05,152.203125,150.8125,151.875,151.28125,3470800.0,101.92169189453125
2000-09-06,151.953125,149.53125,151.1875,149.5625,4322200.0,100.76375579833984
2000-09-07,151.078125,149.828125,150.25,150.84375,4265500.0,101.62699890136719
2000-09-08,150.5,149.328125,150.28125,149.8125,3518200.0,100.93219757080078
2000-09-11,151.1875,148.6875,149.75,149.59375,3937500.0,100.78486633300781
2000-09-12,150.25,148.4375,149.75,148.5,4769100.0,100.04793548583984
2000-09-13,149.34375,147.65625,148.0,148.890625,7691600.0,100.31112670898438
2000-09-14,149.9375,148.15625,149.875,149.640625,3397100.0,100.81640625
2000-09-15,148.25,146.0,148.1875,146.0,4085700.0,98.61075592041016
2000-09-18,146.96875,144.203125,146.375,144.65625,5109300.0,97.7031478881836
2000-09-19,146.3125,144.703125,145.125,145.96875,6588200.0,98.58966064453125
2000-09-20,146.03125,143.15625,145.6875,144.890625,6508100.0,97.8614730834961
2000-09-21,145.5625,142.625,144.46875,142.6875,5972300.0,96.37346649169922
2000-09-22,145.3125,142.421875,142.625,145.28125,7791300.0,98.12529754638672
2000-09-25,146.0625,143.71875,145.9375,144.25,9726300.0,97.42874145507812
2000-09-26,145.0,142.40625,144.375,142.40625,5302400.0,96.1834487915039
2000-09-27,143.96875,142.125,143.5625,143.15625,7186200.0,96.69002532958984
2000-09-28,146.328125,142.890625,143.1875,145.0,7036400.0,97.93537902832031
2000-09-29,145.96875,143.625,145.46875,143.625,9333600.0,97.00663757324219
