Date,High,Low,Open,Close,Volume,Adj Close
2006-04-03,130.8699951171875,129.49000549316406,130.07000732421875,129.72999572753906,61624700,95.6910400390625
2006-04-04,130.72999572753906,129.36000061035156,129.72999572753906,130.55999755859375,54809300,96.30327606201172
2006-04-05,131.27999877929688,130.3800048828125,130.61000061035156,131.00999450683594,50607200,96.6351547241211
2006-04-06,131.2100067138672,130.19000244140625,130.85000610351562,130.8699951171875,57906200,96.53189849853516
2006-04-07,131.39999389648438,129.35000610351562,131.05999755859375,129.5399932861328,80180900,95.5508804321289
2006-04-10,130.0800018310547,129.25999450683594,129.74000549316406,129.74000549316406,41496500,95.69842529296875
2006-04-11,130.05999755859375,128.25,129.85000610351562,128.63999938964844,72799400,94.88703155517578
2006-04-12,129.1300048828125,128.61000061035156,128.77000427246094,128.8800048828125,43033700,95.06405639648438
2006-04-13,129.25,128.30999755859375,128.58999633789062,128.7100067138672,51051800,94.93863677978516
2006-04-17,129.30999755859375,128.02000427246094,128.8300018310547,128.66000366210938,64167700,94.90176391601562
2006-04-18,130.94000244140625,128.92999267578125,128.92999267578125,130.6999969482422,92531800,96.40653228759766
2006-04-19,131.07000732421875,130.24000549316406,130.75,130.9499969482422,87269000,96.5909194946289
2006-04-20,131.86000061035156,130.60000610351562,131.0,131.1300048828125,86005500,96.72368621826172
2006-04-21,131.7899932861328,130.6199951171875,131.69000244140625,131.14999389648438,72342600,96.73841857910156
2006-04-24,131.07000732421875,130.3800048828125,130.88999938964844,130.91000366210938,52546400,96.56141662597656
2006-04-25,131.1199951171875,129.9199981689453,131.0399932861328,130.3699951171875,84359800,96.16309356689453
2006-04-26,131.13999938964844,130.3000030517578,130.5,130.39999389648438,67262400,96.1852035522461
2006-04-27,131.6300048828125,129.58999633789062,129.89999389648438,131.02999877929688,124478600,96.64995574951172
2006-04-28,131.75,130.7100067138672,130.7899932861328,131.47000122070312,55854400,96.97447967529297
