Date,High,Low,Open,Close,Volume,Adj Close
2010-02-01,109.06999969482422,107.5,108.1500015258789,109.05999755859375,187865000,87.08441162109375
2010-02-02,110.58999633789062,108.87999725341797,109.26000213623047,110.37999725341797,216327900,88.138427734375
2010-02-03,110.4800033569336,109.51000213623047,109.87999725341797,109.83000183105469,172730700,87.69925689697266
2010-02-04,109.02999877929688,106.41999816894531,108.9800033569336,106.44000244140625,356715700,84.99232482910156
2010-02-05,106.87999725341797,104.58000183105469,106.55999755859375,106.66000366210938,493585800,85.16803741455078
2010-02-08,107.33000183105469,105.80999755859375,106.73999786376953,105.88999938964844,224166900,84.55314636230469
2010-02-09,108.1500015258789,106.2699966430664,107.12999725341797,107.22000122070312,337820500,85.61518096923828
2010-02-10,107.5999984741211,106.11000061035156,107.05000305175781,107.01000213623047,240511500,85.4474868774414
2010-02-11,108.25,106.25,106.87000274658203,108.12999725341797,223591600,86.34181213378906
2010-02-12,108.0999984741211,106.51000213623047,106.98999786376953,108.04000091552734,304622100,86.2699203491211
2010-02-16,109.8499984741211,107.81999969482422,108.86000061035156,109.73999786376953,159317500,87.62738800048828
2010-02-17,110.41000366210938,109.73999786376953,110.2699966430664,110.26000213623047,168845100,88.04259490966797
2010-02-18,111.13999938964844,110.04000091552734,110.08000183105469,110.91000366210938,193708600,88.5616455078125
2010-02-19,111.56999969482422,110.36000061035156,110.62000274658203,111.13999938964844,222684900,88.74529266357422
2010-02-22,111.58000183105469,110.83000183105469,111.55000305175781,111.16000366210938,132346900,88.76127624511719
2010-02-23,111.19999694824219,109.5199966430664,110.86000061035156,109.80999755859375,207497000,87.68328094482422
2010-02-24,111.0,109.86000061035156,110.13999938964844,110.81999969482422,176350700,88.48977661132812
2010-02-25,110.75,108.94000244140625,109.23999786376953,110.66999816894531,259634700,88.37002563476562
2010-02-26,111.12000274658203,110.11000061035156,110.7699966430664,110.73999786376953,173589300,88.42588806152344
