Date,High,Low,Open,Close,Volume,Adj Close
2012-07-02,136.64999389648438,135.52000427246094,136.47999572753906,136.50999450683594,129524500,114.56268310546875
2012-07-03,137.50999450683594,136.33999633789062,136.47999572753906,137.41000366210938,80450000,115.31793975830078
2012-07-05,137.8000030517578,136.2899932861328,136.89999389648438,136.7899932861328,126177500,114.79764556884766
2012-07-06,135.77000427246094,134.85000610351562,135.47000122070312,135.49000549316406,151192100,113.70665740966797
2012-07-09,135.57000732421875,134.6999969482422,135.3800048828125,135.32000732421875,103780500,113.56396484375
2012-07-10,136.22999572753906,133.67999267578125,136.00999450683594,134.13999938964844,167884800,112.57368469238281
2012-07-11,134.60000610351562,133.3800048828125,134.2100067138672,134.16000366210938,141733400,112.59046936035156
2012-07-12,134.22999572753906,132.60000610351562,133.3800048828125,133.50999450683594,143583200,112.04496002197266
2012-07-13,135.88999938964844,133.83999633789062,133.86000061035156,135.75,129642600,113.9248046875
2012-07-16,135.8300018310547,134.89999389648438,135.44000244140625,135.42999267578125,97525200,113.65625762939453
2012-07-17,136.63999938964844,134.5500030517578,135.97000122070312,136.36000061035156,138860300,114.43672943115234
2012-07-18,137.63999938964844,135.9600067138672,136.0399932861328,137.3699951171875,113349700,115.28438568115234
2012-07-19,138.17999267578125,137.2100067138672,137.64999389648438,137.72999572753906,129847300,115.58648681640625
2012-07-20,137.16000366210938,136.32000732421875,136.9499969482422,136.47000122070312,142904500,114.52906799316406
2012-07-23,136.3800048828125,133.83999633789062,134.47000122070312,135.08999633789062,145210900,113.37091064453125
2012-07-24,135.25,133.02999877929688,135.19000244140625,133.92999267578125,173301200,112.3974609375
2012-07-25,134.55999755859375,133.25,134.2100067138672,133.9600067138672,129122300,112.42262268066406
2012-07-26,136.4600067138672,135.25999450683594,135.88999938964844,136.1699981689453,156526500,114.27729034423828
2012-07-27,139.07000732421875,136.13999938964844,136.88999938964844,138.67999267578125,236768900,116.38377380371094
2012-07-30,139.33999633789062,138.27000427246094,138.52000427246094,138.67999267578125,106782000,116.38377380371094
2012-07-31,138.8699951171875,137.7100067138672,138.49000549316406,137.7100067138672,120575900,115.5696792602539
