Date,High,Low,Open,Close,Volume,Adj Close
2003-06-02,98.44999694824219,96.66999816894531,97.52999877929688,97.3499984741211,50305500.0,68.12950134277344
2003-06-03,97.83999633789062,96.8499984741211,97.1500015258789,97.75,38254500.0,68.40940856933594
2003-06-04,99.3499984741211,97.56999969482422,97.66000366210938,99.16000366210938,49360700.0,69.39618682861328
2003-06-05,99.6500015258789,98.2699966430664,98.58000183105469,99.6500015258789,46262400.0,69.7391128540039
2003-06-06,101.4000015258789,99.12999725341797,100.4000015258789,99.26000213623047,60356800.0,69.46617126464844
2003-06-09,99.0999984741211,97.7699966430664,98.7699966430664,98.25,37808500.0,68.75934600830078
2003-06-10,99.26000213623047,98.19000244140625,98.45999908447266,99.25,29965900.0,69.45916748046875
2003-06-11,100.38999938964844,98.70999908447266,99.16000366210938,100.30000305175781,37610200.0,70.19400787353516
2003-06-12,100.9000015258789,99.62000274658203,100.75,100.61000061035156,36442000.0,70.41096496582031
2003-06-13,100.75,98.94999694824219,100.61000061035156,99.55999755859375,48628300.0,69.67613983154297
2003-06-16,101.69999694824219,99.80000305175781,99.95999908447266,101.66000366210938,36326300.0,71.14584350585938
2003-06-17,102.18000030517578,101.2300033569336,102.06999969482422,101.66000366210938,36801800.0,71.14584350585938
2003-06-18,102.13999938964844,101.0,101.29000091552734,101.56999969482422,35521000.0,71.08279418945312
2003-06-19,101.7300033569336,99.83999633789062,101.63999938964844,100.0199966430664,43551700.0,69.9980697631836
2003-06-20,100.5,99.41999816894531,100.38999938964844,99.44000244140625,41545000.0,69.84354400634766
2003-06-23,99.66000366210938,97.91999816894531,99.44999694824219,98.41999816894531,34237500.0,69.1270980834961
2003-06-24,99.08999633789062,98.0199966430664,98.22000122070312,98.5199966430664,36213600.0,69.19734954833984
2003-06-25,99.44000244140625,97.52999877929688,98.52999877929688,97.52999877929688,47743400.0,68.50203704833984
2003-06-26,98.9800033569336,96.95999908447266,97.77999877929688,98.80000305175781,33477300.0,69.39403533935547
2003-06-27,99.19000244140625,97.58000183105469,98.75,97.66000366210938,54208800.0,68.59331512451172
2003-06-30,98.66999816894531,97.47000122070312,98.22000122070312,97.62999725341797,33349000.0,68.5722885131836
