Date,High,Low,Open,Close,Volume,Adj Close
2010-05-03,120.68000030517578,119.19999694824219,119.37999725341797,120.3499984741211,182747900,96.49522399902344
2010-05-04,119.02999877929688,116.91999816894531,119.01000213623047,117.5199966430664,360353400,94.2261734008789
2010-05-05,117.80000305175781,115.97000122070312,116.55999755859375,116.81999969482422,328973200,93.66490173339844
2010-05-06,117.0,105.0,116.26000213623047,112.94000244140625,647356600,90.5539779663086
2010-05-07,113.7699966430664,109.41000366210938,112.63999938964844,111.26000213623047,637558800,89.20696258544922
2010-05-10,116.6500015258789,114.91000366210938,115.80999755859375,116.16000366210938,396159600,93.13572692871094
2010-05-11,117.36000061035156,114.91000366210938,115.06999969482422,115.83000183105469,317849800,92.87113189697266
2010-05-12,117.62000274658203,116.08999633789062,116.29000091552734,117.44999694824219,235607100,94.17001342773438
2010-05-13,117.68000030517578,115.88999938964844,117.12999725341797,115.98999786376953,234452500,92.99942016601562
2010-05-14,115.33000183105469,112.87000274658203,115.12000274658203,113.88999938964844,345601400,91.31570434570312
2010-05-17,114.5199966430664,111.7699966430664,114.19999694824219,113.94999694824219,325739800,91.36376953125
2010-05-18,115.22000122070312,112.02999877929688,114.87999725341797,112.4000015258789,360556800,90.1209945678711
2010-05-19,112.7699966430664,110.36000061035156,111.7699966430664,111.76000213623047,394742700,89.60783386230469
2010-05-20,109.88999938964844,107.47000122070312,109.37999725341797,107.54000091552734,530418300,86.22431182861328
2010-05-21,109.37999725341797,105.36000061035156,105.91000366210938,109.11000061035156,500909400,87.48310852050781
2010-05-24,109.38999938964844,107.61000061035156,108.5199966430664,107.70999908447266,269823000,86.36061096191406
2010-05-25,107.87000274658203,104.37999725341797,105.11000061035156,107.81999969482422,396505200,86.44882202148438
2010-05-26,109.47000122070312,106.8499984741211,108.4800033569336,107.16999816894531,349719300,85.9276351928711
2010-05-27,110.80000305175781,108.77999877929688,109.19000244140625,110.76000213623047,300870500,88.80607604980469
2010-05-28,110.72000122070312,108.8499984741211,110.63999938964844,109.37000274658203,297933500,87.69158935546875
