Date,High,Low,Open,Close,Volume,Adj Close
2008-12-01,87.55000305175781,81.86000061035156,87.51000213623047,82.11000061035156,369927100.0,63.56537628173828
2008-12-02,85.48999786376953,82.04000091552734,83.47000122070312,85.2699966430664,469508400.0,66.01165008544922
2008-12-03,87.83000183105469,83.13999938964844,83.4000015258789,87.31999969482422,519863500.0,67.59867858886719
2008-12-04,88.05000305175781,83.73999786376953,86.05999755859375,85.30000305175781,444173800.0,66.0348892211914
2008-12-05,88.41999816894531,82.23999786376953,83.6500015258789,87.93000030517578,471905300.0,68.07088470458984
2008-12-08,92.37999725341797,88.08000183105469,90.33999633789062,91.0,412859300.0,70.4475326538086
2008-12-09,92.12999725341797,88.9800033569336,90.37000274658203,89.5,370790000.0,69.28630065917969
2008-12-10,91.36000061035156,89.0,90.31999969482422,90.11000061035156,396187400.0,69.7585220336914
2008-12-11,91.0,87.37000274658203,89.54000091552734,87.94000244140625,365061000.0,68.07864379882812
2008-12-12,89.06999969482422,85.19999694824219,85.55000305175781,88.98999786376953,415060400.0,68.89148712158203
2008-12-15,89.1500015258789,86.29000091552734,89.0199966430664,87.75,256694200.0,67.93154907226562
2008-12-16,92.0199966430664,88.18000030517578,91.87999725341797,91.87999725341797,377699500.0,71.12876892089844
2008-12-17,92.43000030517578,90.05999755859375,90.83999633789062,90.98999786376953,281819800.0,70.43975830078125
2008-12-18,91.66999816894531,88.20999908447266,91.4000015258789,89.29000091552734,374673300.0,69.1237564086914
2008-12-19,90.62000274658203,88.08999633789062,89.0999984741211,88.19000244140625,301451300.0,68.82638549804688
2008-12-22,88.66999816894531,85.48999786376953,88.58000183105469,87.05999755859375,243759500.0,67.94450378417969
2008-12-23,87.93000030517578,85.80000305175781,87.52999877929688,86.16000366210938,221625200.0,67.24210357666016
2008-12-24,86.87000274658203,86.0,86.44999694824219,86.66000366210938,62061600.0,67.63232421875
2008-12-26,87.30000305175781,86.5,87.23999786376953,87.16000366210938,74767700.0,68.02254486083984
2008-12-29,87.33000183105469,85.5999984741211,87.23999786376953,86.91000366210938,127795900.0,67.82743835449219
2008-12-30,89.05000305175781,86.87999725341797,87.51000213623047,88.97000122070312,168256300.0,69.43511962890625
2008-12-31,90.97000122070312,88.87000274658203,89.08000183105469,90.23999786376953,193987200.0,70.42626953125
