Date,High,Low,Open,Close,Volume,Adj Close
2012-05-01,141.66000366210938,139.6300048828125,139.7899932861328,140.74000549316406,138832200,117.50372314453125
2012-05-02,140.4600067138672,139.4600067138672,139.9199981689453,140.32000732421875,121081000,117.15306854248047
2012-05-03,140.4499969482422,138.99000549316406,140.33999633789062,139.25,143759700,116.25971984863281
2012-05-04,139.3000030517578,136.9199981689453,138.52000427246094,137.0,193927300,114.38118743896484
2012-05-07,137.55999755859375,136.4600067138672,136.50999450683594,137.10000610351562,127765900,114.46467590332031
2012-05-08,136.77000427246094,134.9199981689453,136.27999877929688,136.5500030517578,213377700,114.00547790527344
2012-05-09,136.61000061035156,134.49000549316406,135.10000610351562,135.74000549316406,220752500,113.32923889160156
2012-05-10,136.85000610351562,135.7100067138672,136.67999267578125,136.02000427246094,150600000,113.56300354003906
2012-05-11,136.8699951171875,135.11000061035156,135.1699981689453,135.61000061035156,153032400,113.220703125
2012-05-14,135.61000061035156,133.91000366210938,134.30999755859375,134.11000061035156,163910000,111.96835327148438
2012-05-15,134.80999755859375,133.1300048828125,134.02000427246094,133.33999633789062,207629300,111.32548522949219
2012-05-16,134.5500030517578,132.8000030517578,133.94000244140625,132.8300018310547,207265500,110.89967346191406
2012-05-17,133.02000427246094,130.7899932861328,132.86000061035156,130.86000061035156,247992900,109.25489807128906
2012-05-18,131.60000610351562,129.5500030517578,131.3699951171875,129.74000549316406,319615900,108.31981658935547
2012-05-21,132.02000427246094,129.9499969482422,130.16000366210938,131.97000122070312,177861100,110.18164825439453
2012-05-22,133.22999572753906,131.33999633789062,132.30999755859375,132.1999969482422,197531200,110.3736801147461
2012-05-23,132.4600067138672,129.99000549316406,131.25,132.27000427246094,204958400,110.4321517944336
2012-05-24,132.83999633789062,131.4199981689453,132.6300048828125,132.52999877929688,167357600,110.64921569824219
2012-05-25,132.85000610351562,131.77999877929688,132.47999572753906,132.10000610351562,135465600,110.29021453857422
2012-05-29,133.92999267578125,131.1699981689453,133.16000366210938,133.6999969482422,152883500,111.62600708007812
2012-05-30,133.69000244140625,131.49000549316406,132.55999755859375,131.75999450683594,162370400,110.00634765625
2012-05-31,132.4499969482422,130.33999633789062,131.7100067138672,131.47000122070312,196186000,109.76421356201172
