Date,High,Low,Open,Close,Volume,Adj Close
2019-08-01,300.8699951171875,293.9599914550781,297.6000061035156,294.8399963378906,142646600,284.82708740234375
2019-08-02,294.1199951171875,290.8999938964844,293.8500061035156,292.6199951171875,116749700,282.6825256347656
2019-08-05,288.2099914550781,281.7200012207031,288.0899963378906,283.82000732421875,178745400,274.1813049316406
2019-08-06,288.0400085449219,284.2799987792969,285.9100036621094,287.79998779296875,120711700,278.02618408203125
2019-08-07,288.82000732421875,282.0400085449219,284.3999938964844,287.9700012207031,140572300,278.1903991699219
2019-08-08,293.6199951171875,289.010009765625,289.6199951171875,293.6199951171875,87713900,283.6485290527344
2019-08-09,293.239990234375,289.6499938964844,292.5799865722656,291.6199951171875,93730000,281.7164306640625
2019-08-12,291.6099853515625,287.0199890136719,289.9599914550781,288.07000732421875,65527600,278.2870788574219
2019-08-13,294.1499938964844,287.3599853515625,287.739990234375,292.54998779296875,94299800,282.6148376464844
2019-08-14,288.739990234375,283.760009765625,288.07000732421875,283.8999938964844,135622100,274.25860595703125
2019-08-15,285.6400146484375,282.3900146484375,284.8800048828125,284.6499938964844,99556600,274.9831237792969
2019-08-16,289.3299865722656,284.7099914550781,286.4800109863281,288.8500061035156,83018300,279.04052734375
2019-08-19,293.0799865722656,291.44000244140625,292.19000244140625,292.3299865722656,53571800,282.40234375
2019-08-20,292.3599853515625,289.95001220703125,291.7699890136719,290.0899963378906,51596400,280.2383728027344
2019-08-21,292.8599853515625,291.7200012207031,292.4800109863281,292.45001220703125,49524700,282.5182189941406
2019-08-22,293.92999267578125,290.3999938964844,293.2300109863281,292.3599853515625,51666400,282.43133544921875
2019-08-23,292.760009765625,283.4700012207031,290.9200134277344,284.8500061035156,149161500,275.1763610839844
2019-08-26,288.0,285.5799865722656,287.2699890136719,288.0,72423800,278.21942138671875
2019-08-27,289.95001220703125,286.0299987792969,289.5400085449219,286.8699951171875,66668900,277.12774658203125
2019-08-28,289.07000732421875,285.25,286.1400146484375,288.8900146484375,59696700,279.07916259765625
2019-08-29,293.1600036621094,290.6099853515625,291.7200012207031,292.5799865722656,57899400,282.64385986328125
2019-08-30,294.239990234375,291.4200134277344,294.2200012207031,292.45001220703125,62901200,282.5182189941406
