Date,High,Low,Open,Close,Volume,Adj Close
2004-09-01,111.63999938964844,110.4800033569336,110.94999694824219,111.31999969482422,52778300.0,79.42403411865234
2004-09-02,112.69999694824219,111.23999786376953,111.23999786376953,112.58000183105469,42736600.0,80.322998046875
2004-09-03,112.81999969482422,112.01000213623047,112.33000183105469,112.12000274658203,30480500.0,79.9947738647461
2004-09-07,113.12999725341797,112.31999969482422,112.54000091552734,112.86000061035156,37338800.0,80.52277374267578
2004-09-08,113.05999755859375,112.30999755859375,112.62000274658203,112.58000183105469,32963100.0,80.322998046875
2004-09-09,112.87999725341797,112.02999877929688,112.56999969482422,112.4800033569336,34314800.0,80.25164031982422
2004-09-10,113.2699966430664,112.08000183105469,112.5199966430664,113.05999755859375,27900600.0,80.66546630859375
2004-09-13,113.73999786376953,113.01000213623047,113.30999755859375,113.43000030517578,44398100.0,80.92943572998047
2004-09-14,113.69000244140625,113.19000244140625,113.30000305175781,113.66000366210938,28048900.0,81.093505859375
2004-09-15,113.36000061035156,112.68000030517578,113.30000305175781,112.80000305175781,38295000.0,80.47991943359375
2004-09-16,113.37000274658203,112.80000305175781,112.8499984741211,113.13999938964844,23911700.0,80.7225341796875
2004-09-17,113.36000061035156,112.69000244140625,112.94999694824219,113.1500015258789,33683000.0,81.06570434570312
2004-09-20,112.98999786376953,112.27999877929688,112.66999816894531,112.47000122070312,37149400.0,80.57855224609375
2004-09-21,113.47000122070312,112.54000091552734,112.75,112.95999908447266,40920800.0,80.9295883178711
2004-09-22,112.5199966430664,111.47000122070312,112.5,111.55000305175781,49042100.0,79.91938018798828
2004-09-23,111.69999694824219,110.94999694824219,111.5999984741211,110.94999694824219,44068700.0,79.48953247070312
2004-09-24,111.7300033569336,111.12999725341797,111.16999816894531,111.45999908447266,34981100.0,79.85491943359375
2004-09-27,111.19999694824219,110.58000183105469,111.0999984741211,110.75,39355100.0,79.34622192382812
2004-09-28,111.51000213623047,110.41000366210938,110.91000366210938,111.27999877929688,41662900.0,79.72598266601562
2004-09-29,111.8499984741211,111.0,111.20999908447266,111.83999633789062,33325700.0,80.12716674804688
2004-09-30,111.9800033569336,111.26000213623047,111.55000305175781,111.76000213623047,43536700.0,80.06985473632812
