Date,High,Low,Open,Close,Volume,Adj Close
2003-02-03,86.80999755859375,85.91999816894531,86.13999938964844,86.2300033569336,39696000,60.10490798950195
2003-02-04,85.75,84.30000305175781,85.30999755859375,85.37999725341797,43633400,59.51243209838867
2003-02-05,86.54000091552734,84.4800033569336,85.75,84.8499984741211,55270600,59.143028259277344
2003-02-06,84.88999938964844,83.6500015258789,84.37000274658203,84.44999694824219,53638000,58.864192962646484
2003-02-07,84.98999786376953,82.97000122070312,84.91000366210938,83.41999816894531,43165000,58.146263122558594
2003-02-10,84.12999725341797,82.6500015258789,83.45999908447266,84.01000213623047,45455900,58.55751037597656
2003-02-11,84.87999725341797,82.83000183105469,84.37000274658203,83.43000030517578,46861000,58.153228759765625
2003-02-12,83.62000274658203,82.08999633789062,83.16000366210938,82.0999984741211,35873600,57.22618103027344
2003-02-13,82.66000366210938,81.0,82.1500015258789,82.3499984741211,57934100,57.40043258666992
2003-02-14,84.19999694824219,81.81999969482422,82.37000274658203,84.1500015258789,59580900,58.65509033203125
2003-02-18,85.80000305175781,84.38999938964844,84.52999877929688,85.62999725341797,39492700,59.68668746948242
2003-02-19,85.47000122070312,84.27999877929688,85.31999969482422,85.18000030517578,31432000,59.3730354309082
2003-02-20,85.41999816894531,84.05000305175781,85.20999908447266,84.33000183105469,29280100,58.780521392822266
2003-02-21,85.73999786376953,83.45999908447266,84.37999725341797,85.18000030517578,60955800,59.3730354309082
2003-02-24,85.0,83.58999633789062,84.93000030517578,83.80000305175781,30628600,58.411102294921875
2003-02-25,84.48999786376953,82.22000122070312,82.94999694824219,84.47000122070312,56770600,58.878143310546875
2003-02-26,84.52999877929688,83.08000183105469,84.0199966430664,83.23999786376953,37787200,58.020774841308594
2003-02-27,84.75,83.16000366210938,83.69999694824219,84.33999633789062,51126000,58.78753662109375
2003-02-28,85.2300033569336,84.16000366210938,84.47000122070312,84.9000015258789,43666800,59.17786407470703
