Date,High,Low,Open,Close,Volume,Adj Close
2017-03-01,240.32000732421875,238.3699951171875,238.38999938964844,239.77999877929688,149158200.0,220.93157958984375
2017-03-02,239.57000732421875,238.2100067138672,239.55999755859375,238.27000427246094,70246000.0,219.54029846191406
2017-03-03,238.61000061035156,237.72999572753906,238.1699981689453,238.4199981689453,81974300.0,219.67849731445312
2017-03-06,238.1199951171875,237.00999450683594,237.5,237.7100067138672,55391500.0,219.02430725097656
2017-03-07,237.77000427246094,236.75999450683594,237.36000061035156,237.0,65103700.0,218.3701171875
2017-03-08,237.63999938964844,236.39999389648438,237.33999633789062,236.55999755859375,78168800.0,217.96470642089844
2017-03-09,237.24000549316406,235.74000549316406,236.6999969482422,236.86000061035156,90683900.0,218.24110412597656
2017-03-10,238.02000427246094,236.58999633789062,237.97000122070312,237.69000244140625,81991700.0,219.00587463378906
2017-03-13,237.86000061035156,237.24000549316406,237.6199951171875,237.80999755859375,57256800.0,219.116455078125
2017-03-14,237.24000549316406,236.19000244140625,237.17999267578125,236.89999389648438,59880800.0,218.2779541015625
2017-03-15,239.44000244140625,237.2899932861328,237.55999755859375,238.9499969482422,96081800.0,220.16685485839844
2017-03-16,239.1999969482422,238.10000610351562,239.11000061035156,238.47999572753906,78344000.0,219.73374938964844
2017-03-17,237.97000122070312,237.02999877929688,237.75,237.02999877929688,89002100.0,219.34786987304688
2017-03-20,237.36000061035156,236.32000732421875,237.02999877929688,236.77000427246094,52537000.0,219.10726928710938
2017-03-21,237.61000061035156,233.5800018310547,237.47000122070312,233.72999572753906,131809300.0,216.2940216064453
2017-03-22,234.61000061035156,233.0500030517578,233.77000427246094,234.27999877929688,97569200.0,216.8030242919922
2017-03-23,235.33999633789062,233.60000610351562,234.27999877929688,234.02999877929688,100410300.0,216.57164001464844
2017-03-24,235.0399932861328,232.9600067138672,234.3800048828125,233.86000061035156,112504900.0,216.41432189941406
2017-03-27,233.9199981689453,231.61000061035156,231.92999267578125,233.6199951171875,87454500.0,216.1922607421875
2017-03-28,235.80999755859375,233.13999938964844,233.27000427246094,235.32000732421875,93483900.0,217.7654571533203
2017-03-29,235.80999755859375,234.72999572753906,234.99000549316406,235.5399932861328,61950400.0,217.96900939941406
2017-03-30,236.52000427246094,235.27000427246094,235.47000122070312,236.2899932861328,56737900.0,218.6630859375
2017-03-31,236.50999450683594,235.67999267578125,235.89999389648438,235.74000549316406,73733100.0,218.15411376953125
