Date,High,Low,Open,Close,Volume,Adj Close
2000-01-03,148.25,143.875,148.25,145.4375,8164300,97.50666809082031
2000-01-04,144.0625,139.640625,143.53125,139.75,8089800,93.69357299804688
2000-01-05,141.53125,137.25,139.9375,140.0,12177900,93.86117553710938
2000-01-06,141.5,137.75,139.625,137.75,6227200,92.35267639160156
2000-01-07,145.75,140.0625,140.3125,145.75,8066500,97.7162094116211
2000-01-10,146.90625,145.03125,146.25,146.25,5741700,98.05142211914062
2000-01-11,146.09375,143.5,145.8125,144.5,7503700,96.87814331054688
2000-01-12,144.59375,142.875,144.59375,143.0625,6907700,95.9144058227539
2000-01-13,145.75,143.28125,144.46875,145.0,5158300,97.21337890625
2000-01-14,147.46875,145.96875,146.53125,146.96875,7437300,98.53331756591797
2000-01-18,146.625,145.1875,145.34375,145.8125,6488500,97.75810241699219
2000-01-19,147.0,145.0,145.3125,147.0,6157900,98.5542221069336
2000-01-20,146.96875,143.8125,146.96875,144.75,5800100,97.0457534790039
2000-01-21,145.5,144.0625,145.5,144.4375,6244800,96.83621215820312
2000-01-24,145.84375,139.40625,145.65625,140.34375,7896900,94.0916519165039
2000-01-25,141.9375,139.0,140.515625,141.9375,9942500,95.16016387939453
2000-01-26,141.546875,140.09375,141.0,140.8125,5158100,94.40591430664062
2000-01-27,142.21875,138.125,141.84375,140.25,10922700,94.02882385253906
2000-01-28,140.0625,135.53125,139.4375,135.875,11916200,91.09561157226562
2000-01-31,139.671875,135.0,135.8125,139.5625,10768700,93.56785583496094
