Date,High,Low,Open,Close,Volume,Adj Close
2003-09-02,102.87999725341797,101.05000305175781,101.63999938964844,102.80000305175781,49419100.0,72.20349884033203
2003-09-03,103.69999694824219,102.77999877929688,103.02999877929688,103.36000061035156,44912400.0,72.59681701660156
2003-09-04,103.55000305175781,102.76000213623047,103.0999984741211,103.41000366210938,28381000.0,72.6319580078125
2003-09-05,103.55000305175781,102.4000015258789,102.94000244140625,102.83000183105469,31637300.0,72.22456359863281
2003-09-08,103.87999725341797,102.93000030517578,103.04000091552734,103.68000030517578,32632800.0,72.82158660888672
2003-09-09,103.45999908447266,102.68000030517578,103.37000274658203,103.0,35053200.0,72.34397888183594
2003-09-10,102.80000305175781,101.55000305175781,102.52999877929688,101.95999908447266,45904900.0,71.61347961425781
2003-09-11,102.76000213623047,101.83999633789062,102.0999984741211,102.26000213623047,38396300.0,71.82423400878906
2003-09-12,102.63999938964844,101.3499984741211,101.91000366210938,102.44999694824219,42524800.0,71.95768737792969
2003-09-15,102.62999725341797,101.94999694824219,102.5199966430664,102.08999633789062,21312800.0,71.704833984375
2003-09-16,103.63999938964844,102.16999816894531,102.2300033569336,103.58000183105469,37892600.0,72.75133514404297
2003-09-17,103.79000091552734,103.05000305175781,103.4800033569336,103.37999725341797,31885800.0,72.61085510253906
2003-09-18,104.69999694824219,103.16999816894531,103.4000015258789,104.5999984741211,30243600.0,73.46775817871094
2003-09-19,104.5999984741211,103.4000015258789,104.2699966430664,103.66999816894531,34331600.0,73.09407043457031
2003-09-22,102.95999908447266,102.02999877929688,102.8499984741211,102.55000305175781,36677400.0,72.3044204711914
2003-09-23,103.29000091552734,102.36000061035156,102.58999633789062,102.94000244140625,32489200.0,72.57938385009766
2003-09-24,103.22000122070312,101.06999969482422,103.12000274658203,101.11000061035156,41694700.0,71.28914642333984
2003-09-25,101.87999725341797,100.19999694824219,101.41000366210938,100.27999877929688,52673100.0,70.70389556884766
2003-09-26,100.66000366210938,99.8499984741211,100.44000244140625,99.94999694824219,42914700.0,70.47126007080078
2003-09-29,100.98999786376953,99.79000091552734,100.30000305175781,100.93000030517578,36771600.0,71.16217803955078
2003-09-30,100.76000213623047,99.25,100.4800033569336,99.94999694824219,70764500.0,70.47126007080078
