Date,High,Low,Open,Close,Volume,Adj Close
2006-10-02,133.8300018310547,132.9499969482422,133.5399932861328,133.0800018310547,51687400,99.02954864501953
2006-10-03,133.8699951171875,132.64999389648438,132.88999938964844,133.36000061035156,73108100,99.23790740966797
2006-10-04,135.0,133.0800018310547,133.22999572753906,134.9199981689453,80890500,100.39874267578125
2006-10-05,135.41000366210938,134.75,134.9199981689453,135.17999267578125,60505900,100.59220886230469
2006-10-06,135.10000610351562,134.39999389648438,134.9499969482422,135.00999450683594,64983600,100.46571350097656
2006-10-09,135.3000030517578,134.63999938964844,134.85000610351562,135.08999633789062,41176800,100.5252456665039
2006-10-10,135.4499969482422,134.83999633789062,135.10000610351562,135.27000427246094,56403700,100.65921020507812
2006-10-11,135.42999267578125,134.3000030517578,134.83999633789062,135.11000061035156,104071800,100.54016876220703
2006-10-12,136.38999938964844,135.39999389648438,135.4499969482422,136.27999877929688,59158600,101.4107894897461
2006-10-13,136.7100067138672,136.0399932861328,136.16000366210938,136.6300048828125,53944000,101.67119598388672
2006-10-16,137.0500030517578,136.4199981689453,136.52000427246094,136.83999633789062,42273000,101.8274917602539
2006-10-17,136.6999969482422,135.6699981689453,136.47000122070312,136.41000366210938,90500600,101.50747680664062
2006-10-18,137.3699951171875,136.10000610351562,137.0399932861328,136.58999633789062,86848600,101.64144134521484
2006-10-19,136.8800048828125,136.22999572753906,136.38999938964844,136.80999755859375,64063200,101.80517578125
2006-10-20,136.9499969482422,136.3300018310547,136.83999633789062,136.83999633789062,48094500,101.8274917602539
2006-10-23,137.8000030517578,136.38999938964844,136.55999755859375,137.47000122070312,66219900,102.29629516601562
2006-10-24,137.92999267578125,137.22000122070312,137.27999877929688,137.8800048828125,53234900,102.60135650634766
2006-10-25,138.41000366210938,137.50999450683594,137.74000549316406,138.35000610351562,78105400,102.95114135742188
2006-10-26,139.0,137.97999572753906,138.66000366210938,138.77999877929688,66843700,103.27108764648438
2006-10-27,138.75,137.6300048828125,138.61000061035156,137.91000366210938,80238000,102.62370300292969
2006-10-30,138.1999969482422,137.39999389648438,137.66000366210938,137.80999755859375,49717800,102.54927062988281
2006-10-31,138.25999450683594,137.25,138.07000732421875,137.7899932861328,71274100,102.5344009399414
