Date,High,Low,Open,Close,Volume,Adj Close
2005-05-02,116.41000366210938,115.5199966430664,116.06999969482422,116.4000015258789,56026400,84.3664779663086
2005-05-03,116.8499984741211,115.69000244140625,116.06999969482422,116.5999984741211,86000300,84.51142883300781
2005-05-04,117.75,116.27999877929688,116.6500015258789,117.5,81055700,85.16377258300781
2005-05-05,118.0,116.73999786376953,117.66999816894531,117.45999908447266,96906700,85.13479614257812
2005-05-06,117.98999786376953,117.05999755859375,117.93000030517578,117.08999633789062,67415400,84.86658477783203
2005-05-09,118.08000183105469,117.05000305175781,117.20999908447266,117.81999969482422,43750500,85.39569854736328
2005-05-10,117.5,116.38999938964844,117.36000061035156,116.5999984741211,74613500,84.51142883300781
2005-05-11,117.4000015258789,115.8499984741211,116.93000030517578,117.23999786376953,91647400,84.97534942626953
2005-05-12,117.58999633789062,115.94999694824219,117.31999969482422,115.94999694824219,95086800,84.04033660888672
2005-05-13,116.62000274658203,114.80000305175781,116.30000305175781,115.72000122070312,85267000,83.8736343383789
2005-05-16,116.83999633789062,115.66000366210938,115.69999694824219,116.80000305175781,49207000,84.65642547607422
2005-05-17,117.69999694824219,116.16000366210938,116.41000366210938,117.58000183105469,61071800,85.22174835205078
2005-05-18,119.08000183105469,118.01000213623047,118.08999633789062,118.79000091552734,77944900,86.0987777709961
2005-05-19,119.41000366210938,118.69999694824219,119.0199966430664,119.29000091552734,61768100,86.46116638183594
2005-05-20,119.38999938964844,118.73999786376953,119.33999633789062,119.12000274658203,46345500,86.33795928955078
2005-05-23,120.04000091552734,119.19000244140625,119.20999908447266,119.77999877929688,51047900,86.81629180908203
2005-05-24,119.83000183105469,119.19999694824219,119.44000244140625,119.5,50654100,86.61336517333984
2005-05-25,119.87000274658203,118.83000183105469,119.3499984741211,119.41000366210938,47608800,86.5481185913086
2005-05-26,120.20999908447266,119.62000274658203,119.79000091552734,120.05000305175781,43256200,87.01202392578125
2005-05-27,120.25,119.80000305175781,120.05999755859375,120.25,24596100,87.15694427490234
2005-05-31,120.16999816894531,119.4000015258789,120.08000183105469,119.4800033569336,43377200,86.59886169433594
