Date,High,Low,Open,Close,Volume,Adj Close
2017-10-02,252.32000732421875,251.2899932861328,251.49000549316406,252.32000732421875,59023000,235.8003692626953
2017-10-03,252.88999938964844,252.22999572753906,252.32000732421875,252.86000061035156,66810200,236.30502319335938
2017-10-04,253.44000244140625,252.55999755859375,252.69000244140625,253.16000366210938,55953600,236.5854034423828
2017-10-05,254.67999267578125,253.1999969482422,253.5399932861328,254.66000366210938,63522800,237.98716735839844
2017-10-06,254.6999969482422,253.85000610351562,254.14999389648438,254.3699951171875,80646000,237.71617126464844
2017-10-09,254.6999969482422,253.64999389648438,254.6300048828125,253.9499969482422,35803100,237.3236541748047
2017-10-10,255.0500030517578,253.97999572753906,254.60000610351562,254.6199951171875,43057400,237.94976806640625
2017-10-11,255.02000427246094,254.32000732421875,254.50999450683594,255.02000427246094,47674300,238.3236083984375
2017-10-12,255.05999755859375,254.3699951171875,254.66000366210938,254.63999938964844,47065100,237.96849060058594
2017-10-13,255.27000427246094,254.63999938964844,255.13999938964844,254.9499969482422,54800400,238.25816345214844
2017-10-16,255.50999450683594,254.82000732421875,255.2100067138672,255.2899932861328,38221700,238.57595825195312
2017-10-17,255.52000427246094,254.97999572753906,255.22999572753906,255.47000122070312,31561000,238.744140625
2017-10-18,255.9499969482422,255.5,255.89999389648438,255.72000122070312,40888300,238.977783203125
2017-10-19,255.8300018310547,254.35000610351562,254.8300018310547,255.7899932861328,61903800,239.04318237304688
2017-10-20,257.1400146484375,255.77000427246094,256.70001220703125,257.1099853515625,89176400,240.2767791748047
2017-10-23,257.510009765625,256.0199890136719,257.4800109863281,256.1099853515625,63915300,239.34222412109375
2017-10-24,256.8299865722656,256.1499938964844,256.6000061035156,256.55999755859375,66935900,239.7627410888672
2017-10-25,256.30999755859375,254.0,256.17999267578125,255.2899932861328,103715300,238.57595825195312
2017-10-26,256.29998779296875,255.47999572753906,255.99000549316406,255.6199951171875,69798000,238.88429260253906
2017-10-27,257.8900146484375,255.6300048828125,256.4700012207031,257.7099914550781,85562500,240.83749389648438
2017-10-30,257.6000061035156,256.4100036621094,256.4700012207031,256.75,54285700,239.94036865234375
2017-10-31,257.44000244140625,256.80999755859375,257.17999267578125,257.1499938964844,60304800,240.31414794921875
