Date,High,Low,Open,Close,Volume,Adj Close
2015-08-03,210.52999877929688,208.64999389648438,210.4600067138672,209.7899932861328,113965700,187.14285278320312
2015-08-04,210.25,208.8000030517578,209.6999969482422,209.3800048828125,81820800,186.7771759033203
2015-08-05,211.30999755859375,209.72999572753906,210.4499969482422,210.07000732421875,85786800,187.39263916015625
2015-08-06,210.4199981689453,207.64999389648438,210.2899932861328,208.35000610351562,116030800,185.85833740234375
2015-08-07,208.33999633789062,206.8699951171875,208.16000366210938,207.9499969482422,117858000,185.50148010253906
2015-08-10,210.6699981689453,209.27999877929688,209.27999877929688,210.57000732421875,80270700,187.83868408203125
2015-08-11,209.47000122070312,207.75999450683594,208.97000122070312,208.6699981689453,126081400,186.14376831054688
2015-08-12,209.13999938964844,205.36000061035156,207.11000061035156,208.9199981689453,172123700,186.36679077148438
2015-08-13,209.5500030517578,208.00999450683594,208.72999572753906,208.66000366210938,89383300,186.13485717773438
2015-08-14,209.50999450683594,208.25999450683594,208.42999267578125,209.4199981689453,72786500,186.81283569335938
2015-08-17,210.58999633789062,208.16000366210938,208.7100067138672,210.58999633789062,79072600,187.8564910888672
2015-08-18,210.67999267578125,209.6999969482422,210.25999450683594,209.97999572753906,71692700,187.3123321533203
2015-08-19,210.00999450683594,207.35000610351562,209.08999633789062,208.32000732421875,172946000,185.83155822753906
2015-08-20,208.2899932861328,203.89999389648438,206.50999450683594,203.97000122070312,194327900,181.95114135742188
2015-08-21,203.94000244140625,197.52000427246094,201.72999572753906,197.8300018310547,346588500,176.47396850585938
2015-08-24,197.47999572753906,182.39999389648438,187.49000549316406,189.5,507244300,169.04315185546875
2015-08-25,195.4499969482422,186.9199981689453,195.42999267578125,187.27000427246094,369833100,167.0539093017578
2015-08-26,194.7899932861328,188.3699951171875,192.0800018310547,194.4600067138672,339257000,173.4677734375
2015-08-27,199.4199981689453,195.2100067138672,197.02000427246094,199.27000427246094,274143900,177.75852966308594
2015-08-28,199.83999633789062,197.9199981689453,198.5,199.27999877929688,160414400,177.7674102783203
2015-08-31,199.1300048828125,197.00999450683594,198.11000061035156,197.6699981689453,163298800,176.33123779296875
