Date,High,Low,Open,Close,Volume,Adj Close
2008-02-01,139.61000061035156,137.52000427246094,137.94000244140625,139.5800018310547,206843600,106.37252807617188
2008-02-04,139.3000030517578,137.63999938964844,139.2100067138672,137.82000732421875,124694300,105.03124237060547
2008-02-05,136.25,133.6699981689453,135.94000244140625,134.1300048828125,286882500,102.2191162109375
2008-02-06,135.25,132.41000366210938,134.5800018310547,133.0500030517578,250792900,101.39607238769531
2008-02-07,134.7899932861328,131.72999572753906,131.8000030517578,133.92999267578125,297368100,102.06668853759766
2008-02-08,134.22000122070312,132.10000610351562,133.08999633789062,133.07000732421875,221643500,101.41130065917969
2008-02-11,134.22999572753906,132.0399932861328,133.10000610351562,133.75,188576300,101.92950439453125
2008-02-12,136.30999755859375,133.97999572753906,134.91000366210938,134.99000549316406,256654400,102.87454223632812
2008-02-13,137.05999755859375,135.13999938964844,136.00999450683594,136.3699951171875,181967800,103.92620849609375
2008-02-14,137.0,134.7899932861328,136.9499969482422,135.1699981689453,215207200,103.01170349121094
2008-02-15,135.22000122070312,133.91000366210938,134.5,135.13999938964844,154110300,102.98881530761719
2008-02-19,136.88999938964844,134.61000061035156,136.72000122070312,135.52000427246094,145190000,103.27839660644531
2008-02-20,136.5500030517578,133.75999450683594,133.99000549316406,135.9199981689453,220085700,103.58326721191406
2008-02-21,137.00999450683594,134.07000732421875,136.66000366210938,134.7899932861328,201051200,102.72208404541016
2008-02-22,135.85000610351562,132.86000061035156,134.97000122070312,135.6199951171875,205491000,103.35462951660156
2008-02-25,137.64999389648438,134.77999877929688,135.5399932861328,137.3300018310547,190107000,104.6578140258789
2008-02-26,138.9499969482422,136.5,136.75,138.36000061035156,212420700,105.44276428222656
2008-02-27,139.13999938964844,137.41000366210938,137.55999755859375,138.22000122070312,168395800,105.33605194091797
2008-02-28,137.9600067138672,136.5500030517578,137.24000549316406,136.8699951171875,170831100,104.30725860595703
2008-02-29,135.67999267578125,132.77999877929688,135.60000610351562,133.82000732421875,252715200,101.98289489746094
