Date,High,Low,Open,Close,Volume,Adj Close
2009-11-02,105.41000366210938,103.08000183105469,104.12999725341797,104.31999969482422,254222900,82.85346221923828
2009-11-03,104.80000305175781,103.54000091552734,103.73999786376953,104.6500015258789,228362600,83.11556243896484
2009-11-04,106.33000183105469,104.6500015258789,105.51000213623047,104.91999816894531,247996700,83.33000946044922
2009-11-05,106.87999725341797,105.44000244140625,105.66000366210938,106.8499984741211,180015300,84.86284637451172
2009-11-06,107.4000015258789,106.05000305175781,106.26000213623047,107.12999725341797,170954100,85.08523559570312
2009-11-09,109.62999725341797,107.87000274658203,107.94999694824219,109.56999969482422,159495700,87.02313995361328
2009-11-10,109.93000030517578,108.97000122070312,109.30999755859375,109.58999633789062,171899800,87.03900909423828
2009-11-11,110.81999969482422,109.62000274658203,110.30999755859375,110.1500015258789,169466200,87.48380279541016
2009-11-12,110.56999969482422,108.75,110.0,109.02999877929688,157144500,86.5942611694336
2009-11-13,110.08999633789062,108.75,109.30999755859375,109.62000274658203,150963000,87.06285858154297
2009-11-16,111.69000244140625,110.31999969482422,110.37999725341797,111.20999908447266,210922200,88.3256607055664
2009-11-17,111.38999938964844,110.5,110.91999816894531,111.33999633789062,147134100,88.42891693115234
2009-11-18,111.43000030517578,110.56999969482422,111.26000213623047,111.2699966430664,156486800,88.3733139038086
2009-11-19,111.30999755859375,109.12999725341797,110.51000213623047,109.81999969482422,208734600,87.2217025756836
2009-11-20,109.76000213623047,109.01000213623047,109.25,109.43000030517578,134196000,86.91192626953125
2009-11-23,111.73999786376953,110.5999984741211,110.72000122070312,110.81999969482422,148010200,88.01592254638672
2009-11-24,111.19999694824219,110.01000213623047,111.0,110.98999786376953,138420100,88.15090942382812
2009-11-25,111.5,110.81999969482422,111.16999816894531,111.37999725341797,109564800,88.46068572998047
2009-11-27,110.31999969482422,108.29000091552734,108.4000015258789,109.56999969482422,126001800,87.02313995361328
2009-11-30,110.19999694824219,108.12000274658203,109.4800033569336,109.94000244140625,160874800,87.31700134277344
