Date,High,Low,Open,Close,Volume,Adj Close
2010-09-01,108.61000061035156,106.66000366210938,106.7300033569336,108.45999908447266,256828100.0,87.3757095336914
2010-09-02,109.48999786376953,108.48999786376953,108.72000122070312,109.47000122070312,156112200.0,88.1893539428711
2010-09-03,110.98999786376953,109.94999694824219,110.54000091552734,110.88999938964844,212197300.0,89.33330535888672
2010-09-07,110.51000213623047,109.55000305175781,110.37000274658203,109.63999938964844,141973700.0,88.32628631591797
2010-09-08,110.8499984741211,109.80999755859375,109.86000061035156,110.41000366210938,149924400.0,88.9466323852539
2010-09-09,111.68000030517578,110.62000274658203,111.6500015258789,110.91999816894531,147017900.0,89.35749053955078
2010-09-10,111.61000061035156,110.87000274658203,111.12000274658203,111.4800033569336,127819000.0,89.80862426757812
2010-09-13,112.94999694824219,112.12999725341797,112.58000183105469,112.72000122070312,178503500.0,90.80756378173828
2010-09-14,113.29000091552734,112.08000183105469,112.5,112.6500015258789,209823600.0,90.75119018554688
2010-09-15,113.20999908447266,111.9800033569336,112.31999969482422,113.08000183105469,168608400.0,91.09759521484375
2010-09-16,113.12000274658203,112.3499984741211,112.7300033569336,113.05000305175781,199962900.0,91.07341003417969
2010-09-17,113.1500015258789,112.18000030517578,113.04000091552734,112.48999786376953,195836900.0,91.10740661621094
2010-09-20,114.45999908447266,112.5199966430664,112.87999725341797,114.20999908447266,214555200.0,92.50049591064453
2010-09-21,114.83999633789062,113.51000213623047,114.30000305175781,113.9800033569336,268389100.0,92.31422424316406
2010-09-22,114.44000244140625,113.0999984741211,113.80000305175781,113.41999816894531,191322400.0,91.86067199707031
2010-09-23,113.66999816894531,112.18000030517578,112.48999786376953,112.5,202354300.0,91.11554718017578
2010-09-24,114.9000015258789,113.6500015258789,113.75,114.81999969482422,209671800.0,92.99451446533203
2010-09-27,114.98999786376953,114.16000366210938,114.86000061035156,114.2699966430664,128761800.0,92.54907989501953
2010-09-28,115.04000091552734,113.18000030517578,114.41999816894531,114.66999816894531,209207500.0,92.87306213378906
2010-09-29,114.91000366210938,114.0199966430664,114.37999725341797,114.47000122070312,179665800.0,92.71107482910156
2010-09-30,115.79000091552734,113.58999633789062,115.05000305175781,114.12999725341797,287106700.0,92.43567657470703
