Date,High,Low,Open,Close,Volume,Adj Close
2009-01-02,93.44000244140625,89.8499984741211,90.44000244140625,92.95999908447266,227566300,72.54907989501953
2009-01-05,93.66000366210938,91.88999938964844,92.62999725341797,92.8499984741211,240349700,72.46320343017578
2009-01-06,94.44999694824219,92.68000030517578,93.63999938964844,93.47000122070312,328260900,72.94707489013672
2009-01-07,92.26000213623047,90.19999694824219,92.0,90.66999816894531,280899200,70.7618637084961
2009-01-08,91.08999633789062,89.66999816894531,90.16000366210938,91.04000091552734,263834400,71.05062103271484
2009-01-09,91.31999969482422,85.36000061035156,91.16000366210938,89.08999633789062,330953600,69.52877807617188
2009-01-12,88.91000366210938,86.41000366210938,88.83999633789062,86.94999694824219,277858500,67.858642578125
2009-01-13,87.87999725341797,86.19999694824219,86.7300033569336,87.11000061035156,356432300,67.9835205078125
2009-01-14,85.75,83.16000366210938,85.54000091552734,84.37000274658203,435491600,65.84514617919922
2009-01-15,85.25,81.72000122070312,84.12000274658203,84.4000015258789,532647300,65.86853790283203
2009-01-16,85.98999786376953,83.05000305175781,85.86000061035156,85.05999755859375,399237200,66.38363647460938
2009-01-20,85.05999755859375,80.05000305175781,84.2300033569336,80.56999969482422,419855200,62.87950134277344
2009-01-21,84.23999786376953,80.47000122070312,81.94000244140625,84.05000305175781,364360700,65.59541320800781
2009-01-22,84.04000091552734,81.16999816894531,82.41999816894531,82.75,427940300,64.58085632324219
2009-01-23,83.98999786376953,80.56999969482422,80.9000015258789,83.11000061035156,386800600,64.86180114746094
2009-01-26,85.36000061035156,82.80999755859375,83.58999633789062,83.68000030517578,317978800,65.30663299560547
2009-01-27,85.1500015258789,83.30000305175781,84.12999725341797,84.52999877929688,273789700,65.96998596191406
2009-01-28,87.94999694824219,86.06999969482422,86.4000015258789,87.38999938964844,330007000,68.20203399658203
2009-01-29,87.48999786376953,84.47000122070312,86.11000061035156,84.55000305175781,294392500,65.9856185913086
2009-01-30,85.4000015258789,82.20999908447266,84.9800033569336,82.83000183105469,383383600,64.64328002929688
