Date,High,Low,Open,Close,Volume,Adj Close
2018-02-01,283.05999755859375,280.67999267578125,281.07000732421875,281.5799865722656,90102500,264.4897155761719
2018-02-02,280.2300109863281,275.4100036621094,280.0799865722656,275.45001220703125,173174800,258.7318420410156
2018-02-05,275.8500061035156,263.30999755859375,273.45001220703125,263.92999267578125,294681800,247.9109649658203
2018-02-06,269.70001220703125,258.70001220703125,259.94000244140625,269.1300048828125,355026800,252.79544067382812
2018-02-07,272.3599853515625,267.5799865722656,268.5,267.6700134277344,167376100,251.4240264892578
2018-02-08,268.1700134277344,257.5899963378906,268.010009765625,257.6300048828125,246449500,241.99339294433594
2018-02-09,263.6099853515625,252.9199981689453,260.79998779296875,261.5,283565300,245.62847900390625
2018-02-12,267.010009765625,261.6600036621094,263.8299865722656,265.3399963378906,143736000,249.23541259765625
2018-02-13,266.6199951171875,263.30999755859375,263.9700012207031,266.0,81223600,249.8553924560547
2018-02-14,270.0,264.29998779296875,264.30999755859375,269.5899963378906,120735700,253.22744750976562
2018-02-15,273.0400085449219,268.7699890136719,271.57000732421875,273.0299987792969,111200300,256.45867919921875
2018-02-16,275.32000732421875,272.2699890136719,272.32000732421875,273.1099853515625,160420100,256.5338439941406
2018-02-20,273.6700134277344,270.5,272.0299987792969,271.3999938964844,86369700,254.92755126953125
2018-02-21,274.7200012207031,269.94000244140625,271.8999938964844,270.04998779296875,98883700,253.65956115722656
2018-02-22,273.04998779296875,269.6400146484375,271.1000061035156,270.3999938964844,110511300,253.9883270263672
2018-02-23,274.7099914550781,271.25,271.7900085449219,274.7099914550781,92766400,258.03668212890625
2018-02-26,278.010009765625,275.260009765625,275.92999267578125,277.8999938964844,86491400,261.0330810546875
2018-02-27,278.9200134277344,274.3599853515625,278.1099853515625,274.42999267578125,99099200,257.773681640625
2018-02-28,276.19000244140625,271.2900085449219,275.67999267578125,271.6499938964844,121907800,255.16244506835938
