Date,High,Low,Open,Close,Volume,Adj Close
2014-01-02,184.07000732421875,182.47999572753906,183.97999572753906,182.9199981689453,119636900,158.56369018554688
2014-01-03,183.60000610351562,182.6300048828125,183.22999572753906,182.88999938964844,81390600,158.5376434326172
2014-01-06,183.55999755859375,182.0800018310547,183.49000549316406,182.36000061035156,108028200,158.07821655273438
2014-01-07,183.7899932861328,182.9499969482422,183.08999633789062,183.47999572753906,86144200,159.04908752441406
2014-01-08,183.8300018310547,182.88999938964844,183.4499969482422,183.52000427246094,96582300,159.08375549316406
2014-01-09,184.1300048828125,182.8000030517578,184.11000061035156,183.63999938964844,90683400,159.1878204345703
2014-01-10,184.22000122070312,183.00999450683594,183.9499969482422,184.13999938964844,102026400,159.62123107910156
2014-01-13,184.17999267578125,181.33999633789062,183.6699981689453,181.69000244140625,149892000,157.49746704101562
2014-01-14,183.77000427246094,181.9499969482422,182.2899932861328,183.6699981689453,105016100,159.21380615234375
2014-01-15,184.94000244140625,183.7100067138672,184.10000610351562,184.66000366210938,98525800,160.0719757080078
2014-01-16,184.66000366210938,183.8300018310547,184.27999877929688,184.4199981689453,72290600,159.8639373779297
2014-01-17,184.4499969482422,183.32000732421875,184.10000610351562,183.63999938964844,107848700,159.1878204345703
2014-01-21,184.77000427246094,183.0500030517578,184.6999969482422,184.17999267578125,88621200,159.6558837890625
2014-01-22,184.57000732421875,183.91000366210938,184.49000549316406,184.3000030517578,61270900,159.75994873046875
2014-01-23,183.39999389648438,181.82000732421875,183.3699951171875,182.7899932861328,132496900,158.4509735107422
2014-01-24,181.66000366210938,178.8300018310547,181.60000610351562,178.88999938964844,208677100,155.0702362060547
2014-01-27,179.52000427246094,177.1199951171875,179.05999755859375,178.00999450683594,180843100,154.3074493408203
2014-01-28,179.3000030517578,178.1199951171875,178.13999938964844,179.07000732421875,110463200,155.2262725830078
2014-01-29,178.5500030517578,176.8800048828125,177.5800018310547,177.35000610351562,216597300,153.73532104492188
2014-01-30,179.80999755859375,178.25999450683594,178.8300018310547,179.22999572753906,118938100,155.364990234375
2014-01-31,179.2899932861328,176.9199981689453,177.00999450683594,178.17999267578125,194677900,154.45480346679688
