Date,High,Low,Open,Close,Volume,Adj Close
2012-06-01,131.5,128.16000366210938,129.41000366210938,128.16000366210938,253240900.0,107.00067901611328
2012-06-04,128.74000549316406,127.13999938964844,128.38999938964844,128.10000610351562,202545800.0,106.95060729980469
2012-06-05,129.25999450683594,127.77999877929688,127.8499984741211,129.07000732421875,164149400.0,107.76045227050781
2012-06-06,132.02999877929688,129.92999267578125,129.97000122070312,131.97000122070312,184202800.0,110.18164825439453
2012-06-07,133.52999877929688,131.77999877929688,133.47000122070312,132.0500030517578,184772700.0,110.24848175048828
2012-06-08,133.1300048828125,131.2899932861328,131.7100067138672,133.10000610351562,143915400.0,111.12508392333984
2012-06-11,134.25,131.27999877929688,134.1699981689453,131.41000366210938,169756100.0,109.7141342163086
2012-06-12,133.00999450683594,131.16000366210938,131.7899932861328,132.9199981689453,181931800.0,110.97480773925781
2012-06-13,133.36000061035156,131.6199951171875,132.52999877929688,132.07000732421875,172223900.0,110.26512908935547
2012-06-14,134.0,131.97999572753906,132.33999633789062,133.47000122070312,230615500.0,111.4339828491211
2012-06-15,134.25999450683594,133.10000610351562,133.3800048828125,134.13999938964844,169444500.0,112.57368469238281
2012-06-18,134.72999572753906,133.27999877929688,133.5800018310547,134.39999389648438,131360900.0,112.7918472290039
2012-06-19,136.25,134.3699951171875,135.0800018310547,135.6999969482422,137382600.0,113.88285064697266
2012-06-20,136.10000610351562,134.27000427246094,135.7100067138672,135.47999572753906,206451800.0,113.69822692871094
2012-06-21,135.77999877929688,132.3300018310547,135.63999938964844,132.44000244140625,205272200.0,111.14697265625
2012-06-22,133.7100067138672,132.6199951171875,133.1300048828125,133.4600067138672,130029200.0,112.00299835205078
2012-06-25,132.10000610351562,130.85000610351562,132.0500030517578,131.32000732421875,146375700.0,110.2070541381836
2012-06-26,132.3800048828125,130.92999267578125,131.6999969482422,131.97999572753906,141634000.0,110.76094818115234
2012-06-27,133.42999267578125,131.97000122070312,132.4199981689453,133.1699981689453,108088000.0,111.7596206665039
2012-06-28,132.99000549316406,131.27999877929688,132.2899932861328,132.7899932861328,169242100.0,111.44072723388672
2012-06-29,136.27000427246094,134.85000610351562,135.1999969482422,136.10000610351562,212250900.0,114.21855163574219
