Date,High,Low,Open,Close,Volume,Adj Close
2004-05-03,112.29000091552734,111.3499984741211,111.37000274658203,112.1500015258789,33758000,79.72515869140625
2004-05-04,113.26000213623047,111.66000366210938,112.25,112.05999755859375,51185100,79.66117095947266
2004-05-05,112.95999908447266,112.16000366210938,112.41000366210938,112.77999877929688,34405000,80.17301940917969
2004-05-06,112.58999633789062,111.0,112.0199966430664,111.80999755859375,54997000,79.48345184326172
2004-05-07,112.2300033569336,109.95999908447266,111.22000122070312,109.95999908447266,60950000,78.16834259033203
2004-05-10,109.75,108.36000061035156,109.44000244140625,108.83000183105469,75279400,77.36505126953125
2004-05-11,110.05000305175781,109.33000183105469,109.45999908447266,109.75,48300600,78.01908111572266
2004-05-12,110.54000091552734,108.05999755859375,109.56999969482422,110.44999694824219,90830500,78.51665496826172
2004-05-13,110.80999755859375,109.62999725341797,109.76000213623047,109.98999786376953,57393700,78.18968200683594
2004-05-14,110.73999786376953,109.2699966430664,109.94999694824219,110.04000091552734,54123100,78.22521209716797
2004-05-17,109.5,108.41000366210938,108.88999938964844,109.0999984741211,55020400,77.55696868896484
2004-05-18,109.94000244140625,109.33000183105469,109.48999786376953,109.6500015258789,30193100,77.9479751586914
2004-05-19,111.18000030517578,109.1500015258789,110.5,109.2699966430664,54804100,77.6778335571289
2004-05-20,109.87000274658203,109.04000091552734,109.44999694824219,109.62000274658203,38082900,77.92664337158203
2004-05-21,110.55000305175781,109.47000122070312,109.97000122070312,109.80999755859375,47480400,78.06172943115234
2004-05-24,110.76000213623047,109.68000030517578,110.52999877929688,110.2699966430664,40961500,78.38871002197266
2004-05-25,111.9800033569336,109.5999984741211,109.9000015258789,111.8499984741211,48668000,79.51188659667969
2004-05-26,112.29000091552734,111.51000213623047,111.66000366210938,112.23999786376953,35977000,79.78915405273438
2004-05-27,113.02999877929688,112.05999755859375,112.54000091552734,112.87000274658203,45306900,80.23698425292969
2004-05-28,112.87999725341797,112.36000061035156,112.7300033569336,112.86000061035156,23367200,80.22990417480469
