Date,High,Low,Open,Close,Volume,Adj Close
2005-06-01,120.91999816894531,119.44999694824219,119.5199966430664,120.5,69611000.0,87.33818054199219
2005-06-02,120.83999633789062,120.0999984741211,120.2300033569336,120.76000213623047,39704500.0,87.52660369873047
2005-06-03,120.88999938964844,119.7300033569336,120.55000305175781,120.1500015258789,60999400.0,87.0844955444336
2005-06-06,120.19999694824219,119.55000305175781,119.94999694824219,120.04000091552734,36046400.0,87.00475311279297
2005-06-07,121.25,120.01000213623047,120.38999938964844,120.12999725341797,66501300.0,87.06999206542969
2005-06-08,120.58999633789062,119.66999816894531,120.43000030517578,119.91000366210938,46881200.0,86.9105224609375
2005-06-09,120.58000183105469,119.44000244140625,119.73999786376953,120.4800033569336,56653300.0,87.32365417480469
2005-06-10,120.6500015258789,119.5999984741211,120.55999755859375,120.19999694824219,36465300.0,87.12071990966797
2005-06-13,121.08000183105469,119.80999755859375,119.94000244140625,120.58000183105469,49383200.0,87.3961410522461
2005-06-14,121.19999694824219,120.37999725341797,120.44999694824219,120.86000061035156,33857100.0,87.59905242919922
2005-06-15,121.23999786376953,120.2300033569336,121.16000366210938,121.08999633789062,53195600.0,87.76579284667969
2005-06-16,121.63999938964844,120.91999816894531,121.05999755859375,121.4000015258789,46564500.0,87.990478515625
2005-06-17,121.9000015258789,121.22000122070312,121.54000091552734,121.36000061035156,51529400.0,88.3165054321289
2005-06-20,121.83999633789062,120.94000244140625,121.08000183105469,121.4000015258789,41019400.0,88.34559631347656
2005-06-21,121.6500015258789,121.02999877929688,121.5,121.47000122070312,39879800.0,88.39656066894531
2005-06-22,121.94000244140625,121.06999969482422,121.68000030517578,121.56999969482422,46310100.0,88.46931457519531
2005-06-23,121.5999984741211,119.83000183105469,121.31999969482422,119.86000061035156,62185600.0,87.22491455078125
2005-06-24,120.01000213623047,118.83999633789062,119.87999725341797,118.9800033569336,58572500.0,86.58452606201172
2005-06-27,119.41000366210938,118.75,118.97000122070312,119.1500015258789,48183800.0,86.70824432373047
2005-06-28,120.23999786376953,119.37000274658203,119.4000015258789,120.1500015258789,41174200.0,87.43598937988281
2005-06-29,120.4000015258789,119.76000213623047,120.37000274658203,119.83000183105469,42316500.0,87.20309448242188
2005-06-30,120.31999969482422,118.94999694824219,120.22000122070312,119.18000030517578,62288800.0,86.73003387451172
