Date,High,Low,Open,Close,Volume,Adj Close
2008-06-02,139.86000061035156,138.0,139.8300018310547,138.89999389648438,181069900.0,106.37834167480469
2008-06-03,139.6199951171875,137.22999572753906,139.3000030517578,138.08999633789062,271965700.0,105.75798797607422
2008-06-04,139.16000366210938,137.4600067138672,137.6999969482422,138.02000427246094,246637700.0,105.70436096191406
2008-06-05,140.88999938964844,138.32000732421875,138.5800018310547,140.77999877929688,237867100.0,107.81816864013672
2008-06-06,139.8000030517578,136.22000122070312,139.5500030517578,136.2899932861328,384276300.0,104.37946319580078
2008-06-09,137.5,135.41000366210938,136.86000061035156,136.6199951171875,228263900.0,104.63215637207031
2008-06-10,137.10000610351562,135.35000610351562,135.6699981689453,135.94000244140625,260234900.0,104.11136627197266
2008-06-11,136.25999450683594,133.92999267578125,135.97000122070312,133.94000244140625,283890100.0,102.57968139648438
2008-06-12,135.8699951171875,133.52000427246094,134.60000610351562,134.4499969482422,252791800.0,102.97027587890625
2008-06-13,136.52000427246094,134.4199981689453,135.1699981689453,136.14999389648438,244726900.0,104.27220916748047
2008-06-16,136.92999267578125,135.4600067138672,135.5500030517578,136.22999572753906,185832500.0,104.33349609375
2008-06-17,137.1199951171875,135.3699951171875,137.07000732421875,135.57000732421875,191707700.0,103.82801818847656
2008-06-18,135.52000427246094,133.7100067138672,134.69000244140625,134.25,265893000.0,102.8171157836914
2008-06-19,135.24000549316406,133.5,134.14999389648438,134.4199981689453,304204900.0,102.9472885131836
2008-06-20,133.08999633789062,131.22000122070312,132.83999633789062,131.5800018310547,289275700.0,101.2762680053711
2008-06-23,132.22999572753906,131.32000732421875,132.08999633789062,131.4499969482422,165096400.0,101.17623138427734
2008-06-24,132.44000244140625,130.19000244140625,131.0500030517578,131.19000244140625,267300600.0,100.97605895996094
2008-06-25,133.39999389648438,131.24000549316406,131.72000122070312,131.80999755859375,287853900.0,101.45330047607422
2008-06-26,131.4199981689453,128.0800018310547,130.57000732421875,128.22999572753906,297775000.0,98.69780731201172
2008-06-27,128.86000061035156,127.04000091552734,128.27999877929688,127.52999877929688,303423400.0,98.15901947021484
2008-06-30,128.91000366210938,127.30000305175781,127.88999938964844,127.9800033569336,258842600.0,98.50537109375
