Date,High,Low,Open,Close,Volume,Adj Close
2012-12-03,142.9199981689453,141.33999633789062,142.8000030517578,141.4499969482422,124656300.0,119.34207916259766
2012-12-04,141.8699951171875,140.8699951171875,141.44000244140625,141.25,127512200.0,119.17335510253906
2012-12-05,142.16000366210938,140.3699951171875,141.3699951171875,141.5,147300500.0,119.3843002319336
2012-12-06,142.0399932861328,141.16000366210938,141.3699951171875,141.97999572753906,103220600.0,119.78926086425781
2012-12-07,142.69000244140625,141.6699981689453,142.52999877929688,142.41000366210938,108726400.0,120.15203857421875
2012-12-10,142.80999755859375,142.14999389648438,142.2100067138672,142.47000122070312,98840700.0,120.20272064208984
2012-12-11,144.11000061035156,142.99000549316406,143.05999755859375,143.44000244140625,152570400.0,121.02104187011719
2012-12-12,144.5500030517578,143.30999755859375,144.0,143.50999450683594,145880100.0,121.08012390136719
2012-12-13,143.8300018310547,142.27000427246094,143.4199981689453,142.6300048828125,135715000.0,120.33765411376953
2012-12-14,142.5800018310547,141.8800048828125,142.32000732421875,142.10000610351562,137701700.0,119.89051055908203
2012-12-17,143.85000610351562,142.42999267578125,142.47000122070312,143.77000427246094,143238200.0,121.29949951171875
2012-12-18,145.5,143.7899932861328,144.0,145.3699951171875,177762800.0,122.64939880371094
2012-12-19,145.5800018310547,144.24000549316406,145.52999877929688,144.2899932861328,150895400.0,121.73819732666016
2012-12-20,145.13999938964844,143.97999572753906,144.3800048828125,145.1199951171875,168487000.0,122.43848419189453
2012-12-21,144.08999633789062,141.94000244140625,142.1699981689453,142.7899932861328,245883800.0,121.32707977294922
2012-12-24,142.55999755859375,142.19000244140625,142.47999572753906,142.35000610351562,53874600.0,120.9532470703125
2012-12-26,142.7100067138672,141.35000610351562,142.63999938964844,141.75,106947700.0,120.44347381591797
2012-12-27,142.0800018310547,139.9199981689453,141.7899932861328,141.55999755859375,167920600.0,120.28199768066406
2012-12-28,141.4199981689453,139.8699951171875,140.63999938964844,140.02999877929688,148806700.0,118.9819564819336
2012-12-31,142.55999755859375,139.5399932861328,139.66000366210938,142.41000366210938,243935200.0,121.00421142578125
