Date,High,Low,Open,Close,Volume,Adj Close
2005-02-01,119.08000183105469,118.0999984741211,118.25,118.91000366210938,49841200,85.84855651855469
2005-02-02,119.58999633789062,118.9000015258789,119.05999755859375,119.2699966430664,52468900,86.10842895507812
2005-02-03,119.16000366210938,118.56999969482422,119.05999755859375,118.95999908447266,48837100,85.88461303710938
2005-02-04,120.43000030517578,118.9800033569336,119.0,120.2300033569336,50024600,86.8015365600586
2005-02-07,120.5199966430664,119.95999908447266,120.25,120.06999969482422,45412000,86.68600463867188
2005-02-08,120.6500015258789,120.06999969482422,120.16999816894531,120.20999908447266,39263500,86.78706359863281
2005-02-09,120.48999786376953,119.25,120.41999816894531,119.30999755859375,55279400,86.1373291015625
2005-02-10,120.0199966430664,119.26000213623047,119.66000366210938,119.73999786376953,45858600,86.44776153564453
2005-02-11,121.04000091552734,119.45999908447266,119.69999694824219,120.7699966430664,53133000,87.19136047363281
2005-02-14,120.86000061035156,120.4800033569336,120.69000244140625,120.68000030517578,32432100,87.12641906738281
2005-02-15,121.43000030517578,120.68000030517578,120.80000305175781,121.12999725341797,43852700,87.45125579833984
2005-02-16,121.45999908447266,120.66999816894531,120.93000030517578,121.20999908447266,55523000,87.5090560913086
2005-02-17,121.33000183105469,120.22000122070312,121.2300033569336,120.2300033569336,58124000,86.8015365600586
2005-02-18,120.4800033569336,119.9000015258789,120.23999786376953,120.38999938964844,47723300,86.9170150756836
2005-02-22,120.47000122070312,118.58000183105469,119.9000015258789,118.5999984741211,80697600,85.62471771240234
2005-02-23,119.56999969482422,118.62000274658203,118.93000030517578,119.44999694824219,68292600,86.2383804321289
2005-02-24,120.31999969482422,118.9800033569336,119.23999786376953,120.23999786376953,68563600,86.8087387084961
2005-02-25,121.66999816894531,120.18000030517578,120.2699966430664,121.43000030517578,60899900,87.6678695678711
2005-02-28,121.30000305175781,120.04000091552734,121.1500015258789,120.62999725341797,69381300,87.0903091430664
