Date,High,Low,Open,Close,Volume,Adj Close
2019-09-03,291.5799865722656,289.2699890136719,290.57000732421875,290.739990234375,69101400.0,280.8663024902344
2019-09-04,294.05999755859375,292.30999755859375,293.1400146484375,294.0400085449219,46887300.0,284.0543212890625
2019-09-05,298.8299865722656,294.0,296.7900085449219,297.82000732421875,83258100.0,287.7059020996094
2019-09-06,298.760009765625,297.4200134277344,298.1700134277344,298.04998779296875,49584300.0,287.9280700683594
2019-09-09,299.239990234375,297.1600036621094,299.1400146484375,298.20001220703125,51260300.0,288.072998046875
2019-09-10,298.20001220703125,295.9700012207031,297.3599853515625,298.1300048828125,57947100.0,288.0053405761719
2019-09-11,300.3399963378906,297.75,298.4700012207031,300.25,68821100.0,290.0533752441406
2019-09-12,302.4599914550781,300.4100036621094,301.25,301.2900085449219,72908700.0,291.05804443359375
2019-09-13,302.1700134277344,300.67999267578125,301.7799987792969,301.0899963378906,62104800.0,290.8648681640625
2019-09-16,301.1400146484375,299.45001220703125,299.8399963378906,300.1600036621094,58191200.0,289.96636962890625
2019-09-17,301.0199890136719,299.75,299.94000244140625,300.9200134277344,41475500.0,290.70062255859375
2019-09-18,301.2200012207031,298.239990234375,300.489990234375,301.1000061035156,73375800.0,290.87451171875
2019-09-19,302.6300048828125,300.7099914550781,301.5299987792969,301.0799865722656,76560500.0,290.85516357421875
2019-09-20,300.6700134277344,297.4100036621094,300.3599853515625,298.2799987792969,89565000.0,289.4809265136719
2019-09-23,299.0,297.2699890136719,297.54998779296875,298.2099914550781,43476800.0,289.4129943847656
2019-09-24,299.8399963378906,294.80999755859375,299.4100036621094,295.8699951171875,94869400.0,287.1420593261719
2019-09-25,298.1099853515625,294.3299865722656,295.9599914550781,297.6199951171875,71854000.0,288.84039306640625
2019-09-26,297.8599853515625,295.45001220703125,297.6300048828125,297.0,56179700.0,288.23870849609375
2019-09-27,297.95001220703125,293.69000244140625,297.8299865722656,295.3999938964844,84746600.0,286.6858825683594
2019-09-30,297.54998779296875,295.9200134277344,295.9700012207031,296.7699890136719,51662400.0,288.01544189453125
