Date,High,Low,Open,Close,Volume,Adj Close
2003-07-01,98.8499984741211,96.43000030517578,97.25,98.52999877929688,51322800,69.20437622070312
2003-07-02,99.79000091552734,98.56999969482422,98.7699966430664,99.7699966430664,34662100,70.0752944946289
2003-07-03,99.8499984741211,97.9000015258789,99.06999969482422,98.73999786376953,30792800,69.35186004638672
2003-07-07,100.9000015258789,99.6500015258789,99.6500015258789,100.69999694824219,31391100,70.7285385131836
2003-07-08,101.29000091552734,100.16999816894531,100.5,101.1500015258789,30952500,71.04457092285156
2003-07-09,101.4000015258789,100.02999877929688,100.91999816894531,100.58000183105469,36528500,70.64424896240234
2003-07-10,100.04000091552734,98.62999725341797,99.83999633789062,99.30000305175781,49777700,69.74520111083984
2003-07-11,100.44999694824219,99.38999938964844,99.38999938964844,100.23999786376953,39976300,70.40544891357422
2003-07-14,101.9000015258789,100.44999694824219,101.19999694824219,100.7300033569336,42114900,70.74957275390625
2003-07-15,101.45999908447266,99.94999694824219,101.37999725341797,100.51000213623047,42573600,70.59513092041016
2003-07-16,100.87000274658203,99.2300033569336,100.80999755859375,99.91999816894531,39894200,70.1806640625
2003-07-17,99.87999725341797,98.16000366210938,99.1500015258789,98.5,52253500,69.1833267211914
2003-07-18,99.80000305175781,98.45999908447266,99.0199966430664,99.51000213623047,35698100,69.89270782470703
2003-07-21,99.48999786376953,97.8499984741211,99.44999694824219,98.27999877929688,34786000,69.02879333496094
2003-07-22,99.41000366210938,97.91999816894531,98.69000244140625,99.16999816894531,49968300,69.65390014648438
2003-07-23,99.44999694824219,98.27999877929688,99.20999908447266,99.23999786376953,37275400,69.70303344726562
2003-07-24,100.33999633789062,98.37000274658203,99.98999786376953,98.48999786376953,40896200,69.17630767822266
2003-07-25,100.29000091552734,98.04000091552734,98.66000366210938,100.2300033569336,43241100,70.39839172363281
2003-07-28,100.9800033569336,99.66999816894531,100.37000274658203,99.86000061035156,34382800,70.13854217529297
2003-07-29,100.26000213623047,98.68000030517578,100.13999938964844,99.4000015258789,53472100,69.81546020507812
2003-07-30,99.75,98.93000030517578,99.5999984741211,99.16000366210938,28363300,69.64686584472656
2003-07-31,100.91000366210938,99.16999816894531,99.9800033569336,99.38999938964844,54937200,69.80838775634766
