Date,High,Low,Open,Close,Volume,Adj Close
2015-02-02,202.02999877929688,197.86000061035156,200.0500030517578,201.9199981689453,163107000,178.4539337158203
2015-02-03,204.85000610351562,202.5500030517578,203.0,204.83999633789062,124212900,181.03460693359375
2015-02-04,205.3800048828125,203.50999450683594,203.9199981689453,204.05999755859375,134306700,180.34521484375
2015-02-05,206.3000030517578,204.77000427246094,204.86000061035156,206.1199951171875,97953200,182.16586303710938
2015-02-06,207.24000549316406,204.9199981689453,206.55999755859375,205.5500030517578,125672000,181.66207885742188
2015-02-09,205.63999938964844,204.13999938964844,204.77000427246094,204.6300048828125,87219000,180.84898376464844
2015-02-10,207.1199951171875,204.67999267578125,205.8800048828125,206.80999755859375,96164200,182.77565002441406
2015-02-11,207.4499969482422,205.8300018310547,206.61000061035156,206.92999267578125,91087800,182.88169860839844
2015-02-12,208.99000549316406,206.97000122070312,207.88999938964844,208.9199981689453,97545900,184.64044189453125
2015-02-13,209.83999633789062,208.75999450683594,209.07000732421875,209.77999877929688,93670400,185.4005126953125
2015-02-17,210.32000732421875,209.10000610351562,209.39999389648438,210.11000061035156,76968200,185.6921844482422
2015-02-18,210.22000122070312,209.33999633789062,209.66000366210938,210.1300048828125,80652900,185.70980834960938
2015-02-19,210.4199981689453,209.24000549316406,209.41000366210938,209.97999572753906,91462500,185.57725524902344
2015-02-20,211.3300018310547,208.72999572753906,209.47999572753906,211.24000549316406,140896400,186.69081115722656
2015-02-23,211.2100067138672,210.47999572753906,210.94000244140625,211.2100067138672,74411100,186.66427612304688
2015-02-24,212.0500030517578,210.75999450683594,211.1199951171875,211.80999755859375,72472300,187.19461059570312
2015-02-25,212.24000549316406,211.22000122070312,211.66000366210938,211.6300048828125,73061700,187.03550720214844
2015-02-26,211.7100067138672,210.64999389648438,211.52000427246094,211.3800048828125,72697900,186.81454467773438
2015-02-27,211.5800018310547,210.60000610351562,211.25999450683594,210.66000366210938,108076000,186.17823791503906
