Date,High,Low,Open,Close,Volume,Adj Close
2013-01-02,146.14999389648438,144.72999572753906,145.11000061035156,146.05999755859375,192059000,124.1055679321289
2013-01-03,146.3699951171875,145.33999633789062,145.99000549316406,145.72999572753906,144761800,123.8251724243164
2013-01-04,146.61000061035156,145.6699981689453,145.97000122070312,146.3699951171875,116817700,124.36894226074219
2013-01-07,146.11000061035156,145.42999267578125,145.85000610351562,145.97000122070312,110002500,124.02913665771484
2013-01-08,145.91000366210938,144.97999572753906,145.7100067138672,145.5500030517578,121265100,123.67227172851562
2013-01-09,146.32000732421875,145.63999938964844,145.8699951171875,145.9199981689453,90745600,123.98661041259766
2013-01-10,147.08999633789062,145.97000122070312,146.72999572753906,147.0800018310547,130735400,124.9722671508789
2013-01-11,147.14999389648438,146.61000061035156,147.0399932861328,147.07000732421875,113917300,124.96380615234375
2013-01-14,147.07000732421875,146.42999267578125,146.88999938964844,146.97000122070312,89567200,124.8788070678711
2013-01-15,147.2100067138672,146.1999969482422,146.2899932861328,147.07000732421875,93172600,124.96380615234375
2013-01-16,147.27999877929688,146.61000061035156,146.77000427246094,147.0500030517578,104849500,124.94678497314453
2013-01-17,148.4199981689453,147.14999389648438,147.6999969482422,148.0,133833500,125.75395202636719
2013-01-18,148.49000549316406,147.42999267578125,147.97000122070312,148.3300018310547,169906000,126.03437805175781
2013-01-22,149.1300048828125,147.97999572753906,148.3300018310547,149.1300048828125,111797300,126.714111328125
2013-01-23,149.5,148.86000061035156,149.1300048828125,149.3699951171875,104596100,126.91802215576172
2013-01-24,150.13999938964844,149.00999450683594,149.14999389648438,149.41000366210938,146426400,126.9520263671875
2013-01-25,150.25,149.3699951171875,149.8800048828125,150.25,147211600,127.66584014892578
2013-01-28,150.3300018310547,149.50999450683594,150.2899932861328,150.07000732421875,113357700,127.5127944946289
2013-01-29,150.85000610351562,149.6699981689453,149.77000427246094,150.66000366210938,105694400,128.0141143798828
2013-01-30,150.94000244140625,149.92999267578125,150.63999938964844,150.07000732421875,137447700,127.5127944946289
2013-01-31,150.3800048828125,149.60000610351562,149.88999938964844,149.6999969482422,108975800,127.19847869873047
