Date,High,Low,Open,Close,Volume,Adj Close
2019-04-01,286.1600036621094,284.3999938964844,284.70001220703125,285.8299865722656,77617900,274.78662109375
2019-04-02,286.2300109863281,285.0899963378906,286.0400085449219,285.9700012207031,40070400,274.92120361328125
2019-04-03,287.760009765625,285.75,287.32000732421875,286.4200134277344,68243200,275.3538513183594
2019-04-04,287.4599914550781,286.010009765625,286.7799987792969,287.17999267578125,48997500,276.0844421386719
2019-04-05,288.6300048828125,287.6000061035156,287.9200134277344,288.57000732421875,58621700,277.42071533203125
2019-04-08,288.9100036621094,287.3699951171875,288.1000061035156,288.7900085449219,53566300,277.6322326660156
2019-04-09,288.0799865722656,286.70001220703125,287.7200012207031,287.30999755859375,66142300,276.2094421386719
2019-04-10,288.3900146484375,287.30999755859375,287.7699890136719,288.2900085449219,52601500,277.151611328125
2019-04-11,288.8399963378906,287.5799865722656,288.8299865722656,288.2099914550781,55093100,277.0746154785156
2019-04-12,290.4700012207031,288.260009765625,290.0,290.1600036621094,69727800,278.9493408203125
2019-04-15,290.3500061035156,289.0799865722656,290.239990234375,289.9700012207031,49596700,278.7666320800781
2019-04-16,291.010009765625,289.5,290.95001220703125,290.1600036621094,52153200,278.9493408203125
2019-04-17,291.42999267578125,288.989990234375,291.3999938964844,289.45001220703125,58268300,278.2667236328125
2019-04-18,290.32000732421875,288.6600036621094,290.1000061035156,290.0199890136719,68708500,278.81475830078125
2019-04-22,290.44000244140625,289.07000732421875,289.1700134277344,290.2699890136719,40160100,279.0550231933594
2019-04-23,293.1400146484375,290.4200134277344,290.67999267578125,292.8800048828125,52246600,281.564208984375
2019-04-24,293.1600036621094,292.07000732421875,292.7900085449219,292.2300109863281,50392900,280.9393310546875
2019-04-25,292.7799987792969,290.7300109863281,292.1199951171875,292.04998779296875,57770900,280.7662658691406
2019-04-26,293.489990234375,291.239990234375,292.1000061035156,293.4100036621094,50916400,282.0737609863281
2019-04-29,294.45001220703125,293.4100036621094,293.510009765625,293.8699951171875,57197700,282.51593017578125
2019-04-30,294.3399963378906,291.9200134277344,293.489990234375,294.0199890136719,81111700,282.66015625
