Date,High,Low,Open,Close,Volume,Adj Close
2007-07-02,151.9199981689453,150.77000427246094,150.8699951171875,151.7899932861328,103357000,114.52359771728516
2007-07-03,152.5,151.99000549316406,152.17999267578125,152.33999633789062,54048400,114.93858337402344
2007-07-05,152.55999755859375,151.6300048828125,152.39999389648438,152.17999267578125,89279000,114.81785583496094
2007-07-06,153.1699981689453,151.92999267578125,152.3800048828125,152.97999572753906,81109000,115.42147827148438
2007-07-09,153.36000061035156,152.6199951171875,153.16000366210938,153.10000610351562,72348100,115.511962890625
2007-07-10,152.61000061035156,150.77000427246094,152.2899932861328,150.9199981689453,180362600,113.86722564697266
2007-07-11,152.0500030517578,150.52000427246094,150.75,151.99000549316406,175607600,114.6745376586914
2007-07-12,154.75,152.33999633789062,152.3699951171875,154.38999938964844,133882500,116.48529815673828
2007-07-13,155.4600067138672,154.38999938964844,154.57000732421875,154.85000610351562,111794300,116.83234405517578
2007-07-16,155.52999877929688,154.5800018310547,154.99000549316406,154.8300018310547,98378700,116.8172836303711
2007-07-17,155.47999572753906,154.67999267578125,154.92999267578125,154.75,126201300,116.75692749023438
2007-07-18,154.8000030517578,153.3000030517578,154.22999572753906,154.47000122070312,237887400,116.54568481445312
2007-07-19,155.52999877929688,154.75,155.1999969482422,155.07000732421875,145212700,116.99835205078125
2007-07-20,154.99000549316406,152.8300018310547,154.88999938964844,153.5,245502500,115.81376647949219
2007-07-23,154.72000122070312,153.3000030517578,154.17999267578125,153.97000122070312,121183900,116.16837310791016
2007-07-24,154.27999877929688,150.75999450683594,153.1199951171875,151.3000030517578,256732400,114.1539306640625
2007-07-25,152.38999938964844,150.25,152.02000427246094,151.61000061035156,265214500,114.3878402709961
2007-07-26,150.8000030517578,146.38999938964844,150.19000244140625,148.02000427246094,467592500,111.67923736572266
2007-07-27,148.8699951171875,145.0500030517578,148.2100067138672,145.11000061035156,422987600,109.4836196899414
2007-07-30,147.80999755859375,145.2899932861328,145.92999267578125,147.3800048828125,283017500,111.19630432128906
2007-07-31,149.4600067138672,145.0399932861328,148.3300018310547,145.72000122070312,316976700,109.94389343261719
