Date,High,Low,Open,Close,Volume,Adj Close
2007-05-01,149.47000122070312,147.6699981689453,148.4199981689453,148.6699981689453,134342700,111.68826293945312
2007-05-02,149.9499969482422,148.75,148.89999389648438,149.5399932861328,87129800,112.34185791015625
2007-05-03,150.39999389648438,149.72999572753906,149.97000122070312,150.35000610351562,86569700,112.95039367675781
2007-05-04,151.1199951171875,150.22000122070312,150.75,150.9199981689453,96409000,113.37857818603516
2007-05-07,151.1999969482422,150.80999755859375,150.8800048828125,150.9499969482422,63461400,113.40108489990234
2007-05-08,150.9199981689453,150.1300048828125,150.5800018310547,150.75,80584000,113.25084686279297
2007-05-09,152.82000732421875,150.3699951171875,150.63999938964844,151.16000366210938,102070100,113.55884552001953
2007-05-10,151.02000427246094,149.27000427246094,150.72999572753906,149.5800018310547,153617800,112.37191009521484
2007-05-11,150.92999267578125,149.72000122070312,149.75,150.86000061035156,113408900,113.3334732055664
2007-05-14,151.3000030517578,149.7899932861328,150.86000061035156,150.52999877929688,108027500,113.0855712890625
2007-05-15,151.66000366210938,150.19000244140625,150.6999969482422,150.57000732421875,180673300,113.1156005859375
2007-05-16,151.6300048828125,150.3800048828125,150.8000030517578,151.60000610351562,114166500,113.88941192626953
2007-05-17,151.9600067138672,151.11000061035156,151.3800048828125,151.3000030517578,101132800,113.66402435302734
2007-05-18,152.6199951171875,151.80999755859375,152.00999450683594,152.6199951171875,99182000,114.65571594238281
2007-05-21,153.22999572753906,152.5,152.5800018310547,152.5399932861328,174664600,114.5955581665039
2007-05-22,153.16000366210938,152.3800048828125,152.6999969482422,152.4199981689453,82148800,114.50543975830078
2007-05-23,153.5,152.36000061035156,152.9499969482422,152.44000244140625,133786600,114.52051544189453
2007-05-24,153.2100067138672,150.74000549316406,152.52999877929688,151.05999755859375,187593000,113.48374938964844
2007-05-25,152.02000427246094,151.17999267578125,151.5,151.69000244140625,83309200,113.95701599121094
2007-05-29,152.5,151.4499969482422,151.94000244140625,152.24000549316406,82020000,114.37017822265625
2007-05-30,153.5399932861328,151.33999633789062,151.4600067138672,153.47999572753906,129013600,115.30174255371094
2007-05-31,153.88999938964844,153.1199951171875,153.6699981689453,153.32000732421875,114866700,115.18159484863281
