Date,High,Low,Open,Close,Volume,Adj Close
2014-08-01,193.75999450683594,191.57000732421875,192.55999755859375,192.5,189261000,168.40765380859375
2014-08-04,194.3000030517578,192.0500030517578,192.8699951171875,193.88999938964844,91340000,169.62364196777344
2014-08-05,193.60000610351562,191.30999755859375,193.10000610351562,192.00999450683594,152690000,167.97894287109375
2014-08-06,192.88999938964844,191.0800018310547,191.11000061035156,192.07000732421875,94818000,168.03147888183594
2014-08-07,193.1300048828125,190.5500030517578,192.94000244140625,191.02999877929688,135733000,167.12164306640625
2014-08-08,193.3699951171875,190.9499969482422,191.4600067138672,193.24000549316406,117014000,169.05499267578125
2014-08-11,194.66000366210938,193.7100067138672,193.97000122070312,193.8000030517578,74544000,169.544921875
2014-08-12,194.14999389648438,192.94000244140625,193.61000061035156,193.52999877929688,73632000,169.30877685546875
2014-08-13,195.05999755859375,193.9600067138672,194.2899932861328,194.83999633789062,69047000,170.45477294921875
2014-08-14,195.75999450683594,194.97999572753906,195.16000366210938,195.75999450683594,57371000,171.2596893310547
2014-08-15,196.64999389648438,194.30999755859375,196.47000122070312,195.72000122070312,139951000,171.2246551513672
2014-08-18,197.4499969482422,196.69000244140625,196.8000030517578,197.36000061035156,75424000,172.659423828125
2014-08-19,198.5399932861328,197.44000244140625,197.83999633789062,198.38999938964844,59135000,173.5605010986328
2014-08-20,199.16000366210938,198.0800018310547,198.1199951171875,198.9199981689453,72763000,174.02415466308594
2014-08-21,199.75999450683594,198.92999267578125,199.08999633789062,199.5,67791000,174.53158569335938
2014-08-22,199.69000244140625,198.74000549316406,199.33999633789062,199.19000244140625,76107000,174.26036071777344
2014-08-25,200.58999633789062,199.14999389648438,200.13999938964844,200.1999969482422,63855000,175.14395141601562
2014-08-26,200.82000732421875,200.27999877929688,200.3300018310547,200.3300018310547,47298000,175.25772094726562
2014-08-27,200.57000732421875,199.94000244140625,200.42999267578125,200.25,47874000,175.18772888183594
2014-08-28,200.27000427246094,199.38999938964844,199.58999633789062,200.13999938964844,58330000,175.09144592285156
2014-08-29,200.72999572753906,199.82000732421875,200.4499969482422,200.7100067138672,65907000,175.5901336669922
