Date,High,Low,Open,Close,Volume,Adj Close
2009-12-01,111.66000366210938,110.7300033569336,110.91999816894531,111.30000305175781,159613700.0,88.39717102050781
2009-12-02,112.01000213623047,110.91999816894531,111.27999877929688,111.25,132315100.0,88.357421875
2009-12-03,112.18000030517578,110.29000091552734,111.55000305175781,110.37999725341797,167324900.0,87.66645050048828
2009-12-04,112.37999725341797,110.04000091552734,111.83999633789062,111.01000213623047,274907800.0,88.16680145263672
2009-12-07,111.52999877929688,110.48999786376953,110.91000366210938,110.83999633789062,127973800.0,88.03179931640625
2009-12-08,110.7699966430664,109.2699966430664,110.04000091552734,109.61000061035156,169863700.0,87.05490112304688
2009-12-09,110.18000030517578,109.0199966430664,109.58000183105469,110.0199966430664,155063400.0,87.38055419921875
2009-12-10,111.12000274658203,110.44999694824219,110.69999694824219,110.63999938964844,138014600.0,87.87297058105469
2009-12-11,111.36000061035156,110.61000061035156,111.11000061035156,111.11000061035156,124854000.0,88.24625396728516
2009-12-14,112.0,111.12999725341797,111.87000274658203,111.87000274658203,107141500.0,88.8498764038086
2009-12-15,111.91999816894531,111.0,111.45999908447266,111.3499984741211,120408800.0,88.43687438964844
2009-12-16,112.12999725341797,111.2699966430664,111.80000305175781,111.5199966430664,155358200.0,88.5718994140625
2009-12-17,110.93000030517578,110.08000183105469,110.72000122070312,110.18000030517578,183390100.0,87.50762176513672
2009-12-18,110.30000305175781,109.27999877929688,110.19999694824219,110.20999908447266,174591200.0,88.00269317626953
2009-12-21,111.69999694824219,110.76000213623047,110.76000213623047,111.33000183105469,118039600.0,88.89698791503906
2009-12-22,111.97000122070312,111.43000030517578,111.56999969482422,111.7300033569336,91707500.0,89.2164306640625
2009-12-23,112.11000061035156,111.5,112.0,111.94999694824219,111783100.0,89.39205932617188
2009-12-24,112.5999984741211,112.0,112.19000244140625,112.4800033569336,39677500.0,89.81531524658203
2009-12-28,112.98999786376953,112.31999969482422,112.9000015258789,112.72000122070312,87508500.0,90.00692749023438
2009-12-29,113.02999877929688,112.55000305175781,113.01000213623047,112.55999755859375,80572500.0,89.87911224365234
2009-12-30,112.6500015258789,112.16999816894531,112.2300033569336,112.5199966430664,73138400.0,89.84722137451172
2009-12-31,112.80000305175781,111.38999938964844,112.7699966430664,111.44000244140625,90637900.0,88.98484802246094
