Date,High,Low,Open,Close,Volume,Adj Close
2008-03-03,133.80999755859375,132.24000549316406,133.13999938964844,133.5,189483500.0,101.7389907836914
2008-03-04,133.39999389648438,130.99000549316406,132.22999572753906,132.99000549316406,282513100.0,101.35032653808594
2008-03-05,134.77000427246094,132.33999633789062,133.4199981689453,133.8300018310547,270681400.0,101.99048614501953
2008-03-06,133.22000122070312,130.5500030517578,132.97999572753906,131.05999755859375,247911700.0,99.8795166015625
2008-03-07,131.74000549316406,128.5800018310547,129.77000427246094,129.7100067138672,326434600.0,98.85066986083984
2008-03-10,129.92999267578125,127.58999633789062,129.83999633789062,128.0,235683600.0,97.54749298095703
2008-03-11,132.72000122070312,128.9499969482422,130.72000122070312,132.60000610351562,341440600.0,101.05314636230469
2008-03-12,133.77000427246094,131.16000366210938,132.74000549316406,131.36000061035156,229161100.0,100.10814666748047
2008-03-13,132.63999938964844,128.60000610351562,129.61000061035156,131.64999389648438,351504200.0,100.32913970947266
2008-03-14,132.80999755859375,127.77999877929688,132.77000427246094,129.61000061035156,484687800.0,98.77445983886719
2008-03-17,129.25999450683594,126.06999969482422,126.56999969482422,128.3000030517578,405311100.0,97.77613830566406
2008-03-18,133.69000244140625,129.97999572753906,130.6199951171875,133.6300048828125,334416600.0,101.83805847167969
2008-03-19,134.64999389648438,130.0399932861328,134.13999938964844,130.32000732421875,345971600.0,99.3155517578125
2008-03-20,132.91000366210938,129.25999450683594,130.0500030517578,132.0800018310547,245320700.0,101.1551513671875
2008-03-24,135.80999755859375,133.24000549316406,133.30999755859375,134.72000122070312,208977300.0,103.17703247070312
2008-03-25,135.5500030517578,133.77000427246094,134.86000061035156,134.85000610351562,192947200.0,103.27661895751953
2008-03-26,135.08999633789062,133.11000061035156,134.4600067138672,133.1999969482422,196934300.0,102.01293182373047
2008-03-27,134.44000244140625,132.36000061035156,134.1999969482422,132.77999877929688,225153200.0,101.69125366210938
2008-03-28,133.36000061035156,131.05999755859375,132.99000549316406,131.50999450683594,180896100.0,100.71862030029297
2008-03-31,132.72999572753906,131.08999633789062,131.2899932861328,131.97000122070312,166692100.0,101.07089233398438
