Date,High,Low,Open,Close,Volume,Adj Close
2019-02-01,271.20001220703125,269.17999267578125,270.1499938964844,270.05999755859375,85782500,258.4873352050781
2019-02-04,272.0299987792969,269.3599853515625,270.1099853515625,271.9599914550781,60744800,260.3058776855469
2019-02-05,273.44000244140625,271.8800048828125,272.44000244140625,273.1000061035156,79552800,261.3970642089844
2019-02-06,273.3399963378906,271.9200134277344,272.7900085449219,272.739990234375,58347800,261.0524597167969
2019-02-07,271.54998779296875,268.2900085449219,270.94000244140625,270.1400146484375,95482000,258.56396484375
2019-02-08,270.5799865722656,267.8299865722656,268.75,270.4700012207031,75788900,258.8797607421875
2019-02-11,271.489990234375,270.0299987792969,271.20001220703125,270.6199951171875,68021400,259.0233154296875
2019-02-12,274.5199890136719,272.3399963378906,272.4200134277344,274.1000061035156,72270200,262.354248046875
2019-02-13,275.92999267578125,274.55999755859375,275.0299987792969,274.989990234375,65277200,263.2060546875
2019-02-14,275.6400146484375,272.8699951171875,273.7799987792969,274.3800048828125,83234400,262.6221923828125
2019-02-15,277.4100036621094,276.1300048828125,276.3599853515625,277.3699951171875,97088700,265.4840393066406
2019-02-19,278.5799865722656,276.4700012207031,276.4800109863281,277.8500061035156,59120800,265.9435119628906
2019-02-20,278.9200134277344,277.25,277.80999755859375,278.4100036621094,76610800,266.4795227050781
2019-02-21,278.1000061035156,276.3500061035156,277.70001220703125,277.4200134277344,64214700,265.531982421875
2019-02-22,279.3599853515625,277.3999938964844,278.1099853515625,279.1400146484375,78114600,267.1782531738281
2019-02-25,281.30999755859375,279.42999267578125,280.7300109863281,279.5199890136719,69030700,267.5419616699219
2019-02-26,280.29998779296875,278.8999938964844,279.1300048828125,279.32000732421875,56844100,267.3505554199219
2019-02-27,279.5899963378906,277.4800109863281,278.5199890136719,279.20001220703125,56921600,267.235595703125
2019-02-28,279.45001220703125,278.32000732421875,278.9599914550781,278.67999267578125,69268300,266.73785400390625
