Date,High,Low,Open,Close,Volume,Adj Close
2007-11-01,153.41000366210938,150.58999633789062,153.2899932861328,151.02999877929688,333040800,114.49079132080078
2007-11-02,152.0,149.2100067138672,151.52999877929688,151.1999969482422,331228200,114.61966705322266
2007-11-05,151.16000366210938,148.97000122070312,149.63999938964844,150.0500030517578,226841000,113.7479248046875
2007-11-06,152.11000061035156,149.89999389648438,150.86000061035156,152.07000732421875,177800500,115.27919006347656
2007-11-07,151.1300048828125,147.5500030517578,150.44000244140625,147.91000366210938,306639700,112.1256103515625
2007-11-08,148.39999389648438,145.07000732421875,147.99000549316406,147.16000366210938,374509900,111.55708312988281
2007-11-09,147.5399932861328,144.88999938964844,145.69000244140625,145.13999938964844,277745100,110.02579498291016
2007-11-12,146.61000061035156,143.6999969482422,145.2100067138672,143.6999969482422,243087800,108.93419647216797
2007-11-13,148.30999755859375,145.22000122070312,145.3699951171875,148.0800018310547,191117400,112.2544937133789
2007-11-14,149.39999389648438,146.77999877929688,149.22000122070312,147.6699981689453,230558800,111.94371032714844
2007-11-15,147.49000549316406,144.52000427246094,146.57000732421875,145.5399932861328,263111100,110.32899475097656
2007-11-16,146.47000122070312,144.57000732421875,146.30999755859375,145.7899932861328,308770600,110.51853942871094
2007-11-19,145.36000061035156,143.19000244140625,145.27999877929688,143.75999450683594,267746000,108.97966003417969
2007-11-20,145.52999877929688,142.11000061035156,144.02000427246094,144.63999938964844,414767500,109.64675903320312
2007-11-21,143.91000366210938,141.6699981689453,143.0800018310547,141.67999267578125,259012400,107.40286254882812
2007-11-23,144.33999633789062,142.6999969482422,143.07000732421875,144.1300048828125,77688400,109.26013946533203
2007-11-26,144.8800048828125,140.66000366210938,144.42999267578125,140.9499969482422,214232000,106.84951782226562
2007-11-27,143.22999572753906,140.9499969482422,141.74000549316406,142.57000732421875,293897900,108.07755279541016
2007-11-28,147.47000122070312,144.13999938964844,144.19000244140625,147.1300048828125,258596900,111.53433990478516
2007-11-29,147.72000122070312,146.10000610351562,146.6199951171875,147.17999267578125,199409900,111.57225036621094
2007-11-30,149.8699951171875,147.3300018310547,149.0399932861328,148.66000366210938,222908000,112.69417572021484
