Date,High,Low,Open,Close,Volume,Adj Close
2019-05-01,294.95001220703125,291.79998779296875,294.7200012207031,291.80999755859375,71671900,280.5355224609375
2019-05-02,292.70001220703125,289.5199890136719,291.67999267578125,291.17999267578125,65030200,279.92987060546875
2019-05-03,294.3399963378906,291.29998779296875,292.82000732421875,294.0299987792969,56543700,282.6697998046875
2019-05-06,293.30999755859375,288.8999938964844,289.25,292.82000732421875,107198100,281.50653076171875
2019-05-07,290.80999755859375,285.80999755859375,290.1499938964844,287.92999267578125,144729900,276.805419921875
2019-05-08,289.42999267578125,286.8699951171875,287.5299987792969,287.5299987792969,91568300,276.4209289550781
2019-05-09,287.3299865722656,283.29998779296875,285.2300109863281,286.6600036621094,103471100,275.5845642089844
2019-05-10,288.94000244140625,282.29998779296875,285.6199951171875,288.1000061035156,112429300,276.9689025878906
2019-05-13,283.489990234375,279.92999267578125,282.4200134277344,280.8599853515625,127290500,270.00860595703125
2019-05-14,285.1000061035156,281.8500061035156,281.989990234375,283.3999938964844,77003200,272.4504699707031
2019-05-15,285.7699890136719,281.3599853515625,281.5899963378906,285.05999755859375,73956400,274.0463562011719
2019-05-16,289.2099914550781,285.760009765625,285.8399963378906,287.70001220703125,76749600,276.5843505859375
2019-05-17,288.6000061035156,285.1199951171875,285.1400146484375,285.8399963378906,100353000,274.79620361328125
2019-05-20,285.9599914550781,283.1199951171875,284.05999755859375,283.95001220703125,62877600,272.9792785644531
2019-05-21,286.92999267578125,285.54998779296875,285.8299865722656,286.510009765625,46847100,275.4403076171875
2019-05-22,286.69000244140625,285.1000061035156,285.45001220703125,285.6300048828125,49482500,274.5943298339844
2019-05-23,283.2099914550781,280.57000732421875,283.1600036621094,282.1400146484375,98733800,271.2391662597656
2019-05-24,284.20001220703125,282.0899963378906,283.739990234375,282.7799987792969,55268100,271.8544616699219
2019-05-28,284.1499938964844,280.1300048828125,283.0899963378906,280.1499938964844,70029400,269.3260498046875
2019-05-29,279.3599853515625,276.7099914550781,278.9100036621094,278.2699890136719,104972900,267.5187072753906
2019-05-30,280.0400085449219,277.80999755859375,279.1099853515625,279.0299987792969,62523800,268.2493591308594
2019-05-31,277.1199951171875,275.239990234375,276.20001220703125,275.2699890136719,86862800,264.6346130371094
