Date,High,Low,Open,Close,Volume,Adj Close
2014-05-01,188.83999633789062,187.72999572753906,188.22000122070312,188.3300018310547,93019000,163.97378540039062
2014-05-02,189.13999938964844,187.77999877929688,188.30999755859375,188.05999755859375,98122000,163.7387237548828
2014-05-05,188.5500030517578,186.6199951171875,187.13999938964844,188.4199981689453,75883000,164.0521697998047
2014-05-06,188.1300048828125,186.74000549316406,188.0,186.77999877929688,85454000,162.62425231933594
2014-05-07,187.97000122070312,186.00999450683594,187.41000366210938,187.8800048828125,106500000,163.58203125
2014-05-08,189.0500030517578,187.0800018310547,187.7100067138672,187.67999267578125,93618000,163.4079132080078
2014-05-09,188.0399932861328,186.8300018310547,187.7100067138672,187.9600067138672,83679000,163.65170288085938
2014-05-12,189.8800048828125,188.0,188.8000030517578,189.7899932861328,86940000,165.24496459960938
2014-05-13,190.4199981689453,189.77000427246094,190.0399932861328,189.9600067138672,66454000,165.39305114746094
2014-05-14,189.8800048828125,188.7899932861328,189.7899932861328,189.05999755859375,72367000,164.60943603515625
2014-05-15,188.72000122070312,186.47999572753906,188.67999267578125,187.39999389648438,154956000,163.16409301757812
2014-05-16,188.1300048828125,186.72000122070312,187.50999450683594,188.0500030517578,97458000,163.7300262451172
2014-05-19,188.88999938964844,187.52000427246094,187.69000244140625,188.74000549316406,63839000,164.33079528808594
2014-05-20,188.6699981689453,187.07000732421875,188.64999389648438,187.5500030517578,111644000,163.29469299316406
2014-05-21,189.22000122070312,188.05999755859375,188.08999633789062,189.1300048828125,89093000,164.6703643798828
2014-05-22,189.97999572753906,188.86000061035156,189.17999267578125,189.58999633789062,61549000,165.07086181640625
2014-05-23,190.47999572753906,189.58999633789062,189.75999450683594,190.35000610351562,61092800,165.7325897216797
2014-05-27,191.5800018310547,190.9499969482422,191.05999755859375,191.52000427246094,72010000,166.75128173828125
2014-05-28,191.82000732421875,191.05999755859375,191.52000427246094,191.3800048828125,66723000,166.62939453125
2014-05-29,192.39999389648438,191.3300018310547,191.82000732421875,192.3699951171875,64377000,167.49134826660156
2014-05-30,192.8000030517578,192.02999877929688,192.19000244140625,192.67999267578125,76316000,167.76123046875
