Date,High,Low,Open,Close,Volume,Adj Close
2007-01-03,142.86000061035156,140.57000732421875,142.25,141.3699951171875,94807600,105.7845458984375
2007-01-04,142.0500030517578,140.61000061035156,141.22999572753906,141.6699981689453,69620600,106.009033203125
2007-01-05,141.39999389648438,140.3800048828125,141.3300018310547,140.5399932861328,76645300,105.16348266601562
2007-01-08,141.41000366210938,140.25,140.82000732421875,141.19000244140625,71655000,105.64988708496094
2007-01-09,141.60000610351562,140.39999389648438,141.30999755859375,141.07000732421875,75680100,105.56006622314453
2007-01-10,141.57000732421875,140.3000030517578,140.5800018310547,141.5399932861328,72428000,105.91173553466797
2007-01-11,142.6199951171875,141.5,141.5800018310547,142.16000366210938,54476800,106.37572479248047
2007-01-12,143.24000549316406,142.11000061035156,142.14999389648438,143.24000549316406,55370600,107.18385314941406
2007-01-16,143.44000244140625,142.72999572753906,143.07000732421875,142.9600067138672,44871300,106.97432708740234
2007-01-17,143.4600067138672,142.72999572753906,142.85000610351562,143.02000427246094,50241400,107.01924133300781
2007-01-18,143.25999450683594,142.30999755859375,143.1699981689453,142.5399932861328,68177300,106.66004180908203
2007-01-19,143.10000610351562,142.4600067138672,142.5399932861328,142.82000732421875,56973000,106.86958312988281
2007-01-22,143.10000610351562,141.92999267578125,143.07000732421875,142.3800048828125,60253600,106.54037475585938
2007-01-23,143.0800018310547,142.05999755859375,142.25999450683594,142.8000030517578,54064400,106.85460662841797
2007-01-24,143.97999572753906,142.91000366210938,142.97000122070312,143.9499969482422,55834700,107.71511840820312
2007-01-25,143.9199981689453,142.00999450683594,143.86000061035156,142.25999450683594,73583800,106.45051574707031
2007-01-26,142.64999389648438,141.5800018310547,142.57000732421875,142.1300048828125,67255600,106.35326385498047
2007-01-29,142.8000030517578,141.74000549316406,142.19000244140625,142.0500030517578,66114600,106.29340362548828
2007-01-30,142.86000061035156,142.05999755859375,142.35000610351562,142.7899932861328,70407600,106.84712982177734
2007-01-31,144.1300048828125,142.39999389648438,142.6300048828125,143.75,91868600,107.56547546386719
