Date,High,Low,Open,Close,Volume,Adj Close
2008-11-03,97.69000244140625,95.94999694824219,96.77999877929688,97.11000061035156,205419400,75.17758178710938
2008-11-04,100.86000061035156,96.70999908447266,99.05999755859375,100.41000366210938,346793400,77.73224639892578
2008-11-05,100.70999908447266,95.0,99.19999694824219,96.19000244140625,387844100,74.46538543701172
2008-11-06,95.44000244140625,90.05999755859375,94.45999908447266,90.86000061035156,477721900,70.3391342163086
2008-11-07,94.0,90.5,91.6500015258789,93.86000061035156,380391000,72.6615982055664
2008-11-10,95.52999877929688,90.91999816894531,95.20999908447266,92.62999725341797,301773000,71.70940399169922
2008-11-11,92.13999938964844,88.6500015258789,90.76000213623047,89.7699966430664,418498200,69.49530792236328
2008-11-12,88.94999694824219,85.12000274658203,88.2300033569336,85.81999969482422,454330600,66.43744659423828
2008-11-13,91.7300033569336,82.08999633789062,86.12999725341797,91.16999816894531,753141900,70.57913208007812
2008-11-14,92.05999755859375,86.5199966430664,89.41000366210938,86.62000274658203,540352300,67.0567626953125
2008-11-17,88.55999755859375,85.16000366210938,86.37999725341797,85.47000122070312,415254900,66.16648864746094
2008-11-18,87.22000122070312,82.91000366210938,85.1500015258789,87.08000183105469,523811800,67.41287994384766
2008-11-19,86.87000274658203,80.91999816894531,85.91000366210938,81.5,558327600,63.09312057495117
2008-11-20,82.51000213623047,75.05000305175781,80.12999725341797,75.44999694824219,814180400,58.40951156616211
2008-11-21,80.9000015258789,74.33999633789062,77.45999908447266,79.5199966430664,718536500,61.560302734375
2008-11-24,86.98999786376953,80.36000061035156,81.91999816894531,85.02999877929688,523305300,65.82585144042969
2008-11-25,87.51000213623047,83.81999969482422,87.30000305175781,85.66000366210938,454112400,66.31359100341797
2008-11-26,89.19000244140625,84.23999786376953,84.30000305175781,88.97000122070312,370134200,68.8759994506836
2008-11-28,90.12999725341797,88.4800033569336,88.62999725341797,90.08999633789062,118308100,69.7430419921875
