Date,High,Low,Open,Close,Volume,Adj Close
2017-12-01,265.30999755859375,260.760009765625,264.760009765625,264.4599914550781,164390900.0,247.14553833007812
2017-12-04,266.79998779296875,264.0799865722656,266.30999755859375,264.1400146484375,94040600.0,246.84646606445312
2017-12-05,265.1499938964844,263.0400085449219,263.19000244140625,263.19000244140625,77994500.0,245.95867919921875
2017-12-06,263.7300109863281,262.7099914550781,263.29998779296875,263.239990234375,75898600.0,246.00543212890625
2017-12-07,264.42999267578125,262.94000244140625,264.07000732421875,264.07000732421875,77218600.0,246.78109741210938
2017-12-08,265.5199890136719,264.0299987792969,265.1600036621094,265.510009765625,76563900.0,248.12684631347656
2017-12-11,266.3800048828125,265.4800109863281,266.30999755859375,266.30999755859375,83077500.0,248.8743896484375
2017-12-12,267.32000732421875,266.3500061035156,267.2099914550781,266.7799987792969,85195800.0,249.3136444091797
2017-12-13,267.55999755859375,266.6499938964844,267.05999755859375,266.75,102905400.0,249.28565979003906
2017-12-14,267.2200012207031,265.6000061035156,267.0899963378906,265.6600036621094,100666700.0,248.26698303222656
2017-12-15,267.0400085449219,265.3900146484375,265.45001220703125,266.510009765625,144610300.0,250.3344268798828
2017-12-18,268.6000061035156,267.9800109863281,268.1000061035156,268.20001220703125,83653600.0,251.92185974121094
2017-12-19,268.5299987792969,267.0899963378906,268.4800109863281,267.1700134277344,82382900.0,250.95433044433594
2017-12-20,268.3299865722656,266.69000244140625,268.2699890136719,267.0299987792969,76751500.0,250.8228759765625
2017-12-21,268.3900146484375,267.29998779296875,267.739990234375,267.5799865722656,67032300.0,251.3394775390625
2017-12-22,267.6400146484375,266.8999938964844,267.6000061035156,267.510009765625,78720900.0,251.27369689941406
2017-12-26,267.44000244140625,266.8900146484375,267.04998779296875,267.19000244140625,45244400.0,250.97311401367188
2017-12-27,267.7300109863281,267.010009765625,267.3800048828125,267.32000732421875,57751000.0,251.09524536132812
2017-12-28,267.9200134277344,267.45001220703125,267.8900146484375,267.8699951171875,45116100.0,251.61184692382812
2017-12-29,268.54998779296875,266.6400146484375,268.5299987792969,266.8599853515625,96007400.0,250.6631622314453
