Date,High,Low,Open,Close,Volume,Adj Close
2015-07-01,208.02999877929688,206.55999755859375,207.72999572753906,207.5,135979900,185.1000518798828
2015-07-02,208.27000427246094,206.80999755859375,208.07000732421875,207.30999755859375,104373700,184.93055725097656
2015-07-06,207.64999389648438,205.52999877929688,205.77000427246094,206.72000122070312,117975400,184.40426635742188
2015-07-07,208.1699981689453,204.11000061035156,206.9600067138672,208.02000427246094,173820200,185.56396484375
2015-07-08,206.75999450683594,204.25,206.4199981689453,204.52999877929688,164020100,182.45069885253906
2015-07-09,207.35000610351562,204.77000427246094,207.0399932861328,204.89999389648438,144113100,182.7807159423828
2015-07-10,207.97999572753906,204.9499969482422,207.2899932861328,207.47999572753906,129456900,185.08218383789062
2015-07-13,209.89999389648438,208.94000244140625,208.99000549316406,209.77000427246094,106069400,187.12498474121094
2015-07-14,211.0500030517578,209.64999389648438,209.72000122070312,210.67999267578125,81709600,187.93678283691406
2015-07-15,211.27999877929688,210.0399932861328,210.72999572753906,210.61000061035156,97914100,187.8743133544922
2015-07-16,212.3000030517578,211.5800018310547,211.8699951171875,212.3000030517578,106683300,189.3818817138672
2015-07-17,212.5500030517578,211.8000030517578,212.2899932861328,212.47999572753906,89030000,189.54248046875
2015-07-20,213.17999267578125,212.2100067138672,212.75,212.58999633789062,70446800,189.640625
2015-07-21,212.74000549316406,211.38999938964844,212.42999267578125,211.75,77965000,188.8912811279297
2015-07-22,211.77000427246094,210.88999938964844,210.92999267578125,211.3699951171875,88667900,188.55230712890625
2015-07-23,211.64999389648438,209.75,211.52999877929688,210.17999267578125,90509100,187.49075317382812
2015-07-24,210.3699951171875,207.60000610351562,210.3000030517578,208.0,117755000,185.5460662841797
2015-07-27,207.5500030517578,206.25999450683594,206.94000244140625,206.7899932861328,132361100,184.4666748046875
2015-07-28,209.5,206.8000030517578,207.7899932861328,209.3300018310547,123544800,186.73252868652344
2015-07-29,211.0399932861328,209.30999755859375,209.47999572753906,210.77000427246094,105791300,188.01707458496094
2015-07-30,211.02000427246094,209.4199981689453,210.16000366210938,210.82000732421875,91304400,188.06167602539062
2015-07-31,211.4499969482422,210.16000366210938,211.4199981689453,210.5,103266900,187.77622985839844
