Date,High,Low,Open,Close,Volume,Adj Close
2019-12-02,314.6600036621094,311.1700134277344,314.5899963378906,311.6400146484375,75767800.0,302.44683837890625
2019-12-03,309.6400146484375,307.1300048828125,308.6499938964844,309.54998779296875,73941700.0,300.4184265136719
2019-12-04,312.1199951171875,310.32000732421875,310.70001220703125,311.4599914550781,49080000.0,302.27215576171875
2019-12-05,312.25,310.5799865722656,312.2300109863281,312.0199890136719,40709000.0,302.81561279296875
2019-12-06,315.30999755859375,314.1099853515625,314.1199951171875,314.8699951171875,48927000.0,305.5815124511719
2019-12-09,315.17999267578125,313.79998779296875,314.44000244140625,313.8800048828125,34838500.0,304.6207580566406
2019-12-10,314.54998779296875,312.80999755859375,313.82000732421875,313.5299987792969,52649800.0,304.2810974121094
2019-12-11,314.70001220703125,313.44000244140625,314.0299987792969,314.4200134277344,53429100.0,305.14483642578125
2019-12-12,317.989990234375,314.1700134277344,314.42999267578125,317.1300048828125,96389600.0,307.7748718261719
2019-12-13,318.6700134277344,316.0199890136719,316.8699951171875,317.32000732421875,81503900.0,307.9592590332031
2019-12-16,320.1499938964844,317.25,319.2200012207031,319.5,82749700.0,310.074951171875
2019-12-17,320.25,319.4800109863281,319.9200134277344,319.57000732421875,61097700.0,310.1429443359375
2019-12-18,320.25,319.5299987792969,320.0,319.5899963378906,48133000.0,310.1623229980469
2019-12-19,320.9800109863281,319.5199890136719,319.79998779296875,320.8999938964844,85310500.0,311.4336853027344
2019-12-20,321.9700012207031,319.3900146484375,320.4599914550781,320.7300109863281,147142100.0,312.7990417480469
2019-12-23,321.6499938964844,321.05999755859375,321.5899963378906,321.2200012207031,52990000.0,313.2769470214844
2019-12-24,321.5199890136719,320.8999938964844,321.4700012207031,321.2300109863281,20270000.0,313.2866516113281
2019-12-26,322.95001220703125,321.6400146484375,321.6499938964844,322.94000244140625,30911200.0,314.9543762207031
2019-12-27,323.79998779296875,322.2799987792969,323.739990234375,322.8599853515625,42528800.0,314.8763732910156
2019-12-30,323.1000061035156,320.54998779296875,322.95001220703125,321.0799865722656,49729100.0,313.1404113769531
2019-12-31,322.1300048828125,320.1499938964844,320.5299987792969,321.8599853515625,57077300.0,313.90106201171875
