Date,High,Low,Open,Close,Volume,Adj Close
2016-02-01,194.5800018310547,191.83999633789062,192.52999877929688,193.64999389648438,136061600,174.67669677734375
2016-02-02,191.97000122070312,189.5399932861328,191.9600067138672,190.16000366210938,182564900,171.52862548828125
2016-02-03,191.77999877929688,187.10000610351562,191.41000366210938,191.3000030517578,205054900,172.5569610595703
2016-02-04,192.75,189.9600067138672,190.7100067138672,191.60000610351562,139531800,172.82752990722656
2016-02-05,191.6699981689453,187.1999969482422,190.99000549316406,187.9499969482422,180788300,169.5352020263672
2016-02-08,186.1199951171875,182.8000030517578,185.77000427246094,185.4199981689453,191526700,167.2530517578125
2016-02-09,186.94000244140625,183.1999969482422,183.36000061035156,185.42999267578125,184513100,167.26206970214844
2016-02-10,188.33999633789062,185.1199951171875,186.41000366210938,185.27000427246094,148214100,167.1177520751953
2016-02-11,184.10000610351562,181.08999633789062,182.33999633789062,182.86000061035156,219058900,164.94384765625
2016-02-12,186.64999389648438,183.9600067138672,184.9600067138672,186.6300048828125,127632400,168.34451293945312
2016-02-16,189.80999755859375,187.6300048828125,188.77000427246094,189.77999877929688,120250700,171.1858673095703
2016-02-17,193.32000732421875,191.00999450683594,191.16000366210938,192.8800048828125,136009500,173.98216247558594
2016-02-18,193.27000427246094,191.72000122070312,193.1999969482422,192.08999633789062,102343000,173.26954650878906
2016-02-19,192.17999267578125,190.4499969482422,191.1699981689453,192.0,114793000,173.18836975097656
2016-02-22,194.9499969482422,193.7899932861328,193.8699951171875,194.77999877929688,103640300,175.69598388671875
2016-02-23,194.32000732421875,192.17999267578125,194.0,192.32000732421875,111455300,173.4770050048828
2016-02-24,193.52999877929688,189.32000732421875,190.6300048828125,193.1999969482422,150812200,174.27078247070312
2016-02-25,195.5500030517578,192.8300018310547,193.72999572753906,195.5399932861328,110728300,176.3815155029297
2016-02-26,196.67999267578125,194.89999389648438,196.57000732421875,195.08999633789062,129833700,175.97561645507812
2016-02-29,196.22999572753906,193.3300018310547,195.11000061035156,193.55999755859375,125918100,174.59552001953125
