Date,High,Low,Open,Close,Volume,Adj Close
2012-01-03,128.3800048828125,127.43000030517578,127.76000213623047,127.5,193697900,105.98519897460938
2012-01-04,127.80999755859375,126.70999908447266,127.19999694824219,127.69999694824219,127186500,106.15142059326172
2012-01-05,128.22999572753906,126.43000030517578,127.01000213623047,128.0399932861328,173895000,106.43406677246094
2012-01-06,128.22000122070312,127.29000091552734,128.1999969482422,127.70999908447266,148050000,106.15975189208984
2012-01-09,128.17999267578125,127.41000366210938,128.0,128.02000427246094,99530200,106.41743469238281
2012-01-10,129.64999389648438,128.9499969482422,129.38999938964844,129.1300048828125,115282000,107.34015655517578
2012-01-11,129.3699951171875,128.52000427246094,128.72999572753906,129.1999969482422,111540700,107.39830780029297
2012-01-12,129.6999969482422,128.5399932861328,129.57000732421875,129.50999450683594,118983700,107.65599060058594
2012-01-13,129.0500030517578,127.72000122070312,128.63999938964844,128.83999633789062,179836200,107.09906005859375
2012-01-17,130.32000732421875,128.89999389648438,130.0800018310547,129.33999633789062,132209200,107.51469421386719
2012-01-18,130.83999633789062,129.0800018310547,129.30999755859375,130.77000427246094,163395200,108.70338439941406
2012-01-19,131.57000732421875,130.8000030517578,131.22000122070312,131.4600067138672,126328900,109.27696990966797
2012-01-20,131.9499969482422,130.9199981689453,131.24000549316406,131.9499969482422,138230200,109.68425750732422
2012-01-23,132.25,130.97999572753906,131.50999450683594,131.61000061035156,129295800,109.4016342163086
2012-01-24,131.5,130.60000610351562,130.8000030517578,131.4600067138672,103083300,109.27696990966797
2012-01-25,132.8699951171875,130.75,131.25999450683594,132.55999755859375,198613200,110.19135284423828
2012-01-26,133.39999389648438,131.36000061035156,133.14999389648438,131.8800048828125,184880500,109.6260986328125
2012-01-27,132.0500030517578,131.14999389648438,131.24000549316406,131.82000732421875,135259100,109.57623291015625
2012-01-30,131.44000244140625,130.05999755859375,130.50999450683594,131.3699951171875,147311800,109.2021255493164
2012-01-31,132.17999267578125,130.67999267578125,132.02000427246094,131.32000732421875,157212000,109.16056060791016
