Date,High,Low,Open,Close,Volume,Adj Close
2008-01-02,146.99000549316406,143.8800048828125,146.52999877929688,144.92999267578125,204935600,110.44969177246094
2008-01-03,145.49000549316406,144.07000732421875,144.91000366210938,144.86000061035156,125133300,110.39633178710938
2008-01-04,143.44000244140625,140.91000366210938,143.33999633789062,141.30999755859375,232330900,107.69090270996094
2008-01-07,142.22999572753906,140.10000610351562,141.80999755859375,141.19000244140625,234991000,107.59947967529297
2008-01-08,142.89999389648438,138.44000244140625,142.0800018310547,138.91000366210938,326365700,105.86190795898438
2008-01-09,140.7899932861328,137.6999969482422,139.08999633789062,140.3699951171875,301824900,106.97457122802734
2008-01-10,142.8000030517578,139.3699951171875,139.67999267578125,141.2899932861328,335701200,107.67567443847656
2008-01-11,141.89999389648438,139.0,140.77999877929688,140.14999389648438,267076600,106.8069076538086
2008-01-14,141.86000061035156,140.39999389648438,141.16000366210938,141.27999877929688,170365500,107.66806030273438
2008-01-15,141.49000549316406,137.89999389648438,139.7899932861328,138.1699981689453,239940100,105.29795837402344
2008-01-16,139.1199951171875,136.27999877929688,137.36000061035156,136.97999572753906,378802600,104.39110565185547
2008-01-17,137.8800048828125,132.92999267578125,137.80999755859375,133.42999267578125,397892600,101.68563079833984
2008-01-18,135.02000427246094,131.10000610351562,134.74000549316406,132.05999755859375,348561500,100.64158630371094
2008-01-22,132.42999267578125,126.0,127.20999908447266,130.72000122070312,435923700,99.62042236328125
2008-01-23,134.19000244140625,126.83999633789062,127.08999633789062,133.86000061035156,511913000,102.01335144042969
2008-01-24,135.4600067138672,133.30999755859375,134.47999572753906,134.99000549316406,259949300,102.87454223632812
2008-01-25,136.75999450683594,132.60000610351562,136.50999450683594,133.0399932861328,269603900,101.38844299316406
2008-01-28,135.52000427246094,132.05999755859375,133.25999450683594,135.24000549316406,217934600,103.06504821777344
2008-01-29,136.4499969482422,134.8800048828125,136.10000610351562,135.91000366210938,168968300,103.57563781738281
2008-01-30,138.5399932861328,134.60000610351562,135.5800018310547,134.91000366210938,334939200,102.8135757446289
2008-01-31,138.5399932861328,133.1999969482422,133.39999389648438,137.3699951171875,343680800,104.68828582763672
