Date,High,Low,Open,Close,Volume,Adj Close
2001-12-03,114.08000183105469,113.01000213623047,113.6500015258789,113.37000274658203,15220400.0,77.52241516113281
2001-12-04,115.30000305175781,113.3499984741211,113.91999816894531,115.29000091552734,17239900.0,78.83533477783203
2001-12-05,118.0,115.55999755859375,115.61000061035156,117.4000015258789,25204000.0,80.27816009521484
2001-12-06,117.94000244140625,116.93000030517578,117.33999633789062,117.33999633789062,17972900.0,80.23710632324219
2001-12-07,117.08999633789062,115.69999694824219,116.9000015258789,116.55999755859375,18857800.0,79.7037353515625
2001-12-10,116.38999938964844,114.3499984741211,115.8499984741211,114.37999725341797,13862700.0,78.2130355834961
2001-12-11,115.72000122070312,113.9000015258789,114.9000015258789,114.1500015258789,20833300.0,78.05579376220703
2001-12-12,114.77999877929688,113.11000061035156,114.55000305175781,114.27999877929688,16171500.0,78.14466857910156
2001-12-13,113.69999694824219,112.04000091552734,113.44999694824219,112.05999755859375,19026700.0,76.62664794921875
2001-12-14,113.48999786376953,112.0,112.33000183105469,113.12999725341797,16721900.0,77.35831451416016
2001-12-17,114.36000061035156,112.9000015258789,112.98999786376953,114.30000305175781,13925900.0,78.15837860107422
2001-12-18,115.1500015258789,114.33999633789062,114.62999725341797,114.9800033569336,13663700.0,78.62335205078125
2001-12-19,115.91999816894531,114.0,114.08999633789062,115.79000091552734,20143400.0,79.17723083496094
2001-12-20,115.80000305175781,114.55000305175781,115.5,114.6500015258789,14867900.0,78.39765930175781
2001-12-21,115.06999969482422,114.19999694824219,115.02999877929688,114.94999694824219,14037700.0,78.87318420410156
2001-12-24,115.04000091552734,114.61000061035156,114.83000183105469,114.7300033569336,5728800.0,78.72223663330078
2001-12-26,116.20999908447266,114.6500015258789,114.6500015258789,115.36000061035156,10304800.0,79.15448760986328
2001-12-27,116.08000183105469,115.25,115.30000305175781,116.05999755859375,9407300.0,79.63481140136719
2001-12-28,116.75,115.91999816894531,116.29000091552734,116.0,10593800.0,79.59366607666016
2001-12-31,116.38999938964844,114.2300033569336,116.1500015258789,114.30000305175781,14619500.0,78.42719268798828
