Date,High,Low,Open,Close,Volume,Adj Close
2012-02-01,133.13999938964844,132.1300048828125,132.2899932861328,132.47000122070312,166234500,110.11654663085938
2012-02-02,133.02000427246094,132.2100067138672,132.72999572753906,132.67999267578125,113090400,110.29108428955078
2012-02-03,134.6199951171875,133.77000427246094,134.0,134.5399932861328,160598500,111.83723449707031
2012-02-06,134.50999450683594,133.8300018310547,133.97999572753906,134.4499969482422,107694500,111.76240539550781
2012-02-07,135.02000427246094,133.63999938964844,134.1699981689453,134.7899932861328,135528100,112.04501342773438
2012-02-08,135.22000122070312,134.30999755859375,134.86000061035156,135.19000244140625,139361400,112.3775405883789
2012-02-09,135.58999633789062,134.55999755859375,135.41000366210938,135.36000061035156,148602900,112.51884460449219
2012-02-10,134.47000122070312,133.83999633789062,134.16000366210938,134.36000061035156,167907500,111.6876220703125
2012-02-13,135.52000427246094,134.74000549316406,135.32000732421875,135.36000061035156,115841900,112.51884460449219
2012-02-14,135.27000427246094,134.25,135.0,135.19000244140625,165329500,112.3775405883789
2012-02-15,135.8300018310547,134.2899932861328,135.6300048828125,134.55999755859375,195195100,111.85384368896484
2012-02-16,136.1699981689453,134.3300018310547,134.57000732421875,136.0500030517578,186567800,113.09239196777344
2012-02-17,136.6300048828125,135.9600067138672,136.52000427246094,136.41000366210938,129869400,113.39168548583984
2012-02-21,137.0500030517578,136.0500030517578,136.72999572753906,136.47000122070312,134042300,113.44154357910156
2012-02-22,136.5500030517578,135.7899932861328,136.25999450683594,136.02999877929688,124455300,113.07579040527344
2012-02-23,136.72999572753906,135.5,135.9600067138672,136.6300048828125,137704300,113.57453155517578
2012-02-24,137.1999969482422,136.6300048828125,136.92999267578125,136.92999267578125,105539100,113.82389068603516
2012-02-27,137.52999877929688,135.8000030517578,136.02000427246094,137.16000366210938,145728900,114.01512908935547
2012-02-28,137.72000122070312,136.92999267578125,137.1999969482422,137.55999755859375,129355900,114.3476333618164
2012-02-29,138.19000244140625,136.5399932861328,137.75999450683594,137.02000427246094,185934700,113.89874267578125
