Date,High,Low,Open,Close,Volume,Adj Close
2008-04-01,136.83999633789062,133.50999450683594,133.61000061035156,136.61000061035156,254547300,104.62449645996094
2008-04-02,137.6699981689453,135.97999572753906,137.0500030517578,136.6999969482422,210910800,104.69345092773438
2008-04-03,137.44000244140625,135.7100067138672,135.9600067138672,137.0399932861328,175884800,104.95379638671875
2008-04-04,137.9600067138672,136.1199951171875,137.1199951171875,136.88999938964844,204446800,104.83895111083984
2008-04-07,138.57000732421875,136.74000549316406,137.8699951171875,136.9600067138672,154245500,104.89259338378906
2008-04-08,136.9199981689453,135.9499969482422,136.19000244140625,136.82000732421875,148937300,104.78536987304688
2008-04-09,136.8000030517578,134.88999938964844,136.61000061035156,135.8300018310547,195610600,104.02713775634766
2008-04-10,136.6699981689453,134.89999389648438,135.4199981689453,136.02000427246094,192967800,104.17266082763672
2008-04-11,135.1199951171875,133.00999450683594,134.49000549316406,133.3800048828125,222973300,102.15077209472656
2008-04-14,133.5399932861328,132.5500030517578,133.19000244140625,132.92999267578125,160522000,101.8061294555664
2008-04-15,133.69000244140625,132.3300018310547,133.5800018310547,133.24000549316406,172389200,102.04354858398438
2008-04-16,136.91000366210938,134.52000427246094,134.5399932861328,136.85000610351562,189268900,104.80831146240234
2008-04-17,137.25,135.66000366210938,136.02000427246094,137.0500030517578,179665700,104.96148681640625
2008-04-18,139.55999755859375,138.25999450683594,138.94000244140625,138.47999572753906,218530600,106.0566635131836
2008-04-21,138.97999572753906,137.85000610351562,138.22999572753906,138.5500030517578,118587400,106.11026000976562
2008-04-22,138.30999755859375,136.89999389648438,138.19000244140625,137.94000244140625,162166000,105.64313507080078
2008-04-23,138.77999877929688,137.1199951171875,138.08999633789062,137.72000122070312,193309000,105.47461700439453
2008-04-24,139.74000549316406,137.0399932861328,138.0800018310547,138.32000732421875,229381300,105.93415832519531
2008-04-25,139.88999938964844,137.91000366210938,139.39999389648438,139.60000610351562,190788100,106.91443634033203
2008-04-28,140.25,139.3800048828125,139.8800048828125,139.6300048828125,105610200,106.93743896484375
2008-04-29,139.72999572753906,138.61000061035156,139.38999938964844,139.0800018310547,125514100,106.5162124633789
2008-04-30,140.58999633789062,138.25999450683594,139.2899932861328,138.25999450683594,208395900,105.88819122314453
