Date,High,Low,Open,Close,Volume,Adj Close
2018-11-01,273.7300109863281,270.3800048828125,271.6000061035156,273.510009765625,99495000,260.2696228027344
2018-11-02,275.2300109863281,269.5899963378906,274.75,271.8900146484375,122634100,258.7280578613281
2018-11-05,274.010009765625,271.3500061035156,272.44000244140625,273.3900146484375,65622500,260.15545654296875
2018-11-06,275.29998779296875,273.25,273.32000732421875,275.1199951171875,60085900,261.8016662597656
2018-11-07,281.1000061035156,277.0799865722656,277.55999755859375,281.010009765625,102752100,267.40655517578125
2018-11-08,281.2200012207031,279.2200012207031,280.1099853515625,280.5,65584900,266.92120361328125
2018-11-09,279.239990234375,276.17999267578125,279.0299987792969,277.760009765625,98812600,264.31390380859375
2018-11-12,277.4599914550781,271.989990234375,277.19000244140625,272.57000732421875,99673600,259.3750915527344
2018-11-13,275.3299865722656,271.25,273.0899963378906,272.05999755859375,98176600,258.88983154296875
2018-11-14,274.6099853515625,268.45001220703125,274.1600036621094,270.20001220703125,125335900,257.1199035644531
2018-11-15,273.5400085449219,267.010009765625,268.7799987792969,273.0199890136719,135101400,259.8033447265625
2018-11-16,274.75,271.2099914550781,271.7900085449219,273.7300109863281,126668000,260.47900390625
2018-11-19,273.3800048828125,268.07000732421875,273.04998779296875,269.1000061035156,103061700,256.0730895996094
2018-11-20,267.0,263.1499938964844,265.3599853515625,264.1199951171875,136021300,251.33416748046875
2018-11-21,267.1499938964844,265.010009765625,265.8599853515625,265.0199890136719,75563700,252.19058227539062
2018-11-23,264.82000732421875,263.07000732421875,263.17999267578125,263.25,42807900,250.50628662109375
2018-11-26,267.75,265.3399963378906,265.7799987792969,267.5,79981400,254.550537109375
2018-11-27,268.3999938964844,265.6600036621094,266.3399963378906,268.3999938964844,75502400,255.406982421875
2018-11-28,274.5799865722656,268.3299865722656,269.6000061035156,274.5799865722656,127629600,261.2877502441406
2018-11-29,275.54998779296875,272.42999267578125,273.7099914550781,273.9800109863281,82346400,260.71685791015625
2018-11-30,276.2799987792969,273.45001220703125,273.80999755859375,275.6499938964844,98204200,262.3059997558594
