Date,High,Low,Open,Close,Volume,Adj Close
2008-07-01,128.47000122070312,125.93000030517578,126.5199966430664,128.3800048828125,388622000,98.81324768066406
2008-07-02,129.16000366210938,125.94999694824219,128.7899932861328,126.18000030517578,288064600,97.11991882324219
2008-07-03,127.11000061035156,124.98999786376953,127.11000061035156,126.30999755859375,239352500,97.2199935913086
2008-07-07,127.33999633789062,123.91999816894531,126.79000091552734,125.0199966430664,372427300,96.22708892822266
2008-07-08,127.38999938964844,124.19999694824219,124.98999786376953,127.23999786376953,375973700,97.93580627441406
2008-07-09,127.73999786376953,124.38999938964844,127.5,124.79000091552734,336729400,96.050048828125
2008-07-10,125.79000091552734,123.58000183105469,124.43000030517578,125.30000305175781,436475700,96.44259643554688
2008-07-11,125.9000015258789,122.48999786376953,123.97000122070312,123.83999633789062,481124600,95.31885528564453
2008-07-14,125.5,122.4000015258789,125.26000213623047,122.72000122070312,322720800,94.45677185058594
2008-07-15,123.48999786376953,120.0199966430664,121.80000305175781,120.98999786376953,502502500,93.12521362304688
2008-07-16,124.56999969482422,121.0999984741211,121.44999694824219,123.95999908447266,371642900,95.41120910644531
2008-07-17,126.26000213623047,124.08999633789062,125.13999938964844,125.19999694824219,375490600,96.36561584472656
2008-07-18,126.41999816894531,125.1500015258789,126.16999816894531,125.9800033569336,267030100,96.96598052978516
2008-07-21,126.80000305175781,125.19000244140625,126.51000213623047,126.05000305175781,222863000,97.0198745727539
2008-07-22,127.80000305175781,124.8499984741211,125.1500015258789,127.4800033569336,296904200,98.1205062866211
2008-07-23,129.14999389648438,127.55000305175781,127.88999938964844,128.1699981689453,311698400,98.6516342163086
2008-07-24,128.41000366210938,125.16000366210938,128.33999633789062,125.51000213623047,248634500,96.60424041748047
2008-07-25,126.48999786376953,125.16999816894531,125.88999938964844,125.4800033569336,219131000,96.58112335205078
2008-07-28,126.05999755859375,123.41999816894531,125.51000213623047,123.63999938964844,205201300,95.16490936279297
2008-07-29,126.37999725341797,123.63999938964844,123.9800033569336,126.27999877929688,261505600,97.19691467285156
2008-07-30,128.60000610351562,126.27999877929688,127.11000061035156,128.52999877929688,354710000,98.9287338256836
2008-07-31,128.57000732421875,126.62999725341797,127.4000015258789,126.83000183105469,277402100,97.62020874023438
