Date,High,Low,Open,Close,Volume,Adj Close
2000-03-01,139.0,137.21875,137.625,138.4375,6868000.0,92.81363677978516
2000-03-02,139.125,137.34375,138.6875,138.53125,7600200.0,92.87644958496094
2000-03-03,141.71875,139.71875,140.4375,141.125,12770300.0,94.61544799804688
2000-03-06,141.34375,138.75,140.8125,139.75,11967100.0,93.69357299804688
2000-03-07,140.15625,135.21875,140.0,137.046875,20062000.0,91.88130187988281
2000-03-08,137.84375,135.03125,136.46875,136.875,11808500.0,91.76605987548828
2000-03-09,140.875,136.125,137.25,140.875,5500900.0,94.44783782958984
2000-03-10,142.0,139.53125,140.1875,140.125,7924600.0,93.94498443603516
2000-03-13,140.46875,135.6875,136.6875,138.59375,10540500.0,92.91838836669922
2000-03-14,140.09375,136.15625,139.28125,136.625,8263900.0,91.59848022460938
2000-03-15,140.4375,136.0625,136.875,139.8125,10300800.0,93.73548126220703
2000-03-16,146.84375,140.875,141.625,146.34375,25601400.0,98.11427307128906
2000-03-17,148.0,145.4375,145.8125,146.9375,10272900.0,98.7626953125
2000-03-20,147.34375,144.78125,146.875,146.1875,12502300.0,98.25858306884766
2000-03-21,149.75,144.5,145.53125,149.1875,13612600.0,100.2750244140625
2000-03-22,150.84375,148.6875,149.5625,150.09375,8260000.0,100.8841552734375
2000-03-23,153.46875,149.15625,149.15625,152.65625,11654500.0,102.60652160644531
2000-03-24,155.75,151.71875,152.875,153.5625,11462900.0,103.21562957763672
2000-03-27,153.78125,151.8125,153.375,151.9375,8798600.0,102.12345123291016
2000-03-28,152.984375,150.59375,151.25,151.0625,6334400.0,101.53530883789062
2000-03-29,152.484375,149.65625,151.5625,151.21875,6747500.0,101.6404037475586
2000-03-30,151.921875,147.125,150.15625,148.6875,9491900.0,99.9389419555664
2000-03-31,152.3125,148.4375,149.625,150.375,9249100.0,101.07318878173828
