Date,High,Low,Open,Close,Volume,Adj Close
2013-05-01,159.41000366210938,158.10000610351562,159.3300018310547,158.27999877929688,138874200,135.08694458007812
2013-05-02,159.88999938964844,158.52999877929688,158.67999267578125,159.75,96407600,136.34156799316406
2013-05-03,161.8800048828125,159.77999877929688,161.13999938964844,161.3699951171875,144202300,137.72415161132812
2013-05-06,162.00999450683594,161.4199981689453,161.49000549316406,161.77999877929688,66882100,138.07408142089844
2013-05-07,162.64999389648438,161.6699981689453,162.1300048828125,162.60000610351562,90359200,138.77391052246094
2013-05-08,163.38999938964844,162.3300018310547,162.4199981689453,163.33999633789062,97419200,139.40550231933594
2013-05-09,163.6999969482422,162.47000122070312,163.27000427246094,162.8800048828125,106738600,139.01290893554688
2013-05-10,163.5500030517578,162.50999450683594,162.99000549316406,163.41000366210938,103203000,139.46522521972656
2013-05-13,163.80999755859375,162.82000732421875,163.1999969482422,163.5399932861328,81843200,139.5761260986328
2013-05-14,165.35000610351562,163.6699981689453,163.6699981689453,165.22999572753906,119000900,141.0185546875
2013-05-15,166.4499969482422,164.91000366210938,164.9600067138672,166.1199951171875,120718500,141.77810668945312
2013-05-16,166.36000061035156,165.08999633789062,165.77999877929688,165.33999633789062,109913600,141.1124267578125
2013-05-17,167.0399932861328,165.72999572753906,165.9499969482422,166.94000244140625,129801000,142.47799682617188
2013-05-20,167.5800018310547,166.61000061035156,166.77999877929688,166.92999267578125,85071200,142.46942138671875
2013-05-21,167.8000030517578,166.5,167.0800018310547,167.1699981689453,95804200,142.6742706298828
2013-05-22,169.07000732421875,165.1699981689453,167.33999633789062,165.92999267578125,244031800,141.61598205566406
2013-05-23,165.91000366210938,163.94000244140625,164.16000366210938,165.4499969482422,211064400,141.206298828125
2013-05-24,165.3800048828125,163.97999572753906,164.47000122070312,165.30999755859375,151573900,141.08685302734375
2013-05-28,167.77999877929688,165.80999755859375,167.0399932861328,166.3000030517578,143679800,141.9317626953125
2013-05-29,165.8000030517578,164.33999633789062,165.4199981689453,165.22000122070312,160363400,141.01004028320312
2013-05-30,166.58999633789062,165.22000122070312,165.35000610351562,165.8300018310547,107793800,141.53065490722656
2013-05-31,166.30999755859375,163.1300048828125,165.3699951171875,163.4499969482422,176850100,139.49935913085938
