Date,High,Low,Open,Close,Volume,Adj Close
2000-11-01,143.25,141.21875,142.25,142.46875,6753600,96.22570037841797
2000-11-02,143.90625,142.515625,143.15625,142.703125,11395100,96.38400268554688
2000-11-03,143.75,142.375,143.46875,142.78125,5187100,96.43677520751953
2000-11-06,144.296875,143.03125,143.15625,143.78125,4042500,97.11216735839844
2000-11-07,144.0,142.5625,143.140625,143.75,5231300,97.09105682373047
2000-11-08,144.0625,140.5625,144.0625,140.5625,6123300,94.93818664550781
2000-11-09,141.21875,137.25,140.0,140.03125,10635300,94.57939147949219
2000-11-10,139.46875,136.53125,139.0,136.625,8569500,92.27874755859375
2000-11-13,136.984375,133.015625,135.625,135.5625,17285300,91.56109619140625
2000-11-14,139.625,137.0,137.46875,139.125,7668900,93.96724700927734
2000-11-15,140.109375,137.75,139.0625,139.5625,8837700,94.26274108886719
2000-11-16,139.875,137.3125,138.578125,137.375,6684100,92.78533172607422
2000-11-17,139.0,135.75,137.3125,136.640625,6551100,92.28926849365234
2000-11-20,136.375,134.3125,135.75,134.6875,5458500,90.97010803222656
2000-11-21,136.1875,133.515625,134.875,135.375,7684300,91.4344253540039
2000-11-22,134.875,132.125,134.34375,132.140625,5736900,89.24992370605469
2000-11-24,134.96875,133.625,133.625,134.84375,3411600,91.0756607055664
2000-11-27,136.6875,135.3125,136.46875,136.03125,5992000,91.87770080566406
2000-11-28,136.59375,133.640625,135.125,133.6875,5336100,90.2947006225586
2000-11-29,135.90625,133.265625,134.375,133.4375,6914100,90.12584686279297
2000-11-30,133.5,129.75,132.5,132.28125,11201600,89.34489440917969
