Date,High,Low,Open,Close,Volume,Adj Close
2003-12-01,107.68000030517578,106.80000305175781,106.8499984741211,107.5999984741211,38699000.0,75.8649673461914
2003-12-02,107.7699966430664,107.06999969482422,107.37999725341797,107.33000183105469,35352000.0,75.67462158203125
2003-12-03,108.08000183105469,107.06999969482422,107.6500015258789,107.16000366210938,39078600.0,75.55474853515625
2003-12-04,107.72000122070312,106.94000244140625,107.16999816894531,107.5999984741211,36089500.0,75.8649673461914
2003-12-05,107.80000305175781,106.62000274658203,107.12000274658203,106.8499984741211,28824400.0,75.3362045288086
2003-12-08,107.63999938964844,106.68000030517578,106.73999786376953,107.56999969482422,32482900.0,75.84387969970703
2003-12-09,107.93000030517578,106.54000091552734,107.9000015258789,106.73999786376953,43596100.0,75.2586441040039
2003-12-10,106.9800033569336,105.95999908447266,106.7699966430664,106.7300033569336,36915400.0,75.2515869140625
2003-12-11,108.0999984741211,106.66999816894531,106.68000030517578,107.93000030517578,45304000.0,76.09764862060547
2003-12-12,108.19999694824219,107.38999938964844,107.97000122070312,108.13999938964844,34142200.0,76.24571990966797
2003-12-15,109.2300033569336,107.4800033569336,109.16999816894531,107.5999984741211,38693400.0,75.8649673461914
2003-12-16,108.5,107.5199966430664,107.68000030517578,108.16000366210938,32894200.0,76.25981903076172
2003-12-17,108.5,107.80000305175781,108.05999755859375,108.5,23198800.0,76.4995346069336
2003-12-18,109.7300033569336,108.38999938964844,108.55000305175781,109.72000122070312,29353100.0,77.35972595214844
2003-12-19,109.37000274658203,108.58000183105469,109.30000305175781,108.9000015258789,41465100.0,77.14436340332031
2003-12-22,109.66000366210938,108.77999877929688,108.79000091552734,109.66000366210938,27611300.0,77.6827392578125
2003-12-23,109.94999694824219,109.37999725341797,109.4800033569336,109.7300033569336,24741200.0,77.73234558105469
2003-12-24,109.87999725341797,109.43000030517578,109.5199966430664,109.62000274658203,8055800.0,77.6544189453125
2003-12-26,110.08000183105469,109.62999725341797,109.70999908447266,109.69999694824219,8308400.0,77.71107482910156
2003-12-29,111.2699966430664,109.77999877929688,110.0999984741211,111.16000366210938,22483700.0,78.7453384399414
2003-12-30,111.2699966430664,110.8499984741211,111.08999633789062,111.18000030517578,19559500.0,78.75953674316406
2003-12-31,111.5199966430664,110.83999633789062,111.22000122070312,111.27999877929688,31501800.0,78.83039093017578
