Date,High,Low,Open,Close,Volume,Adj Close
2016-10-03,216.0399932861328,215.0399932861328,215.82000732421875,215.77999877929688,83512100,197.65316772460938
2016-10-04,216.1699981689453,213.99000549316406,215.91000366210938,214.67999267578125,119948100,196.6455535888672
2016-10-05,216.1300048828125,215.3300018310547,215.41000366210938,215.6300048828125,72816000,197.51577758789062
2016-10-06,216.0399932861328,214.74000549316406,215.3699951171875,215.77999877929688,62927400,197.65316772460938
2016-10-07,216.3000030517578,214.19000244140625,216.10000610351562,215.0399932861328,89788300,196.975341796875
2016-10-10,216.6999969482422,215.99000549316406,216.16000366210938,216.16000366210938,51855000,198.00125122070312
2016-10-11,215.74000549316406,212.5800018310547,215.66000366210938,213.42999267578125,130367400,195.50057983398438
2016-10-12,214.32000732421875,213.00999450683594,213.58999633789062,213.7100067138672,73866100,195.75704956054688
2016-10-13,213.58999633789062,211.2100067138672,212.16000366210938,213.00999450683594,101357000,195.1158905029297
2016-10-14,214.69000244140625,213.02999877929688,214.14999389648438,213.1199951171875,93346200,195.21664428710938
2016-10-17,213.38999938964844,212.1699981689453,213.08999633789062,212.3800048828125,58275700,194.53878784179688
2016-10-18,214.30999755859375,213.27000427246094,214.24000549316406,213.7100067138672,76869700,195.75704956054688
2016-10-19,214.63999938964844,213.60000610351562,214.02000427246094,214.27999877929688,66519200,196.2791748046875
2016-10-20,214.52999877929688,213.11000061035156,213.8699951171875,213.8800048828125,73639800,195.91281127929688
2016-10-21,214.0800018310547,212.75999450683594,213.8800048828125,213.97999572753906,89089100,196.00439453125
2016-10-24,215.32000732421875,214.47999572753906,215.0,214.88999938964844,60146600,196.8379364013672
2016-10-25,214.97999572753906,213.97999572753906,214.67999267578125,214.1699981689453,66542300,196.17840576171875
2016-10-26,214.4199981689453,212.92999267578125,213.2100067138672,213.74000549316406,75705500,195.78453063964844
2016-10-27,214.6199951171875,213.0800018310547,214.5800018310547,213.1699981689453,77220200,195.26243591308594
2016-10-28,213.92999267578125,211.7100067138672,213.13999938964844,212.5399932861328,140623200,194.68533325195312
2016-10-31,213.19000244140625,212.36000061035156,212.92999267578125,212.5500030517578,61272500,194.69451904296875
