Date,High,Low,Open,Close,Volume,Adj Close
2014-09-02,201.0,199.86000061035156,200.97000122070312,200.61000061035156,72426000.0,175.50262451171875
2014-09-03,201.41000366210938,200.22000122070312,201.3800048828125,200.5,57462000.0,175.40640258789062
2014-09-04,201.5800018310547,199.66000366210938,200.83999633789062,200.2100067138672,85236000.0,175.15269470214844
2014-09-05,201.19000244140625,199.41000366210938,200.1699981689453,201.11000061035156,102177000.0,175.9400634765625
2014-09-08,201.2100067138672,200.0,200.9199981689453,200.58999633789062,64146000.0,175.4851531982422
2014-09-09,200.5500030517578,198.91000366210938,200.41000366210938,199.32000732421875,88591000.0,174.37413024902344
2014-09-10,200.1999969482422,198.77000427246094,199.42999267578125,200.07000732421875,67251000.0,175.03018188476562
2014-09-11,200.3300018310547,199.1199951171875,199.27000427246094,200.3000030517578,66774400.0,175.23143005371094
2014-09-12,200.1199951171875,198.55999755859375,200.10000610351562,199.1300048828125,117409300.0,174.20787048339844
2014-09-15,199.32000732421875,198.3800048828125,199.16000366210938,198.97999572753906,76401000.0,174.07662963867188
2014-09-16,200.83999633789062,198.5,198.61000061035156,200.47999572753906,116201000.0,175.38890075683594
2014-09-17,201.67999267578125,199.75,200.77000427246094,200.75,151266000.0,175.62513732910156
2014-09-18,201.85000610351562,201.10000610351562,201.36000061035156,201.82000732421875,94990000.0,176.56121826171875
2014-09-19,201.89999389648438,200.2899932861328,201.52000427246094,200.6999969482422,121649000.0,176.402099609375
2014-09-22,200.3800048828125,198.72999572753906,200.35000610351562,199.14999389648438,125553000.0,175.03976440429688
2014-09-23,199.25999450683594,197.9499969482422,198.42999267578125,198.00999450683594,111393000.0,174.03781127929688
2014-09-24,199.69000244140625,197.52000427246094,198.0399932861328,199.55999755859375,107276000.0,175.40016174316406
2014-09-25,199.0500030517578,196.27000427246094,199.0399932861328,196.33999633789062,150300000.0,172.56996154785156
2014-09-26,198.38999938964844,196.4199981689453,196.6999969482422,197.89999389648438,103547000.0,173.9411163330078
2014-09-29,197.88999938964844,196.0500030517578,196.1999969482422,197.5399932861328,95112000.0,173.62466430664062
2014-09-30,198.3000030517578,196.61000061035156,197.69000244140625,197.02000427246094,131302000.0,173.1676788330078
