Date,High,Low,Open,Close,Volume,Adj Close
2008-08-01,127.27999877929688,125.45999908447266,127.12000274658203,126.16000366210938,248690900,97.10452270507812
2008-08-04,126.13999938964844,124.76000213623047,126.04000091552734,124.98999786376953,188239600,96.2039794921875
2008-08-05,128.55999755859375,124.97000122070312,126.0199966430664,128.36000061035156,251577600,98.79785919189453
2008-08-06,129.3000030517578,127.4800033569336,128.02000427246094,128.92999267578125,209555400,99.23655700683594
2008-08-07,128.44000244140625,126.54000091552734,127.95999908447266,127.01000213623047,246312500,97.75879669189453
2008-08-08,129.92999267578125,126.37999725341797,126.58000183105469,129.3699951171875,260811700,99.57527923583984
2008-08-11,131.50999450683594,129.22999572753906,129.47000122070312,130.7100067138672,249425800,100.60663604736328
2008-08-12,130.6999969482422,128.72999572753906,130.27999877929688,129.35000610351562,213200800,99.55986022949219
2008-08-13,129.64999389648438,127.66999816894531,128.7899932861328,128.57000732421875,256393200,98.95951080322266
2008-08-14,130.27999877929688,127.75,127.83999633789062,129.5399932861328,239555300,99.70610046386719
2008-08-15,130.5,129.3000030517578,129.92999267578125,130.1699981689453,181000800,100.19100189208984
2008-08-18,130.47999572753906,127.66000366210938,130.42999267578125,128.38999938964844,172275100,98.82095336914062
2008-08-19,127.69000244140625,126.52999877929688,127.41999816894531,126.98999786376953,194673700,97.74337768554688
2008-08-20,127.94999694824219,126.33999633789062,127.38999938964844,127.58000183105469,225498200,98.19749450683594
2008-08-21,128.44000244140625,126.5999984741211,126.75,127.80000305175781,180609800,98.36683654785156
2008-08-22,129.64999389648438,127.80000305175781,128.6699981689453,129.64999389648438,167715300,99.79075622558594
2008-08-25,129.64999389648438,126.75,128.8000030517578,127.0199966430664,171936900,97.76646423339844
2008-08-26,127.87000274658203,126.58000183105469,127.0199966430664,127.38999938964844,159117200,98.05125427246094
2008-08-27,128.8300018310547,127.30000305175781,127.55000305175781,128.6300048828125,171032800,99.00566101074219
2008-08-28,130.33999633789062,129.11000061035156,129.27999877929688,130.19000244140625,167537100,100.2064208984375
2008-08-29,130.13999938964844,128.50999450683594,129.72999572753906,128.7899932861328,189195800,99.12883758544922
