Date,High,Low,Open,Close,Volume,Adj Close
2010-10-01,115.12000274658203,113.93000030517578,114.98999786376953,114.61000061035156,174638700,92.8244400024414
2010-10-04,114.8499984741211,113.18000030517578,114.37000274658203,113.75,166153200,92.1279296875
2010-10-05,116.31999969482422,114.66999816894531,114.80000305175781,116.04000091552734,229634100,93.98262023925781
2010-10-06,116.33000183105469,115.55999755859375,116.0199966430664,116.02999877929688,148626600,93.97453308105469
2010-10-07,116.52999877929688,115.19000244140625,116.5,115.88999938964844,164860000,93.86114501953125
2010-10-08,116.86000061035156,115.61000061035156,116.05000305175781,116.54000091552734,177760100,94.3875961303711
2010-10-11,116.97000122070312,116.25,116.72000122070312,116.6500015258789,103098300,94.47669982910156
2010-10-12,117.3499984741211,115.6500015258789,116.2699966430664,117.01000213623047,182210000,94.76824951171875
2010-10-13,118.55000305175781,117.37999725341797,117.66000366210938,117.91999816894531,194347200,95.50524139404297
2010-10-14,118.01000213623047,116.72000122070312,117.80999755859375,117.45999908447266,217764300,95.13270568847656
2010-10-15,118.3499984741211,116.76000213623047,118.27999877929688,117.69999694824219,243705000,95.32707977294922
2010-10-18,118.66999816894531,117.30999755859375,117.73999786376953,118.27999877929688,141204800,95.79683685302734
2010-10-19,117.8499984741211,116.0199966430664,117.19000244140625,116.7300033569336,280604700,94.54148864746094
2010-10-20,118.44000244140625,116.87000274658203,116.94000244140625,117.87000274658203,200051800,95.46476745605469
2010-10-21,119.08999633789062,117.20999908447266,118.4000015258789,118.12999725341797,221585500,95.67533111572266
2010-10-22,118.52999877929688,118.0,118.30999755859375,118.3499984741211,108212400,95.85354614257812
2010-10-25,119.76000213623047,118.61000061035156,119.13999938964844,118.69999694824219,151145700,96.13700866699219
2010-10-26,118.83999633789062,117.87000274658203,118.0999984741211,118.72000122070312,158982900,96.15321350097656
2010-10-27,118.51000213623047,117.26000213623047,117.88999938964844,118.37999725341797,190024000,95.87781524658203
2010-10-28,119.11000061035156,117.83000183105469,119.05999755859375,118.4000015258789,168576000,95.89404296875
2010-10-29,118.72000122070312,118.06999969482422,118.27999877929688,118.48999786376953,144305500,95.9669189453125
