Date,High,Low,Open,Close,Volume,Adj Close
2007-08-01,147.00999450683594,143.9499969482422,145.17999267578125,146.42999267578125,467670000,110.47953033447266
2007-08-02,147.75999450683594,145.25999450683594,146.75999450683594,147.60000610351562,294758400,111.36231231689453
2007-08-03,147.5800018310547,143.1999969482422,147.27999877929688,143.8000030517578,359398200,108.4952621459961
2007-08-06,146.8300018310547,142.52999877929688,144.2100067138672,146.2100067138672,324980000,110.31359100341797
2007-08-07,149.0,145.22999572753906,145.94000244140625,147.77000427246094,232568700,111.49055480957031
2007-08-08,150.58999633789062,147.33999633789062,148.41000366210938,149.8300018310547,274930600,113.04488372802734
2007-08-09,148.9499969482422,145.2899932861328,147.42999267578125,145.38999938964844,357622100,109.69493103027344
2007-08-10,146.5,143.1199951171875,144.38999938964844,144.7100067138672,411018400,109.18183898925781
2007-08-13,146.88999938964844,145.02000427246094,146.5,145.22999572753906,181917200,109.57417297363281
2007-08-14,146.05999755859375,142.72000122070312,145.6999969482422,143.00999450683594,264134500,107.89920043945312
2007-08-15,144.4600067138672,140.6199951171875,142.72000122070312,141.0399932861328,323834000,106.41291046142578
2007-08-16,142.94000244140625,137.0,139.7899932861328,142.10000610351562,546743700,107.21263885498047
2007-08-17,145.80999755859375,141.38999938964844,145.5,144.7100067138672,388218100,109.18183898925781
2007-08-20,145.47000122070312,143.2899932861328,145.1699981689453,144.63999938964844,187320400,109.12904357910156
2007-08-21,145.97000122070312,144.13999938964844,144.60000610351562,144.92999267578125,157066400,109.34786987304688
2007-08-22,146.8000030517578,145.3300018310547,146.00999450683594,146.64999389648438,173156700,110.64552307128906
2007-08-23,147.64999389648438,145.61000061035156,147.33999633789062,146.52000427246094,203915300,110.5474853515625
2007-08-24,148.3300018310547,146.27999877929688,146.47999572753906,148.3300018310547,128901900,111.91309356689453
2007-08-27,148.3300018310547,146.72999572753906,147.85000610351562,146.9499969482422,113024300,110.87188720703125
2007-08-28,146.25,143.4600067138672,146.16000366210938,143.72000122070312,219790700,108.43487548828125
2007-08-29,146.74000549316406,143.9600067138672,144.3699951171875,146.5399932861328,207654200,110.56254577636719
2007-08-30,147.19000244140625,145.30999755859375,145.4499969482422,146.14999389648438,191817300,110.26831817626953
2007-08-31,148.5,146.8300018310547,147.64999389648438,147.58999633789062,185477500,111.35476684570312
