Date,High,Low,Open,Close,Volume,Adj Close
2015-06-01,212.33999633789062,210.6199951171875,211.94000244140625,211.57000732421875,93338800.0,187.817138671875
2015-06-02,212.19000244140625,210.27000427246094,211.02000427246094,211.36000061035156,91531000.0,187.63067626953125
2015-06-03,212.6699981689453,211.3300018310547,212.0,211.9199981689453,87820900.0,188.12782287597656
2015-06-04,211.86000061035156,209.75,211.07000732421875,210.1300048828125,151882800.0,186.5387725830078
2015-06-05,210.5800018310547,208.97999572753906,209.9499969482422,209.77000427246094,121704700.0,186.21917724609375
2015-06-08,209.82000732421875,208.38999938964844,209.63999938964844,208.47999572753906,89063300.0,185.0740203857422
2015-06-09,209.10000610351562,207.69000244140625,208.4499969482422,208.4499969482422,105034700.0,185.04737854003906
2015-06-10,211.41000366210938,209.3000030517578,209.3699951171875,210.9499969482422,134551300.0,187.26670837402344
2015-06-11,212.08999633789062,211.1999969482422,211.47999572753906,211.6300048828125,73876400.0,187.87039184570312
2015-06-12,211.47999572753906,209.67999267578125,210.63999938964844,210.00999450683594,135382400.0,186.4322509765625
2015-06-15,209.4499969482422,207.7899932861328,208.63999938964844,209.11000061035156,124384200.0,185.63333129882812
2015-06-16,210.35000610351562,208.72000122070312,208.92999267578125,210.25,85308200.0,186.64532470703125
2015-06-17,211.32000732421875,209.36000061035156,210.58999633789062,210.58999633789062,126708600.0,186.9471435546875
2015-06-18,213.33999633789062,210.6300048828125,211.30999755859375,212.77999877929688,165867900.0,188.89125061035156
2015-06-19,211.5500030517578,210.36000061035156,211.4600067138672,210.80999755859375,130478700.0,188.05276489257812
2015-06-22,212.58999633789062,211.63999938964844,211.91000366210938,211.88999938964844,70696000.0,189.01617431640625
2015-06-23,212.44000244140625,211.57000732421875,212.13999938964844,212.0399932861328,68476800.0,189.1499786376953
2015-06-24,212.1699981689453,210.47000122070312,211.72000122070312,210.5,92307300.0,187.77622985839844
2015-06-25,211.25,209.77000427246094,211.10000610351562,209.86000061035156,97107400.0,187.2052764892578
2015-06-26,210.5800018310547,209.16000366210938,210.2899932861328,209.82000732421875,104174800.0,187.1696014404297
2015-06-29,209.8300018310547,205.3300018310547,208.0500030517578,205.4199981689453,202621300.0,183.24459838867188
2015-06-30,207.32000732421875,205.27999877929688,207.25999450683594,205.85000610351562,182925100.0,183.628173828125
