Date,High,Low,Open,Close,Volume,Adj Close
2006-02-01,128.42999267578125,127.72000122070312,127.81999969482422,128.38999938964844,63561000,94.32752227783203
2006-02-02,128.13999938964844,126.80000305175781,128.10000610351562,126.9000015258789,83626900,93.23281860351562
2006-02-03,128.38999938964844,126.13999938964844,126.58000183105469,126.2699966430664,86040400,92.76998138427734
2006-02-06,126.80000305175781,126.16999816894531,126.44000244140625,126.5999984741211,45511900,93.01240539550781
2006-02-07,126.66000366210938,125.4000015258789,126.37999725341797,125.4800033569336,71208100,92.18953704833984
2006-02-08,128.10000610351562,125.5999984741211,125.8499984741211,126.62000274658203,59422200,93.027099609375
2006-02-09,127.5999984741211,126.37000274658203,126.91999816894531,126.41000366210938,62023300,92.87281799316406
2006-02-10,127.12999725341797,125.44999694824219,126.43000030517578,126.63999938964844,64508700,93.04181671142578
2006-02-13,126.79000091552734,125.94999694824219,126.5999984741211,126.41000366210938,52308700,92.87281799316406
2006-02-14,128.02999877929688,126.20999908447266,126.45999908447266,127.75,90964400,93.85729217529297
2006-02-15,128.32000732421875,127.23999786376953,127.68000030517578,128.1999969482422,85471300,94.18792724609375
2006-02-16,129.2100067138672,128.17999267578125,128.33999633789062,129.16000366210938,61017900,94.8932113647461
2006-02-17,129.16000366210938,128.5800018310547,129.0500030517578,128.80999755859375,40342600,94.63609313964844
2006-02-21,129.39999389648438,128.2899932861328,129.11000061035156,128.49000549316406,46456300,94.40099334716797
2006-02-22,129.64999389648438,128.64999389648438,128.77000427246094,129.27000427246094,42326700,94.97403717041016
2006-02-23,129.63999938964844,128.27999877929688,129.27000427246094,129.0800018310547,43423200,94.83444213867188
2006-02-24,129.47999572753906,128.75999450683594,129.11000061035156,129.41000366210938,36777400,95.07689666748047
2006-02-27,130.0399932861328,129.27999877929688,129.39999389648438,129.4600067138672,35858600,95.11363220214844
2006-02-28,129.91000366210938,128.1300048828125,129.1999969482422,128.22999572753906,74394800,94.2099609375
