Date,High,Low,Open,Close,Volume,Adj Close
2009-06-01,95.16999816894531,93.43000030517578,93.66999816894531,94.7699966430664,276246800.0,74.49101257324219
2009-06-02,95.37000274658203,94.2300033569336,94.4000015258789,94.8499984741211,230874500.0,74.55387878417969
2009-06-03,94.12999725341797,92.76000213623047,94.04000091552734,93.6500015258789,235310500.0,73.61067962646484
2009-06-04,94.66999816894531,93.30000305175781,94.0,94.52999877929688,210102300.0,74.3023681640625
2009-06-05,95.66999816894531,93.80000305175781,95.48999786376953,94.55000305175781,284257900.0,74.31809997558594
2009-06-08,95.0999984741211,93.04000091552734,93.83999633789062,94.16000366210938,238565100.0,74.01155090332031
2009-06-09,95.13999938964844,94.0199966430664,94.69000244140625,94.63999938964844,225125500.0,74.3888168334961
2009-06-10,95.48999786376953,93.19000244140625,95.4800033569336,94.4000015258789,296100400.0,74.20018768310547
2009-06-11,96.11000061035156,94.55999755859375,94.58000183105469,94.81999969482422,275414200.0,74.53034973144531
2009-06-12,95.13999938964844,94.0,94.4000015258789,95.08000183105469,184361800.0,74.73470306396484
2009-06-15,94.0199966430664,92.4000015258789,93.95999908447266,92.9000015258789,224190500.0,73.02116394042969
2009-06-16,93.29000091552734,91.58000183105469,93.2300033569336,91.63999938964844,227319000.0,72.03077697753906
2009-06-17,92.33000183105469,90.83000183105469,91.5999984741211,91.55000305175781,223445200.0,71.96004486083984
2009-06-18,92.66999816894531,91.25,91.69000244140625,92.22000122070312,211725100.0,72.48666381835938
2009-06-19,92.69999694824219,91.5199966430664,92.58000183105469,92.04000091552734,215655600.0,72.75383758544922
2009-06-22,91.19000244140625,89.25,91.13999938964844,89.27999877929688,251913600.0,70.57218170166016
2009-06-23,89.87999725341797,88.8499984741211,89.47000122070312,89.3499984741211,188309800.0,70.62751770019531
2009-06-24,91.08000183105469,89.5999984741211,90.16000366210938,90.12000274658203,211577700.0,71.23616027832031
2009-06-25,92.16999816894531,89.56999969482422,89.66999816894531,92.08000183105469,279411000.0,72.78543090820312
2009-06-26,92.23999786376953,91.2699966430664,91.7699966430664,91.83999633789062,167579000.0,72.59575653076172
2009-06-29,92.81999969482422,91.5999984741211,92.11000061035156,92.69999694824219,168481300.0,73.27555084228516
2009-06-30,93.05999755859375,91.2699966430664,92.72000122070312,91.94999694824219,228888200.0,72.6827163696289
