Date,High,Low,Open,Close,Volume,Adj Close
2019-03-01,280.8800048828125,278.82000732421875,280.44000244140625,280.4200134277344,78880500.0,268.4034118652344
2019-03-04,281.8699951171875,276.8399963378906,281.6000061035156,279.3999938964844,106494600.0,267.4270935058594
2019-03-05,279.760009765625,278.4100036621094,279.5400085449219,279.0199890136719,59114600.0,267.0633544921875
2019-03-06,279.1600036621094,276.9700012207031,279.1499938964844,277.3299865722656,75039800.0,265.4457702636719
2019-03-07,276.989990234375,274.07000732421875,276.8299865722656,275.010009765625,94885100.0,263.2252197265625
2019-03-08,274.6499938964844,272.4200134277344,272.94000244140625,274.4599914550781,85795800.0,262.69873046875
2019-03-11,278.6199951171875,275.2300109863281,275.260009765625,278.44000244140625,65098900.0,266.5082092285156
2019-03-12,280.07000732421875,278.8500061035156,279.05999755859375,279.489990234375,79667500.0,267.51324462890625
2019-03-13,282.3800048828125,280.29998779296875,280.4800109863281,281.3399963378906,80639200.0,269.28399658203125
2019-03-14,281.8399963378906,280.6700134277344,281.3699951171875,281.1600036621094,67518400.0,269.11163330078125
2019-03-15,282.2099914550781,280.3299865722656,280.5400085449219,281.30999755859375,81309000.0,270.4412841796875
2019-03-18,282.6600036621094,281.29998779296875,281.54998779296875,282.3299865722656,62199800.0,271.4218444824219
2019-03-19,284.3599853515625,281.4100036621094,283.510009765625,282.3999938964844,90268100.0,271.4891357421875
2019-03-20,283.5,280.32000732421875,282.1600036621094,281.54998779296875,84609200.0,270.67193603515625
2019-03-21,285.17999267578125,280.5899963378906,280.6400146484375,284.7300109863281,79550400.0,273.7291564941406
2019-03-22,283.79998779296875,279.17999267578125,283.2200012207031,279.25,122659300.0,268.4608459472656
2019-03-25,280.19000244140625,277.6400146484375,278.8699951171875,279.0400085449219,85575200.0,268.2589416503906
2019-03-26,282.17999267578125,279.55999755859375,280.989990234375,281.1199951171875,68125900.0,270.25860595703125
2019-03-27,281.760009765625,277.92999267578125,281.1099853515625,279.6499938964844,72224700.0,268.84539794921875
2019-03-28,281.2099914550781,279.07000732421875,280.3500061035156,280.7099914550781,56238500.0,269.8644104003906
2019-03-29,282.8399963378906,281.1400146484375,282.3900146484375,282.4800109863281,82186800.0,271.5660095214844
