Date,High,Low,Open,Close,Volume,Adj Close
2016-07-01,210.49000549316406,209.2899932861328,209.47999572753906,209.9199981689453,106055300,191.31900024414062
2016-07-05,209.0800018310547,207.7100067138672,208.9499969482422,208.41000366210938,109803700,189.94281005859375
2016-07-06,209.8000030517578,207.05999755859375,207.8300018310547,209.66000366210938,96021500,191.08206176757812
2016-07-07,210.64999389648438,208.6300048828125,209.8699951171875,209.52999877929688,85593800,190.9635467529297
2016-07-08,212.94000244140625,210.77999877929688,211.0500030517578,212.64999389648438,133971000,193.80714416503906
2016-07-11,214.07000732421875,212.9499969482422,213.19000244140625,213.39999389648438,73633900,194.4906463623047
2016-07-12,215.3000030517578,213.42999267578125,214.52999877929688,214.9499969482422,101275600,195.90328979492188
2016-07-13,215.4499969482422,214.35000610351562,215.44000244140625,214.9199981689453,87324100,195.87594604492188
2016-07-14,216.6699981689453,215.66000366210938,216.39999389648438,216.1199951171875,91230900,196.96961975097656
2016-07-15,217.00999450683594,215.30999755859375,216.77999877929688,215.8300018310547,107155400,196.705322265625
2016-07-18,216.60000610351562,215.6699981689453,215.97000122070312,216.41000366210938,58725900,197.23390197753906
2016-07-19,216.22999572753906,215.6300048828125,215.9199981689453,216.19000244140625,54345700,197.03341674804688
2016-07-20,217.3699951171875,216.19000244140625,216.19000244140625,217.08999633789062,58159500,197.85369873046875
2016-07-21,217.22000122070312,215.75,216.9600067138672,216.27000427246094,67777300,197.10633850097656
2016-07-22,217.3000030517578,216.10000610351562,216.41000366210938,217.24000549316406,62787500,197.99037170410156
2016-07-25,217.05999755859375,215.97000122070312,217.0,216.64999389648438,55873100,197.45266723632812
2016-07-26,217.1699981689453,215.75999450683594,216.52999877929688,216.75,70080500,197.54383850097656
2016-07-27,217.27000427246094,215.6199951171875,217.19000244140625,216.52000427246094,84083900,197.3341827392578
2016-07-28,217.11000061035156,215.75,216.2899932861328,216.77000427246094,65035700,197.56204223632812
2016-07-29,217.5399932861328,216.1300048828125,216.4600067138672,217.1199951171875,79519400,197.88104248046875
