Date,High,Low,Open,Close,Volume,Adj Close
2000-04-03,151.25,148.6875,150.125,151.25,8508200,101.66132354736328
2000-04-04,153.0,141.390625,151.75,150.125,19585500,100.9051513671875
2000-04-05,150.8125,147.625,147.875,149.1875,8387200,100.2750244140625
2000-04-06,151.6875,149.0,150.25,150.484375,6378500,101.14671325683594
2000-04-07,152.125,150.5,151.5625,151.4375,6023600,101.78730773925781
2000-04-10,153.109375,150.3125,151.75,150.84375,9624200,101.38829803466797
2000-04-11,151.625,148.375,150.0,150.40625,9006400,101.09422302246094
2000-04-12,151.15625,146.15625,150.375,146.28125,10779200,98.32164764404297
2000-04-13,148.15625,143.78125,147.46875,144.25,12225800,96.95633697509766
2000-04-14,142.8125,133.5,142.625,136.0,29604000,91.41117858886719
2000-04-17,140.75,134.6875,135.1875,140.75,23918200,94.6038589477539
2000-04-18,144.46875,139.78125,140.5625,144.46875,11069200,97.10334014892578
2000-04-19,145.125,142.53125,144.5,143.125,6553700,96.2001953125
2000-04-20,143.9375,142.375,143.5625,143.8125,8537600,96.66230773925781
2000-04-24,143.3125,140.5,141.5,142.25,12893100,95.6120834350586
2000-04-25,148.15625,144.4375,144.625,148.15625,14102000,99.58187866210938
2000-04-26,148.75,146.0,147.96875,146.484375,7711100,98.45816040039062
2000-04-27,147.34375,143.0,143.0,146.0,15595300,98.13259887695312
2000-04-28,147.859375,145.0625,147.0,145.09375,8743400,97.52344512939453
