Date,High,Low,Open,Close,Volume,Adj Close
2004-08-02,111.36000061035156,110.05000305175781,110.19000244140625,111.06999969482422,38263100,79.24565887451172
2004-08-03,111.05999755859375,110.16000366210938,110.93000030517578,110.20999908447266,40948800,78.63204956054688
2004-08-04,110.75,109.63999938964844,109.88999938964844,110.19999694824219,40763200,78.62490844726562
2004-08-05,110.37999725341797,108.2699966430664,110.29000091552734,108.4000015258789,50772000,77.34066009521484
2004-08-06,107.95999908447266,106.62000274658203,107.62999725341797,106.8499984741211,74729000,76.23477172851562
2004-08-09,107.4800033569336,106.87000274658203,107.0199966430664,107.0,37476300,76.34181213378906
2004-08-10,108.41000366210938,107.26000213623047,107.30999755859375,108.37999725341797,55870600,77.32637023925781
2004-08-11,108.33000183105469,107.0999984741211,107.68000030517578,108.16000366210938,52933200,77.1694107055664
2004-08-12,107.94999694824219,106.62999725341797,107.68000030517578,106.9800033569336,50015900,76.32750701904297
2004-08-13,107.3499984741211,106.58999633789062,107.0999984741211,107.19000244140625,41634700,76.47737121582031
2004-08-16,108.63999938964844,107.0999984741211,107.13999938964844,108.30000305175781,45731900,77.26934051513672
2004-08-17,109.27999877929688,108.52999877929688,108.75,108.91000366210938,40701600,77.70453643798828
2004-08-18,110.16999816894531,108.48999786376953,108.5199966430664,110.02999877929688,43165400,78.50361633300781
2004-08-19,110.0199966430664,109.18000030517578,109.80999755859375,109.70999908447266,39881600,78.27534484863281
2004-08-20,110.62999725341797,109.51000213623047,109.61000061035156,110.4800033569336,44870900,78.82469940185547
2004-08-23,110.7699966430664,110.05000305175781,110.55000305175781,110.19999694824219,33745100,78.62490844726562
2004-08-24,110.7300033569336,109.8499984741211,110.63999938964844,110.3499984741211,30453100,78.7319564819336
2004-08-25,111.2699966430664,109.9000015258789,110.33000183105469,111.0999984741211,38551400,79.26703643798828
2004-08-26,111.30999755859375,110.8499984741211,110.95999908447266,111.0999984741211,26629500,79.26703643798828
2004-08-27,111.62999725341797,111.05000305175781,111.19999694824219,111.44999694824219,24902900,79.51675415039062
2004-08-30,111.33999633789062,110.44999694824219,111.22000122070312,110.52999877929688,26726500,78.86034393310547
2004-08-31,111.16000366210938,110.0999984741211,110.66000366210938,111.11000061035156,44125300,79.27420806884766
