Date,High,Low,Open,Close,Volume,Adj Close
2000-12-01,134.0625,131.0,133.1875,132.21875,7587200.0,89.30267333984375
2000-12-04,133.875,131.5,131.875,133.34375,6996600.0,90.06251525878906
2000-12-05,138.25,134.40625,134.875,137.71875,8883400.0,93.01747131347656
2000-12-06,138.34375,135.03125,137.78125,135.515625,12888000.0,91.52944946289062
2000-12-07,135.875,133.65625,134.875,133.65625,6529100.0,90.2735595703125
2000-12-08,139.46875,133.875,137.0625,133.96875,10276300.0,90.484619140625
2000-12-11,139.5625,136.71875,137.375,138.625,6405600.0,93.62957000732422
2000-12-12,138.8125,137.375,138.1875,138.03125,5022900.0,93.228515625
2000-12-13,139.40625,136.03125,139.25,136.140625,6070500.0,91.95156860351562
2000-12-14,136.5,134.03125,135.875,134.40625,7678400.0,90.78016662597656
2000-12-15,133.125,130.5625,133.125,130.96875,9065300.0,88.72975158691406
2000-12-18,133.46875,131.765625,132.0625,132.71875,7235400.0,89.91535186767578
2000-12-19,134.96875,130.015625,132.46875,130.015625,9616600.0,88.08397674560547
2000-12-20,128.9375,126.09375,128.625,126.25,9994300.0,85.5328369140625
2000-12-21,128.859375,125.53125,126.0,127.125,14331500.0,86.12562561035156
2000-12-22,131.109375,128.84375,129.0,130.9375,10182900.0,88.70857238769531
2000-12-26,132.34375,130.28125,130.84375,132.34375,4665300.0,89.66129302978516
2000-12-27,133.734375,131.25,131.75,133.3125,4854100.0,90.3176040649414
2000-12-28,133.875,132.59375,132.8125,133.71875,8358700.0,90.5927963256836
2000-12-29,134.28125,131.1875,134.0625,131.1875,8774600.0,88.8779296875
