Date,High,Low,Open,Close,Volume,Adj Close
2013-09-03,165.5800018310547,163.6999969482422,165.22999572753906,164.38999938964844,142375100.0,141.04400634765625
2013-09-04,166.02999877929688,164.1300048828125,164.42999267578125,165.75,97389400.0,142.2108612060547
2013-09-05,166.39999389648438,165.72999572753906,165.85000610351562,165.9600067138672,63090500.0,142.39105224609375
2013-09-06,166.97999572753906,164.47999572753906,166.50999450683594,166.0399932861328,159756500.0,142.45968627929688
2013-09-09,167.72999572753906,166.4499969482422,166.4499969482422,167.6300048828125,87559300.0,143.82391357421875
2013-09-10,168.89999389648438,168.25999450683594,168.63999938964844,168.8699951171875,105847200.0,144.8877716064453
2013-09-11,169.39999389648438,168.35000610351562,168.63999938964844,169.39999389648438,94545900.0,145.34254455566406
2013-09-12,169.55999755859375,168.72000122070312,169.33999633789062,168.9499969482422,83209000.0,144.95645141601562
2013-09-13,169.4600067138672,168.74000549316406,169.1300048828125,169.3300018310547,72727800.0,145.28240966796875
2013-09-16,171.24000549316406,170.0399932861328,171.16000366210938,170.30999755859375,106299200.0,146.12327575683594
2013-09-17,171.11000061035156,170.4600067138672,170.4600067138672,171.07000732421875,82523300.0,146.77536010742188
2013-09-18,173.52000427246094,170.5800018310547,171.00999450683594,173.0500030517578,203460600.0,148.4741668701172
2013-09-19,173.60000610351562,172.58999633789062,173.52000427246094,172.75999450683594,146616900.0,148.22535705566406
2013-09-20,172.3300018310547,170.5800018310547,172.3300018310547,170.72000122070312,132867100.0,147.18905639648438
2013-09-23,170.64999389648438,169.38999938964844,170.49000549316406,169.92999267578125,104616500.0,146.50790405273438
2013-09-24,170.52999877929688,169.2100067138672,169.89999389648438,169.52999877929688,106333100.0,146.1630401611328
2013-09-25,169.97999572753906,168.88999938964844,169.63999938964844,169.0399932861328,117306500.0,145.74058532714844
2013-09-26,170.1699981689453,169.0500030517578,169.32000732421875,169.69000244140625,77146900.0,146.30101013183594
2013-09-27,169.13999938964844,168.47000122070312,168.83999633789062,168.91000366210938,99141800.0,145.6284942626953
2013-09-30,168.5399932861328,167.14999389648438,167.47999572753906,168.00999450683594,143937000.0,144.85256958007812
