Date,High,Low,Open,Close,Volume,Adj Close
2005-11-01,120.9000015258789,120.22000122070312,120.58000183105469,120.48999786376953,66365100,88.05661010742188
2005-11-02,121.75,120.12999725341797,120.16999816894531,121.75,74012300,88.97748565673828
2005-11-03,122.66000366210938,121.75,122.1500015258789,122.2699966430664,84897600,89.35750579833984
2005-11-04,122.45999908447266,121.55000305175781,122.4000015258789,122.11000061035156,59156000,89.24058532714844
2005-11-07,122.62000274658203,121.8499984741211,122.37000274658203,122.2300033569336,46765400,89.3282470703125
2005-11-08,122.41999816894531,121.79000091552734,121.93000030517578,122.2300033569336,42152800,89.3282470703125
2005-11-09,122.94999694824219,121.86000061035156,122.08000183105469,122.38999938964844,57666800,89.44515991210938
2005-11-10,123.5199966430664,121.75,122.33999633789062,123.33999633789062,79048100,90.13945007324219
2005-11-11,123.83999633789062,122.43000030517578,123.3499984741211,123.76000213623047,34867000,90.4464111328125
2005-11-14,124.0199966430664,123.37999725341797,123.79000091552734,123.69000244140625,45092200,90.3952865600586
2005-11-15,124.08999633789062,122.86000061035156,123.55000305175781,123.23999786376953,69592500,90.06640625
2005-11-16,123.55000305175781,122.9800033569336,123.37000274658203,123.48999786376953,51133000,90.24908447265625
2005-11-17,124.6500015258789,123.13999938964844,123.68000030517578,124.63999938964844,55717500,91.08953094482422
2005-11-18,125.27999877929688,124.33000183105469,125.05999755859375,125.12999725341797,72437200,91.4476318359375
2005-11-21,125.91000366210938,124.9800033569336,125.1500015258789,125.76000213623047,50021200,91.90802764892578
2005-11-22,126.5199966430664,125.41999816894531,125.55999755859375,126.30000305175781,66438800,92.30268859863281
2005-11-23,127.41000366210938,126.20999908447266,126.25,127.02999877929688,50854700,92.836181640625
2005-11-25,127.22000122070312,126.80999755859375,126.9800033569336,127.12999725341797,15270000,92.90930938720703
2005-11-28,127.2699966430664,126.04000091552734,127.25,126.2300033569336,54498500,92.25153350830078
2005-11-29,126.9800033569336,126.08999633789062,126.6500015258789,126.08999633789062,51738900,92.14921569824219
2005-11-30,126.5199966430664,125.29000091552734,126.16000366210938,125.41000366210938,56007200,91.65226745605469
