Date,High,Low,Open,Close,Volume,Adj Close
2017-06-01,243.3800048828125,241.63999938964844,241.97000122070312,243.36000061035156,68962000.0,225.20565795898438
2017-06-02,244.35000610351562,243.0800018310547,243.4199981689453,244.1699981689453,88666100.0,225.95523071289062
2017-06-05,244.3000030517578,243.75999450683594,243.97000122070312,243.99000549316406,44698800.0,225.78868103027344
2017-06-06,243.97999572753906,243.1199951171875,243.33999633789062,243.2100067138672,50375400.0,225.0668487548828
2017-06-07,243.9199981689453,242.8300018310547,243.60000610351562,243.66000366210938,54144300.0,225.48329162597656
2017-06-08,244.3300018310547,243.1699981689453,243.77000427246094,243.77999877929688,65950700.0,225.5943145751953
2017-06-09,245.00999450683594,241.9499969482422,244.08999633789062,243.41000366210938,132256400.0,225.251953125
2017-06-12,243.4199981689453,242.3800048828125,243.1300048828125,243.36000061035156,86108100.0,225.20565795898438
2017-06-13,244.61000061035156,243.5800018310547,243.97999572753906,244.5500030517578,60067000.0,226.306884765625
2017-06-14,244.8699951171875,243.2899932861328,244.86000061035156,244.24000549316406,78602300.0,226.02001953125
2017-06-15,243.91000366210938,242.36000061035156,242.67999267578125,243.77000427246094,66464900.0,225.58505249023438
2017-06-16,242.8300018310547,241.6300048828125,242.77000427246094,242.63999938964844,84553100.0,225.63436889648438
2017-06-19,244.72999572753906,243.47999572753906,243.58999633789062,244.66000366210938,65123800.0,227.5127716064453
2017-06-20,244.25999450683594,242.99000549316406,244.25,243.00999450683594,56906400.0,225.97842407226562
2017-06-21,243.58999633789062,242.41000366210938,243.4600067138672,242.9499969482422,55977600.0,225.92262268066406
2017-06-22,243.52999877929688,242.63999938964844,242.9600067138672,242.83999633789062,44148100.0,225.82034301757812
2017-06-23,243.50999450683594,242.47000122070312,242.91000366210938,243.1300048828125,66986800.0,226.09007263183594
2017-06-26,244.3800048828125,243.0500030517578,243.89999389648438,243.2899932861328,56700500.0,226.23880004882812
2017-06-27,243.3800048828125,241.30999755859375,243.0399932861328,241.3300018310547,82247700.0,224.41619873046875
2017-06-28,243.72000122070312,242.22999572753906,242.5,243.49000549316406,70042600.0,226.4248046875
2017-06-29,243.72000122070312,239.9600067138672,243.66000366210938,241.35000610351562,106949700.0,224.43478393554688
2017-06-30,242.7100067138672,241.5800018310547,242.27999877929688,241.8000030517578,86820700.0,224.8532257080078
