Date,High,Low,Open,Close,Volume,Adj Close
2013-11-01,176.61000061035156,175.22000122070312,176.02000427246094,176.2100067138672,142805000,151.92234802246094
2013-11-04,176.89999389648438,175.97999572753906,176.69000244140625,176.8300018310547,85677000,152.45689392089844
2013-11-05,176.75,175.57000732421875,176.13999938964844,176.27000427246094,85825000,151.9740447998047
2013-11-06,177.5,176.5399932861328,177.02999877929688,177.1699981689453,87348000,152.75003051757812
2013-11-07,177.63999938964844,174.75999450683594,177.5,174.92999267578125,157000000,150.8187713623047
2013-11-08,177.30999755859375,174.85000610351562,174.8699951171875,177.2899932861328,136713000,152.85350036621094
2013-11-11,177.52999877929688,176.91000366210938,177.1199951171875,177.32000732421875,62614000,152.8793182373047
2013-11-12,177.36000061035156,176.3699951171875,176.94000244140625,176.9600067138672,83990000,152.5689239501953
2013-11-13,178.42999267578125,176.08999633789062,176.08999633789062,178.3800048828125,103844000,153.793212890625
2013-11-14,179.4199981689453,178.25,178.5399932861328,179.27000427246094,103435000,154.56056213378906
2013-11-15,180.1199951171875,179.3300018310547,179.55999755859375,180.0500030517578,102818000,155.2330322265625
2013-11-18,180.5,179.02000427246094,180.35000610351562,179.4199981689453,104796000,154.6898651123047
2013-11-19,179.8699951171875,178.72000122070312,179.3300018310547,179.02999877929688,93891000,154.35362243652344
2013-11-20,179.92999267578125,177.97999572753906,179.38999938964844,178.47000122070312,124909000,153.87081909179688
2013-11-21,180.0500030517578,178.86000061035156,178.97000122070312,179.91000366210938,92841000,155.1123046875
2013-11-22,180.8300018310547,179.77000427246094,179.97999572753906,180.80999755859375,81296000,155.88829040527344
2013-11-25,181.1699981689453,180.3699951171875,181.1300048828125,180.6300048828125,79486000,155.73313903808594
2013-11-26,181.22000122070312,180.41000366210938,180.72000122070312,180.67999267578125,86994000,155.77622985839844
2013-11-27,181.24000549316406,180.64999389648438,180.8699951171875,181.1199951171875,58800000,156.15557861328125
2013-11-29,181.75,180.8000030517578,181.32000732421875,181.0,55870900,156.05210876464844
