Date,High,Low,Open,Close,Volume,Adj Close
2017-08-01,247.5,246.72000122070312,247.4600067138672,247.32000732421875,55050400,229.9863739013672
2017-08-02,247.60000610351562,246.3699951171875,247.47000122070312,247.44000244140625,47211200,230.0979766845703
2017-08-03,247.33999633789062,246.63999938964844,247.30999755859375,246.9600067138672,40856000,229.651611328125
2017-08-04,247.7899932861328,246.97000122070312,247.52000427246094,247.41000366210938,60191800,230.07005310058594
2017-08-07,247.8699951171875,247.3699951171875,247.49000549316406,247.8699951171875,31995000,230.49778747558594
2017-08-08,248.91000366210938,246.8300018310547,247.50999450683594,247.25999450683594,61719400,229.93057250976562
2017-08-09,247.30999755859375,246.05999755859375,246.47000122070312,247.25,62632600,229.92124938964844
2017-08-10,246.44000244140625,243.6999969482422,246.2899932861328,243.75999450683594,120479500,226.67588806152344
2017-08-11,244.8000030517578,243.75,244.02000427246094,244.1199951171875,74869900,227.0106201171875
2017-08-14,246.7899932861328,245.5500030517578,245.58999633789062,246.5399932861328,73291900,229.2610321044922
2017-08-15,247.0,246.16000366210938,246.97999572753906,246.50999450683594,55242700,229.23313903808594
2017-08-16,247.57000732421875,246.4499969482422,247.11000061035156,246.94000244140625,56715500,229.63296508789062
2017-08-17,246.60000610351562,243.08999633789062,246.24000549316406,243.08999633789062,128490400,226.05282592773438
2017-08-18,244.19000244140625,242.1999969482422,242.89999389648438,242.7100067138672,136748000,225.69949340820312
2017-08-21,243.1999969482422,241.8300018310547,242.63999938964844,242.89999389648438,65469700,225.87615966796875
2017-08-22,245.6199951171875,243.5500030517578,243.57000732421875,245.44000244140625,63140100,228.2381134033203
2017-08-23,245.0500030517578,244.16000366210938,244.3300018310547,244.55999755859375,50203800,227.41978454589844
2017-08-24,245.17999267578125,243.75,245.0,243.99000549316406,50741700,226.8897705078125
2017-08-25,245.61000061035156,244.38999938964844,244.89999389648438,244.55999755859375,64445900,227.41978454589844
2017-08-28,245.1999969482422,244.08999633789062,245.1699981689453,244.57000732421875,40565600,227.42909240722656
2017-08-29,245.14999389648438,242.92999267578125,243.05999755859375,244.85000610351562,51135700,227.689453125
2017-08-30,246.32000732421875,244.6199951171875,244.8300018310547,246.00999450683594,62030800,228.76817321777344
2017-08-31,247.77000427246094,246.0500030517578,246.72000122070312,247.49000549316406,103803900,230.1444549560547
