Date,High,Low,Open,Close,Volume,Adj Close
2019-10-01,298.4599914550781,293.0,297.739990234375,293.239990234375,88242400,284.5896301269531
2019-10-02,291.510009765625,286.6400146484375,291.5,288.05999755859375,122539500,279.56243896484375
2019-10-03,290.45001220703125,284.82000732421875,287.80999755859375,290.4200134277344,85278800,281.8528137207031
2019-10-04,294.6300048828125,291.0799865722656,291.1400146484375,294.3500061035156,65091200,285.6669006347656
2019-10-07,295.260009765625,292.7699890136719,293.4700012207031,293.0799865722656,59610500,284.434326171875
2019-10-08,291.8500061035156,288.489990234375,291.0400085449219,288.5299987792969,95708100,280.0185852050781
2019-10-09,292.29998779296875,290.05999755859375,290.75,291.2699890136719,62359400,282.677734375
2019-10-10,294.2099914550781,291.0,291.17999267578125,293.239990234375,55296300,284.5896301269531
2019-10-11,298.739990234375,296.1400146484375,296.2699890136719,296.2799987792969,98720400,287.5399475097656
2019-10-14,296.6700134277344,295.57000732421875,295.92999267578125,295.95001220703125,40394800,287.2196960449219
2019-10-15,299.70001220703125,296.9700012207031,297.1000061035156,298.8800048828125,46754500,290.0632019042969
2019-10-16,299.1600036621094,297.9200134277344,298.3699951171875,298.3999938964844,48928200,289.597412109375
2019-10-17,300.239990234375,298.5199890136719,299.67999267578125,299.2799987792969,45736600,290.45147705078125
2019-10-18,299.3999938964844,297.0299987792969,298.69000244140625,297.9700012207031,64304000,289.1800842285156
2019-10-21,300.2099914550781,298.94000244140625,299.4200134277344,299.989990234375,39048600,291.14044189453125
2019-10-22,300.8999938964844,298.9100036621094,300.5799865722656,299.010009765625,48594700,290.18939208984375
2019-10-23,299.94000244140625,298.5,298.7300109863281,299.8800048828125,34352200,291.03375244140625
2019-10-24,301.07000732421875,299.4599914550781,300.9100036621094,300.3699951171875,35453100,291.5093078613281
2019-10-25,302.20001220703125,299.67999267578125,299.739990234375,301.6000061035156,45205400,292.7030029296875
2019-10-28,303.8500061035156,302.9100036621094,302.94000244140625,303.29998779296875,42147000,294.35284423828125
2019-10-29,304.2300109863281,302.8599853515625,303.0,303.2099914550781,44284900,294.2655029296875
2019-10-30,304.54998779296875,301.989990234375,303.42999267578125,304.1400146484375,49643900,295.1680908203125
2019-10-31,304.1300048828125,301.7300109863281,304.1300048828125,303.3299865722656,69053800,294.3819885253906
