Date,High,Low,Open,Close,Volume,Adj Close
2002-05-01,109.25,106.80000305175781,107.97000122070312,109.18000030517578,24575600,75.12867736816406
2002-05-02,109.91000366210938,107.77999877929688,109.0999984741211,108.76000213623047,15666800,74.8396987915039
2002-05-03,108.76000213623047,107.19999694824219,108.5999984741211,107.58000183105469,18185500,74.02767944335938
2002-05-06,107.98999786376953,105.30999755859375,107.63999938964844,105.47000122070312,23630400,72.57573699951172
2002-05-07,106.31999969482422,104.9000015258789,106.0999984741211,105.0999984741211,21910000,72.32118225097656
2002-05-08,109.36000061035156,106.79000091552734,107.05000305175781,109.01000213623047,27917400,75.01170349121094
2002-05-09,109.0999984741211,107.58000183105469,108.6500015258789,107.75,18085600,74.14469146728516
2002-05-10,108.05000305175781,105.5999984741211,107.97000122070312,105.72000122070312,18958900,72.74784088134766
2002-05-13,107.94999694824219,105.79000091552734,106.22000122070312,107.87000274658203,14677700,74.22724151611328
2002-05-14,110.37000274658203,109.0,109.62000274658203,110.22000122070312,34201200,75.84432220458984
2002-05-15,110.91000366210938,109.29000091552734,109.5,109.79000091552734,29535300,75.54843139648438
2002-05-16,110.4800033569336,109.33000183105469,109.69999694824219,110.36000061035156,28092000,75.94065856933594
2002-05-17,111.25,110.0999984741211,110.66000366210938,110.9000015258789,27823700,76.31224822998047
2002-05-20,110.69000244140625,109.48999786376953,110.63999938964844,109.69999694824219,13833800,75.48650360107422
2002-05-21,110.4800033569336,108.31999969482422,110.11000061035156,108.69999694824219,16877200,74.79837799072266
2002-05-22,109.12000274658203,108.0,108.22000122070312,108.94000244140625,15844200,74.96354675292969
2002-05-23,110.36000061035156,108.4800033569336,109.26000213623047,110.0999984741211,13879800,75.76174926757812
2002-05-24,110.19999694824219,108.61000061035156,109.9800033569336,108.69000244140625,11877000,74.79149627685547
2002-05-28,109.12999725341797,107.44999694824219,109.05000305175781,108.0999984741211,24236900,74.3855209350586
2002-05-29,108.0199966430664,107.12999725341797,107.62000274658203,107.30000305175781,14773300,73.83504486083984
2002-05-30,107.51000213623047,105.9000015258789,106.55000305175781,107.0,18217900,73.62860870361328
2002-05-31,108.55999755859375,106.8499984741211,107.4000015258789,107.22000122070312,19826300,73.77996826171875
