Date,High,Low,Open,Close,Volume,Adj Close
2007-10-01,154.75,152.5,152.60000610351562,154.3000030517578,148162300,116.96967315673828
2007-10-02,154.64999389648438,153.80999755859375,154.61000061035156,154.08999633789062,112978800,116.81046295166016
2007-10-03,154.41000366210938,153.00999450683594,153.80999755859375,153.77999877929688,119055900,116.57548522949219
2007-10-04,154.25999450683594,153.58999633789062,154.11000061035156,154.02000427246094,76864400,116.7574462890625
2007-10-05,156.10000610351562,154.6300048828125,155.02999877929688,155.85000610351562,134579700,118.14466857910156
2007-10-08,155.49000549316406,154.77000427246094,155.38999938964844,155.02000427246094,71280400,117.5154800415039
2007-10-09,156.5,155.02999877929688,155.60000610351562,156.47999572753906,94054300,118.62226104736328
2007-10-10,156.44000244140625,155.41000366210938,156.0399932861328,156.22000122070312,101711100,118.4251480102539
2007-10-11,157.52000427246094,154.5399932861328,156.92999267578125,155.47000122070312,233529100,117.85661315917969
2007-10-12,156.35000610351562,155.27000427246094,155.4600067138672,156.3300018310547,124546700,118.50855255126953
2007-10-15,156.36000061035156,153.94000244140625,156.27000427246094,155.00999450683594,161151900,117.50786590576172
2007-10-16,154.52000427246094,153.47000122070312,154.41000366210938,153.77999877929688,166525700,116.57548522949219
2007-10-17,155.08999633789062,152.47000122070312,154.97999572753906,154.25,216687300,116.93179321289062
2007-10-18,154.19000244140625,153.0800018310547,153.4499969482422,153.69000244140625,148367500,116.50728607177734
2007-10-19,156.47999572753906,149.66000366210938,153.08999633789062,149.6699981689453,297169900,113.45982360839844
2007-10-22,150.75999450683594,148.66000366210938,148.86000061035156,150.5399932861328,261989800,114.11934661865234
2007-10-23,151.9499969482422,150.25,151.4600067138672,151.75999450683594,180085100,115.04421997070312
2007-10-24,151.74000549316406,148.83999633789062,151.2100067138672,151.47999572753906,326694200,114.8318862915039
2007-10-25,152.2899932861328,149.8800048828125,151.64999389648438,151.83999633789062,237374500,115.1048583984375
2007-10-26,153.6199951171875,151.89999389648438,153.05999755859375,153.6199951171875,176484000,116.45416259765625
2007-10-29,154.44000244140625,153.5500030517578,153.92999267578125,154.1300048828125,106841000,116.84082794189453
2007-10-30,153.75,152.8699951171875,153.4499969482422,153.05999755859375,132981600,116.02965545654297
2007-10-31,155.27000427246094,152.83999633789062,153.97999572753906,154.64999389648438,220954400,117.23497772216797
