Date,High,Low,Open,Close,Volume,Adj Close
2011-07-01,134.10000610351562,131.77999877929688,132.08999633789062,133.9199981689453,202385700,110.05088806152344
2011-07-05,134.0800018310547,133.38999938964844,133.77999877929688,133.80999755859375,165936000,109.96055603027344
2011-07-06,134.13999938964844,133.11000061035156,133.49000549316406,133.97000122070312,143331600,110.09198760986328
2011-07-07,135.6999969482422,134.8800048828125,135.16000366210938,135.36000061035156,170464200,111.23426055908203
2011-07-08,135.36000061035156,133.38999938964844,133.8300018310547,134.39999389648438,194100500,110.44532775878906
2011-07-11,133.17999267578125,131.66000366210938,132.75,131.97000122070312,195918600,108.4484634399414
2011-07-12,132.77999877929688,131.36000061035156,131.69000244140625,131.39999389648438,214675700,107.98007202148438
2011-07-13,133.22000122070312,131.52000427246094,132.08999633789062,131.83999633789062,204062600,108.34162902832031
2011-07-14,132.77999877929688,130.67999267578125,132.1699981689453,130.92999267578125,226111800,107.59384155273438
2011-07-15,131.8699951171875,130.77000427246094,131.66000366210938,131.69000244140625,220012800,108.21839904785156
2011-07-18,131.27999877929688,129.6300048828125,131.0800018310547,130.61000061035156,196872100,107.33087921142578
2011-07-19,132.88999938964844,131.30999755859375,131.33999633789062,132.72999572753906,166554900,109.07302856445312
2011-07-20,133.14999389648438,132.4199981689453,133.07000732421875,132.64999389648438,137145400,109.00727081298828
2011-07-21,134.82000732421875,132.6699981689453,133.39999389648438,134.49000549316406,245246300,110.51932525634766
2011-07-22,134.72000122070312,133.75999450683594,134.52000427246094,134.5800018310547,126019400,110.59326934814453
2011-07-25,134.49000549316406,133.16000366210938,133.3000030517578,133.8300018310547,136653800,109.97698974609375
2011-07-26,133.9600067138672,133.02999877929688,133.74000549316406,133.3300018310547,131278200,109.56608581542969
2011-07-27,132.6300048828125,130.42999267578125,132.58999633789062,130.60000610351562,249020100,107.32266998291016
2011-07-28,131.77000427246094,130.00999450683594,130.60000610351562,130.22000122070312,207939900,107.0103759765625
2011-07-29,130.5500030517578,127.97000122070312,128.91000366210938,129.3300018310547,307038400,106.27902221679688
