Date,High,Low,Open,Close,Volume,Adj Close
2017-01-03,225.8300018310547,223.8800048828125,225.0399932861328,225.24000549316406,91366500,207.53451538085938
2017-01-04,226.75,225.61000061035156,225.6199951171875,226.5800018310547,78744400,208.7692108154297
2017-01-05,226.5800018310547,225.47999572753906,226.27000427246094,226.39999389648438,78379000,208.60333251953125
2017-01-06,227.75,225.89999389648438,226.52999877929688,227.2100067138672,71559900,209.34967041015625
2017-01-09,227.07000732421875,226.4199981689453,226.91000366210938,226.4600067138672,46939700,208.6586456298828
2017-01-10,227.4499969482422,226.00999450683594,226.47999572753906,226.4600067138672,63771900,208.6586456298828
2017-01-11,227.10000610351562,225.58999633789062,226.36000061035156,227.10000610351562,74650000,209.2483367919922
2017-01-12,226.75,224.9600067138672,226.5,226.52999877929688,72113200,208.7230987548828
2017-01-13,227.39999389648438,226.69000244140625,226.72999572753906,227.0500030517578,62717900,209.20225524902344
2017-01-17,226.77999877929688,225.8000030517578,226.30999755859375,226.25,61240800,208.4651336669922
2017-01-18,226.8000030517578,225.89999389648438,226.5399932861328,226.75,54793300,208.92579650878906
2017-01-19,227.0,225.41000366210938,226.83999633789062,225.91000366210938,66608800,208.15187072753906
2017-01-20,227.30999755859375,225.97000122070312,226.6999969482422,226.74000549316406,129168600,208.91661071777344
2017-01-23,226.80999755859375,225.27000427246094,226.74000549316406,226.14999389648438,75061600,208.37298583984375
2017-01-24,228.0800018310547,226.27000427246094,226.39999389648438,227.60000610351562,95555300,209.70901489257812
2017-01-25,229.57000732421875,228.50999450683594,228.6999969482422,229.57000732421875,84437700,211.52413940429688
2017-01-26,229.7100067138672,229.00999450683594,229.39999389648438,229.3300018310547,59970700,211.30303955078125
2017-01-27,229.58999633789062,228.75999450683594,229.4199981689453,228.97000122070312,59711100,210.97132873535156
2017-01-30,228.1999969482422,226.41000366210938,228.1699981689453,227.5500030517578,79737300,209.66294860839844
2017-01-31,227.60000610351562,226.32000732421875,226.97999572753906,227.52999877929688,75880800,209.64450073242188
