Date,High,Low,Open,Close,Volume,Adj Close
2011-05-02,137.17999267578125,135.9499969482422,137.07000732421875,136.22000122070312,126278700,111.38874816894531
2011-05-03,136.19000244140625,135.0399932861328,135.9600067138672,135.72999572753906,138375000,110.9880599975586
2011-05-04,135.72999572753906,134.22999572753906,135.6699981689453,134.8300018310547,182678500,110.25208282470703
2011-05-05,134.9499969482422,133.02000427246094,134.0800018310547,133.61000061035156,226900000,109.25454711914062
2011-05-06,135.6300048828125,133.67999267578125,134.94000244140625,134.1999969482422,222787200,109.73699188232422
2011-05-09,135.11000061035156,133.97999572753906,134.19000244140625,134.72000122070312,114104500,110.16217041015625
2011-05-10,136.11000061035156,135.0,135.1699981689453,135.8699951171875,114806900,111.1025390625
2011-05-11,135.69000244140625,133.82000732421875,135.6699981689453,134.44000244140625,193564200,109.93321228027344
2011-05-12,135.36000061035156,133.38999938964844,134.0800018310547,135.0800018310547,171550700,110.45658111572266
2011-05-13,135.33999633789062,133.55999755859375,135.14999389648438,134.0399932861328,157444900,109.60614013671875
2011-05-16,134.61000061035156,132.97000122070312,133.55999755859375,133.19000244140625,141675400,108.91110229492188
2011-05-17,133.35000610351562,132.1199951171875,132.69000244140625,133.1699981689453,192686200,108.89472198486328
2011-05-18,134.5,132.9499969482422,133.24000549316406,134.36000061035156,135217900,109.86778259277344
2011-05-19,135.02999877929688,133.94000244140625,134.8000030517578,134.67999267578125,119489500,110.1294937133789
2011-05-20,134.67999267578125,133.36000061035156,134.3300018310547,133.61000061035156,182594900,109.25454711914062
2011-05-23,132.72000122070312,131.58999633789062,131.97999572753906,132.05999755859375,168700000,107.98705291748047
2011-05-24,132.72999572753906,131.6999969482422,132.44000244140625,131.9499969482422,147199600,107.89710998535156
2011-05-25,132.94000244140625,131.3800048828125,131.4199981689453,132.38999938964844,151050100,108.25689697265625
2011-05-26,133.24000549316406,131.77999877929688,132.02999877929688,133.0,164850000,108.75572967529297
2011-05-27,133.8699951171875,132.9600067138672,133.3699951171875,133.50999450683594,120921900,109.17272186279297
2011-05-31,134.9199981689453,133.83999633789062,134.77000427246094,134.89999389648438,164731200,110.30936431884766
