Date,High,Low,Open,Close,Volume,Adj Close
2018-04-02,263.1300048828125,254.6699981689453,262.54998779296875,257.4700012207031,186286300,242.8116912841797
2018-04-03,261.30999755859375,256.8399963378906,258.8699951171875,260.7699890136719,119956900,245.9237823486328
2018-04-04,264.3599853515625,256.6000061035156,256.75,263.55999755859375,123715300,248.5549774169922
2018-04-05,266.6400146484375,264.32000732421875,265.54998779296875,265.6400146484375,82652600,250.51658630371094
2018-04-06,265.1099853515625,258.0,263.4200134277344,259.7200012207031,179521200,244.93356323242188
2018-04-09,264.8399963378906,259.94000244140625,261.3699951171875,261.0,105442900,246.14073181152344
2018-04-10,266.0400085449219,262.9800109863281,264.2699890136719,265.1499938964844,103529000,250.0543975830078
2018-04-11,265.6400146484375,263.3900146484375,263.4700012207031,263.760009765625,91140200,248.7436065673828
2018-04-12,267.0,265.05999755859375,265.260009765625,265.92999267578125,68890500,250.79000854492188
2018-04-13,267.5400085449219,264.010009765625,267.4100036621094,265.1499938964844,85079200,250.0543975830078
2018-04-16,268.20001220703125,266.07000732421875,267.0,267.3299865722656,63405300,252.11032104492188
2018-04-17,270.8699951171875,268.75,269.3299865722656,270.19000244140625,64682000,254.80747985839844
2018-04-18,271.29998779296875,269.8699951171875,270.69000244140625,270.3900146484375,57303900,254.99612426757812
2018-04-19,269.8800048828125,267.7200012207031,269.6499938964844,268.8900146484375,77655900,253.58154296875
2018-04-20,269.05999755859375,265.6099853515625,268.80999755859375,266.6099853515625,99953100,251.43136596679688
2018-04-23,267.8900146484375,265.3500061035156,267.260009765625,266.57000732421875,65558000,251.39358520507812
2018-04-24,267.9800109863281,261.2799987792969,267.7300109863281,262.9800109863281,112885500,248.00799560546875
2018-04-25,264.1300048828125,260.8500061035156,262.9100036621094,263.6300048828125,103840900,248.62100219726562
2018-04-26,267.25,264.2900085449219,264.7900085449219,266.30999755859375,67731900,251.14837646484375
2018-04-27,267.3399963378906,265.5,267.0,266.55999755859375,57053600,251.38418579101562
2018-04-30,267.8900146484375,264.42999267578125,267.260009765625,264.510009765625,82182300,249.4508819580078
