Date,High,Low,Open,Close,Volume,Adj Close
2002-12-02,96.05000305175781,93.22000122070312,95.47000122070312,94.12999725341797,49911900.0,65.29064178466797
2002-12-03,93.4000015258789,92.3499984741211,93.25,92.87000274658203,34407700.0,64.41664123535156
2002-12-04,93.13999938964844,91.43000030517578,91.7699966430664,92.44999694824219,64040800.0,64.12532806396484
2002-12-05,92.80000305175781,91.0999984741211,92.7300033569336,91.43000030517578,36724900.0,63.417808532714844
2002-12-06,92.16999816894531,89.9800033569336,90.12000274658203,92.02999877929688,49824100.0,63.833980560302734
2002-12-09,91.45999908447266,89.4800033569336,91.06999969482422,89.5,36789600.0,62.07915115356445
2002-12-10,91.0999984741211,89.76000213623047,90.0199966430664,90.69999694824219,33319900.0,62.911476135253906
2002-12-11,91.62000274658203,90.16000366210938,90.41999816894531,90.77999877929688,39201000.0,62.966976165771484
2002-12-12,91.48999786376953,90.19999694824219,91.19999694824219,90.7699966430664,34465600.0,62.96002960205078
2002-12-13,90.4800033569336,89.2699966430664,89.91000366210938,89.33999633789062,36862200.0,61.9681510925293
2002-12-16,91.79000091552734,89.66000366210938,89.81999969482422,91.6500015258789,37098400.0,63.57042694091797
2002-12-17,91.73999786376953,90.73999786376953,91.37000274658203,90.8499984741211,32353900.0,63.01552200317383
2002-12-18,90.4000015258789,89.33000183105469,90.31999969482422,89.80000305175781,35612600.0,62.2872314453125
2002-12-19,90.69999694824219,88.5999984741211,89.3499984741211,89.16000366210938,39264200.0,61.843318939208984
2002-12-20,90.0199966430664,89.0999984741211,89.19999694824219,89.98999786376953,31176900.0,62.725738525390625
2002-12-23,90.47000122070312,89.30999755859375,89.58999633789062,90.0199966430664,22599300.0,62.74664306640625
2002-12-24,89.86000061035156,89.25,89.58999633789062,89.3499984741211,10937000.0,62.279640197753906
2002-12-26,90.61000061035156,88.83999633789062,89.69999694824219,89.38999938964844,17485600.0,62.30752944946289
2002-12-27,89.29000091552734,87.37999725341797,88.95999908447266,87.37999725341797,22205700.0,60.90648651123047
2002-12-30,88.47000122070312,87.22000122070312,87.79000091552734,88.11000061035156,29968000.0,61.41533660888672
2002-12-31,88.43000030517578,87.11000061035156,87.98999786376953,88.2300033569336,34036600.0,61.498958587646484
