Date,High,Low,Open,Close,Volume,Adj Close
2004-07-01,114.4000015258789,112.58000183105469,114.25,112.94000244140625,57734700,80.57984924316406
2004-07-02,113.29000091552734,112.5999984741211,113.16000366210938,112.87999725341797,34615100,80.53702545166016
2004-07-06,112.44999694824219,111.62999725341797,112.37000274658203,111.88999938964844,38698200,79.8306884765625
2004-07-07,112.56999969482422,111.75,111.80999755859375,112.22000122070312,29839800,80.06615447998047
2004-07-08,112.31999969482422,111.19999694824219,111.80999755859375,111.44000244140625,45291100,79.50962829589844
2004-07-09,111.94000244140625,111.37999725341797,111.72000122070312,111.7300033569336,27412900,79.71652221679688
2004-07-12,112.04000091552734,111.0,111.5199966430664,111.77999877929688,35691300,79.75218963623047
2004-07-13,112.0199966430664,111.5999984741211,111.91999816894531,111.86000061035156,26752000,79.8093032836914
2004-07-14,112.38999938964844,111.12000274658203,111.26000213623047,111.5199966430664,54089400,79.56669616699219
2004-07-15,111.91000366210938,110.69999694824219,111.73999786376953,110.80000305175781,38403500,79.05301666259766
2004-07-16,111.66999816894531,110.44000244140625,111.56999969482422,110.70999908447266,40871200,78.98880767822266
2004-07-19,110.95999908447266,109.98999786376953,110.75,110.23999786376953,39592800,78.65345764160156
2004-07-20,111.9000015258789,110.25,110.52999877929688,111.63999938964844,46679800,79.6523208618164
2004-07-21,112.05999755859375,109.44999694824219,111.81999969482422,109.58000183105469,56241100,78.18255615234375
2004-07-22,110.38999938964844,108.7699966430664,109.36000061035156,109.87999725341797,72477100,78.3966064453125
2004-07-23,109.70999908447266,108.69000244140625,109.62000274658203,108.95999908447266,49610500,77.74020385742188
2004-07-26,109.43000030517578,108.20999908447266,109.19000244140625,108.75,49679100,77.59037780761719
2004-07-27,110.11000061035156,108.97000122070312,109.05000305175781,109.7699966430664,51295100,78.31809997558594
2004-07-28,110.37000274658203,108.58999633789062,109.55000305175781,110.0999984741211,65862300,78.55355834960938
2004-07-29,110.87000274658203,110.0,110.54000091552734,110.56999969482422,52200500,78.8889389038086
2004-07-30,110.9000015258789,110.0999984741211,110.31999969482422,110.83999633789062,41581700,79.0815200805664
