Date,High,Low,Open,Close,Volume,Adj Close
2018-01-02,268.80999755859375,267.3999938964844,267.8399963378906,268.7699890136719,86655700,252.45724487304688
2018-01-03,270.6400146484375,268.9599914550781,268.9599914550781,270.4700012207031,90070400,254.0540008544922
2018-01-04,272.1600036621094,270.5400085449219,271.20001220703125,271.6099853515625,80636400,255.12481689453125
2018-01-05,273.55999755859375,271.95001220703125,272.510009765625,273.4200134277344,83524000,256.82501220703125
2018-01-08,274.1000061035156,272.9800109863281,273.30999755859375,273.9200134277344,57319200,257.2947082519531
2018-01-09,275.25,274.0799865722656,274.3999938964844,274.5400085449219,57254000,257.8770446777344
2018-01-10,274.4200134277344,272.9200134277344,273.67999267578125,274.1199951171875,69574300,257.48248291015625
2018-01-11,276.1199951171875,274.55999755859375,274.75,276.1199951171875,62361500,259.3611755371094
2018-01-12,278.1099853515625,276.0799865722656,276.4200134277344,277.9200134277344,90816100,261.0518798828125
2018-01-16,280.0899963378906,276.17999267578125,279.3500061035156,276.9700012207031,106555100,260.1595764160156
2018-01-17,280.04998779296875,276.9700012207031,278.0299987792969,279.6099853515625,113258800,262.6393127441406
2018-01-18,279.9599914550781,278.5799865722656,279.4800109863281,279.1400146484375,100728000,262.1979064941406
2018-01-19,280.4100036621094,279.1400146484375,279.79998779296875,280.4100036621094,140920100,263.39080810546875
2018-01-22,282.69000244140625,280.1099853515625,280.1700134277344,282.69000244140625,91322400,265.5323486328125
2018-01-23,283.6199951171875,282.3699951171875,282.739990234375,283.2900085449219,97084700,266.09600830078125
2018-01-24,284.70001220703125,281.8399963378906,284.0199890136719,283.17999267578125,134816100,265.9925842285156
2018-01-25,284.2699890136719,282.3999938964844,284.1600036621094,283.29998779296875,84587300,266.1053161621094
2018-01-26,286.6300048828125,283.9599914550781,284.25,286.5799865722656,107743100,269.186279296875
2018-01-29,286.42999267578125,284.5,285.92999267578125,284.67999267578125,90118300,267.4015808105469
2018-01-30,284.739990234375,281.2200012207031,282.6000061035156,281.760009765625,131796400,264.6587829589844
2018-01-31,283.29998779296875,280.67999267578125,282.7300109863281,281.8999938964844,108364800,264.7903137207031
