Date,High,Low,Open,Close,Volume,Adj Close
2004-03-01,116.33999633789062,115.25,115.43000030517578,116.16000366210938,33130800.0,82.28733825683594
2004-03-02,116.97000122070312,115.2300033569336,115.94000244140625,115.4800033569336,38556400.0,81.80559539794922
2004-03-03,115.87000274658203,114.91999816894531,115.25,115.69000244140625,31346200.0,81.954345703125
2004-03-04,116.0999984741211,115.5199966430664,115.72000122070312,115.98999786376953,21060000.0,82.16690063476562
2004-03-05,116.94999694824219,115.27999877929688,115.41999816894531,116.37999725341797,55905600.0,82.44316864013672
2004-03-08,116.62000274658203,114.91000366210938,116.33999633789062,114.95999908447266,39281600.0,81.4372329711914
2004-03-09,115.20999908447266,114.23999786376953,115.0999984741211,114.5,39746100.0,81.11137390136719
2004-03-10,114.7699966430664,112.55999755859375,114.72000122070312,112.58000183105469,67671800.0,79.75128173828125
2004-03-11,113.2699966430664,111.0999984741211,112.4000015258789,111.12000274658203,89134800.0,78.71700286865234
2004-03-12,112.70999908447266,111.58000183105469,111.7300033569336,112.58000183105469,54012200.0,79.75128173828125
2004-03-15,112.3499984741211,110.9000015258789,112.2699966430664,111.19999694824219,57677200.0,78.77369689941406
2004-03-16,112.05999755859375,110.83999633789062,111.77999877929688,111.79000091552734,59832600.0,79.19166564941406
2004-03-17,113.26000213623047,112.0999984741211,112.18000030517578,113.04000091552734,41607300.0,80.07711029052734
2004-03-18,113.2699966430664,111.93000030517578,112.69999694824219,113.06999969482422,60014300.0,80.0983657836914
2004-03-19,112.56999969482422,111.04000091552734,112.41000366210938,111.05999755859375,48636200.0,78.95034790039062
2004-03-22,110.56999969482422,109.0999984741211,110.54000091552734,109.6500015258789,62752100.0,77.9479751586914
2004-03-23,110.4000015258789,109.36000061035156,110.25,109.45999908447266,54080200.0,77.81290435791016
2004-03-24,110.13999938964844,108.8499984741211,109.58000183105469,109.55000305175781,51584300.0,77.87689208984375
2004-03-25,111.30000305175781,109.79000091552734,110.08000183105469,111.0,49873600.0,78.90765380859375
2004-03-26,111.79000091552734,110.80000305175781,110.95999908447266,111.02999877929688,37409500.0,78.9289779663086
2004-03-29,112.73999786376953,111.58000183105469,111.62999725341797,112.58999633789062,44113600.0,80.03795623779297
2004-03-30,113.06999969482422,112.22000122070312,112.30000305175781,112.97000122070312,39059900.0,80.30809783935547
2004-03-31,113.4000015258789,112.37999725341797,112.98999786376953,113.0999984741211,48517600.0,80.4004898071289
