Date,High,Low,Open,Close,Volume,Adj Close
2000-07-03,147.4375,145.1875,145.4375,147.28125,1436600,99.22684478759766
2000-07-05,146.65625,144.375,146.375,144.625,2748200,97.43724822998047
2000-07-06,146.46875,144.21875,144.9375,145.75,5963200,98.19520568847656
2000-07-07,148.78125,146.25,146.6875,148.09375,3034800,99.77424621582031
2000-07-10,148.90625,147.53125,147.875,147.84375,2816100,99.60580444335938
2000-07-11,149.125,147.15625,147.46875,148.15625,5431600,99.81636047363281
2000-07-12,150.125,148.6875,149.28125,149.125,5883000,100.46900177001953
2000-07-13,150.375,149.1875,149.984375,149.78125,5356000,100.91114044189453
2000-07-14,151.25,149.671875,150.4375,151.25,5341900,101.90071105957031
2000-07-17,151.984375,150.6875,150.984375,151.0,4208300,101.73226928710938
2000-07-18,150.625,149.34375,150.625,149.765625,4262100,100.900634765625
2000-07-19,149.90625,148.25,149.46875,148.5625,8506800,100.09008026123047
2000-07-20,150.625,148.8125,149.0,150.625,4538900,101.4795913696289
2000-07-21,149.75,147.6875,149.75,147.6875,5656900,99.50053405761719
2000-07-24,148.859375,146.5625,148.125,146.84375,5628500,98.93208312988281
2000-07-25,147.84375,146.78125,147.75,147.3125,4757100,99.24793243408203
2000-07-26,147.15625,145.640625,146.96875,145.875,12062500,98.27942657470703
2000-07-27,146.625,144.6875,145.9375,145.375,7652600,97.94258117675781
2000-07-28,145.90625,141.515625,145.71875,142.09375,6229500,95.73193359375
2000-07-31,144.125,142.0625,142.9375,143.0,5265500,96.34246826171875
