Date,High,Low,Open,Close,Volume,Adj Close
2006-09-01,131.5800018310547,130.83999633789062,131.13999938964844,131.4199981689453,48794500.0,97.36604309082031
2006-09-05,131.85000610351562,131.1999969482422,131.50999450683594,131.6699981689453,52348300.0,97.55126953125
2006-09-06,131.16000366210938,130.3300018310547,131.11000061035156,130.50999450683594,53795600.0,96.69185638427734
2006-09-07,130.57000732421875,129.35000610351562,130.05999755859375,129.91000366210938,86269400.0,96.24736785888672
2006-09-08,130.4600067138672,129.8300018310547,130.0800018310547,130.27999877929688,45096300.0,96.5215072631836
2006-09-11,130.69000244140625,129.47999572753906,129.86000061035156,130.41000366210938,68496600.0,96.61776733398438
2006-09-12,131.83999633789062,130.3699951171875,130.55999755859375,131.69000244140625,69875600.0,97.56611633300781
2006-09-13,132.4499969482422,131.52000427246094,131.63999938964844,132.22000122070312,62898400.0,97.95875549316406
2006-09-14,132.24000549316406,131.75,131.9600067138672,132.22999572753906,57805400.0,97.96614837646484
2006-09-15,132.38999938964844,131.67999267578125,132.30999755859375,131.9600067138672,76703100.0,98.19612884521484
2006-09-18,132.38999938964844,131.64999389648438,131.7899932861328,132.13999938964844,64154100.0,98.33002471923828
2006-09-19,132.1300048828125,131.07000732421875,132.1199951171875,131.80999755859375,92089100.0,98.08447265625
2006-09-20,132.77000427246094,132.05999755859375,132.25,132.50999450683594,75204100.0,98.60539245605469
2006-09-21,132.75,131.4199981689453,132.61000061035156,131.8699951171875,88932500.0,98.1291275024414
2006-09-22,131.67999267578125,131.0,131.6699981689453,131.47000122070312,65966800.0,97.83148193359375
2006-09-25,132.85000610351562,131.0500030517578,131.72999572753906,132.47999572753906,92299100.0,98.58305358886719
2006-09-26,133.60000610351562,132.39999389648438,132.5,133.5800018310547,73962700.0,99.40160369873047
2006-09-27,133.97000122070312,133.27000427246094,133.49000549316406,133.74000549316406,82432200.0,99.52071380615234
2006-09-28,133.99000549316406,133.27999877929688,133.74000549316406,133.69000244140625,58597500.0,99.48345947265625
2006-09-29,133.94000244140625,133.47999572753906,133.8000030517578,133.5800018310547,47966600.0,99.40160369873047
