Date,High,Low,Open,Close,Volume,Adj Close
2004-01-02,112.19000244140625,110.7300033569336,111.73999786376953,111.2300033569336,38072300,78.79492950439453
2004-01-05,112.5199966430664,111.58999633789062,111.69000244140625,112.44000244140625,27959800,79.65210723876953
2004-01-06,112.7300033569336,112.0,112.16000366210938,112.55000305175781,20472800,79.7300033569336
2004-01-07,113.05999755859375,111.88999938964844,112.38999938964844,112.93000030517578,30170400,79.99919128417969
2004-01-08,113.41000366210938,112.7699966430664,113.25,113.37999725341797,36438400,80.31796264648438
2004-01-09,113.5,112.2699966430664,112.83000183105469,112.38999938964844,54084300,79.61665344238281
2004-01-12,113.25,112.36000061035156,112.55000305175781,113.22000122070312,31564100,80.20464324951172
2004-01-13,113.2300033569336,111.76000213623047,113.08999633789062,112.55999755859375,54239700,79.73709106445312
2004-01-14,113.66000366210938,112.66999816894531,112.76000213623047,113.5,30112800,80.40298461914062
2004-01-15,114.05999755859375,112.58000183105469,113.56999969482422,113.77999877929688,38408700,80.60134887695312
2004-01-16,114.30999755859375,113.62999725341797,114.04000091552734,114.2300033569336,31922700,80.92011260986328
2004-01-20,114.6500015258789,113.81999969482422,114.52999877929688,114.19999694824219,29863000,80.89884948730469
2004-01-21,115.30000305175781,113.72000122070312,114.12999725341797,115.0999984741211,30725000,81.53641510009766
2004-01-22,115.37999725341797,114.58000183105469,115.13999938964844,114.80000305175781,29888500,81.32389831542969
2004-01-23,115.37000274658203,113.94999694824219,115.0,114.43000030517578,44245300,81.06181335449219
2004-01-26,115.93000030517578,114.37999725341797,114.38999938964844,115.87000274658203,30460600,82.08186340332031
2004-01-27,116.5,114.6500015258789,115.75,114.68000030517578,35322800,81.2389144897461
2004-01-28,115.27999877929688,112.94000244140625,114.9800033569336,113.37000274658203,52621300,80.31087493896484
2004-01-29,113.8499984741211,112.55999755859375,113.55999755859375,113.4800033569336,60117100,80.3888168334961
2004-01-30,113.72000122070312,113.08999633789062,113.5199966430664,113.4800033569336,30984400,80.3888168334961
