Date,High,Low,Open,Close,Volume,Adj Close
2012-03-01,137.99000549316406,136.92999267578125,137.30999755859375,137.72999572753906,145023500.0,114.48895263671875
2012-03-02,137.82000732421875,137.0,137.63999938964844,137.30999755859375,120638300.0,114.13980102539062
2012-03-05,137.1999969482422,136.27999877929688,137.10000610351562,136.75,140765000.0,113.67432403564453
2012-03-06,135.42999267578125,134.36000061035156,135.35000610351562,134.75,202129900.0,112.01181030273438
2012-03-07,135.91000366210938,134.92999267578125,135.05999755859375,135.69000244140625,143692200.0,112.7931900024414
2012-03-08,137.32000732421875,136.24000549316406,136.52000427246094,137.0399932861328,116968900.0,113.91535949707031
2012-03-09,137.92999267578125,137.1300048828125,137.3000030517578,137.57000732421875,122836800.0,114.35591888427734
2012-03-12,137.75999450683594,137.08999633789062,137.5500030517578,137.5800018310547,104003500.0,114.36424255371094
2012-03-13,140.1300048828125,138.08999633789062,138.32000732421875,140.05999755859375,184090500.0,116.42576599121094
2012-03-14,140.4499969482422,139.47999572753906,140.10000610351562,139.91000366210938,145163600.0,116.30107116699219
2012-03-15,140.77999877929688,139.75999450683594,140.1199951171875,140.72000122070312,165118500.0,116.97441101074219
2012-03-16,140.47999572753906,140.0,140.36000061035156,140.3000030517578,152893500.0,117.13636779785156
2012-03-19,141.27999877929688,140.11000061035156,140.2100067138672,140.85000610351562,125291100.0,117.59553527832031
2012-03-20,140.61000061035156,139.63999938964844,140.0500030517578,140.44000244140625,121729700.0,117.25324249267578
2012-03-21,140.64999389648438,139.9199981689453,140.52000427246094,140.2100067138672,122388400.0,117.06124877929688
2012-03-22,139.5500030517578,138.74000549316406,139.17999267578125,139.1999969482422,135216700.0,116.21795654296875
2012-03-23,139.80999755859375,138.5500030517578,139.32000732421875,139.64999389648438,120521000.0,116.59366607666016
2012-03-26,141.61000061035156,140.60000610351562,140.64999389648438,141.61000061035156,120164000.0,118.2300796508789
2012-03-27,141.8300018310547,141.0800018310547,141.74000549316406,141.1699981689453,119868500.0,117.86273956298828
2012-03-28,141.32000732421875,139.63999938964844,141.10000610351562,140.47000122070312,148562100.0,117.2783203125
2012-03-29,140.49000549316406,139.08999633789062,139.63999938964844,140.22999572753906,164963700.0,117.07788848876953
2012-03-30,141.0500030517578,140.0500030517578,140.9199981689453,140.80999755859375,135486800.0,117.56217193603516
