Date,High,Low,Open,Close,Volume,Adj Close
2014-10-01,196.77000427246094,193.91000366210938,196.6999969482422,194.35000610351562,177798000,170.8208465576172
2014-10-02,195.05999755859375,192.35000610351562,194.17999267578125,194.3800048828125,157285000,170.84725952148438
2014-10-03,196.94000244140625,195.0800018310547,195.67999267578125,196.52000427246094,121569000,172.72817993164062
2014-10-06,197.60000610351562,195.5800018310547,197.33999633789062,196.2899932861328,104778000,172.5260009765625
2014-10-07,195.72000122070312,193.22000122070312,195.27999877929688,193.25999450683594,147913000,169.86282348632812
2014-10-08,196.9199981689453,192.36000061035156,193.3699951171875,196.63999938964844,186461000,172.8336181640625
2014-10-09,196.60000610351562,192.5800018310547,196.3300018310547,192.74000549316406,210705000,169.40582275390625
2014-10-10,193.64999389648438,190.49000549316406,192.69000244140625,190.5399932861328,221909000,167.47216796875
2014-10-13,191.14999389648438,187.3000030517578,190.4600067138672,187.41000366210938,230939000,164.7211151123047
2014-10-14,189.82000732421875,187.0399932861328,188.4199981689453,187.6999969482422,215847000,164.97601318359375
2014-10-15,187.69000244140625,181.9199981689453,185.16000366210938,186.42999267578125,380715000,163.85971069335938
2014-10-16,187.5800018310547,182.88999938964844,183.05999755859375,186.27000427246094,270391000,163.7191162109375
2014-10-17,189.75,187.6199951171875,188.4199981689453,188.47000122070312,214625000,165.6527557373047
2014-10-20,190.4499969482422,188.07000732421875,188.1300048828125,190.3000030517578,130011000,167.2611541748047
2014-10-21,194.1999969482422,191.47999572753906,191.67999267578125,194.07000732421875,154949000,170.57481384277344
2014-10-22,194.91000366210938,192.61000061035156,194.41000366210938,192.69000244140625,151822000,169.36190795898438
2014-10-23,196.1999969482422,194.25999450683594,194.6199951171875,194.92999267578125,154944000,171.33067321777344
2014-10-24,196.49000549316406,194.49000549316406,195.25,196.42999267578125,117927000,172.6490936279297
2014-10-27,196.4499969482422,195.02999877929688,195.72999572753906,196.16000366210938,82954000,172.41175842285156
2014-10-28,198.4199981689453,196.72999572753906,196.82000732421875,198.41000366210938,106736000,174.38938903808594
2014-10-29,199.1199951171875,196.8000030517578,198.5500030517578,198.11000061035156,142557000,174.12567138671875
2014-10-30,199.9499969482422,197.39999389648438,197.5800018310547,199.3800048828125,113330000,175.241943359375
2014-10-31,201.82000732421875,200.77000427246094,201.77999877929688,201.66000366210938,146903000,177.2458953857422
