Date,High,Low,Open,Close,Volume,Adj Close
2013-03-01,152.33999633789062,150.41000366210938,151.08999633789062,152.11000061035156,170634800.0,129.24618530273438
2013-03-04,152.9199981689453,151.52000427246094,151.75999450683594,152.9199981689453,99010200.0,129.93446350097656
2013-03-05,154.6999969482422,153.63999938964844,153.66000366210938,154.2899932861328,121431900.0,131.09854125976562
2013-03-06,154.9199981689453,154.16000366210938,154.83999633789062,154.5,94469900.0,131.2769775390625
2013-03-07,154.97999572753906,154.52000427246094,154.6999969482422,154.77999877929688,86101400.0,131.514892578125
2013-03-08,155.64999389648438,154.66000366210938,155.4600067138672,155.44000244140625,123477800.0,132.07568359375
2013-03-11,156.0399932861328,155.1300048828125,155.32000732421875,156.02999877929688,83746800.0,132.57696533203125
2013-03-12,156.10000610351562,155.2100067138672,155.9199981689453,155.67999267578125,105755800.0,132.2795867919922
2013-03-13,156.1199951171875,155.22999572753906,155.75999450683594,155.89999389648438,92550900.0,132.46652221679688
2013-03-14,156.8000030517578,155.91000366210938,156.30999755859375,156.72999572753906,126329900.0,133.17173767089844
2013-03-15,156.0399932861328,155.30999755859375,155.85000610351562,155.8300018310547,138601100.0,132.9959259033203
2013-03-18,155.63999938964844,154.1999969482422,154.33999633789062,154.97000122070312,126704300.0,132.26194763183594
2013-03-19,155.50999450683594,153.58999633789062,155.3000030517578,154.61000061035156,167567300.0,131.95465087890625
2013-03-20,155.9499969482422,155.25999450683594,155.52000427246094,155.69000244140625,113759300.0,132.87648010253906
2013-03-21,155.63999938964844,154.10000610351562,154.75999450683594,154.36000061035156,128605000.0,131.74139404296875
2013-03-22,155.60000610351562,154.72999572753906,154.85000610351562,155.60000610351562,111163600.0,132.7996368408203
2013-03-25,156.27000427246094,154.35000610351562,156.00999450683594,154.9499969482422,151322300.0,132.24488830566406
2013-03-26,156.22999572753906,155.4199981689453,155.58999633789062,156.19000244140625,86856600.0,133.30322265625
2013-03-27,156.24000549316406,155.0,155.25999450683594,156.19000244140625,99950600.0,133.30322265625
2013-03-28,156.85000610351562,155.75,156.08999633789062,156.6699981689453,102932800.0,133.71287536621094
