Date,High,Low,Open,Close,Volume,Adj Close
2013-02-01,151.4199981689453,150.38999938964844,150.64999389648438,151.24000549316406,131173000,128.5070037841797
2013-02-04,151.27000427246094,149.42999267578125,150.32000732421875,149.5399932861328,159073600,127.06246948242188
2013-02-05,151.47999572753906,150.2899932861328,150.35000610351562,151.0500030517578,113912400,128.34556579589844
2013-02-06,151.25999450683594,150.41000366210938,150.52000427246094,151.16000366210938,138762800,128.4390106201172
2013-02-07,151.35000610351562,149.86000061035156,151.2100067138672,150.9600067138672,162490000,128.26905822753906
2013-02-08,151.88999938964844,151.22000122070312,151.22000122070312,151.8000030517578,103133700,128.98280334472656
2013-02-11,151.89999389648438,151.38999938964844,151.74000549316406,151.77000427246094,73775000,128.95730590820312
2013-02-12,152.3000030517578,151.61000061035156,151.77999877929688,152.02000427246094,65392700,129.16973876953125
2013-02-13,152.61000061035156,151.72000122070312,152.3300018310547,152.14999389648438,82322600,129.2801971435547
2013-02-14,152.47000122070312,151.52000427246094,151.69000244140625,152.2899932861328,80834300,129.399169921875
2013-02-15,152.58999633789062,151.5500030517578,152.42999267578125,152.11000061035156,215226500,129.24618530273438
2013-02-19,153.27999877929688,152.16000366210938,152.3699951171875,153.25,95105400,130.21485900878906
2013-02-20,153.19000244140625,151.25999450683594,153.13999938964844,151.33999633789062,160574800,128.59190368652344
2013-02-21,151.4199981689453,149.94000244140625,150.9600067138672,150.4199981689453,183257000,127.81021881103516
2013-02-22,151.88999938964844,150.49000549316406,151.14999389648438,151.88999938964844,106356600,129.0592498779297
2013-02-25,152.86000061035156,149.0,152.6300048828125,149.0,245824800,126.60368347167969
2013-02-26,150.1999969482422,148.72999572753906,149.72000122070312,150.02000427246094,186596200,127.47032165527344
2013-02-27,152.3300018310547,149.75999450683594,149.88999938964844,151.91000366210938,150781900,129.07626342773438
2013-02-28,152.8699951171875,151.41000366210938,151.89999389648438,151.61000061035156,126866000,128.82130432128906
