Date,High,Low,Open,Close,Volume,Adj Close
2007-02-01,144.66000366210938,143.91000366210938,144.14999389648438,144.61000061035156,69312400,108.20899200439453
2007-02-02,144.9499969482422,144.3800048828125,144.72999572753906,144.80999755859375,49607000,108.35862731933594
2007-02-05,144.94000244140625,144.33999633789062,144.6999969482422,144.85000610351562,45705300,108.38858032226562
2007-02-06,145.02999877929688,144.3300018310547,144.97000122070312,144.88999938964844,57081300,108.41853332519531
2007-02-07,145.36000061035156,144.57000732421875,145.1199951171875,145.2100067138672,55669700,108.65798950195312
2007-02-08,145.1199951171875,144.27000427246094,144.77999877929688,145.02000427246094,70641000,108.51578521728516
2007-02-09,145.3300018310547,143.38999938964844,145.05999755859375,143.94000244140625,79084400,107.7076187133789
2007-02-12,144.0399932861328,143.19000244140625,143.94000244140625,143.4499969482422,65657000,107.34100341796875
2007-02-13,144.89999389648438,143.75999450683594,143.77000427246094,144.66000366210938,64081800,108.24638366699219
2007-02-14,145.89999389648438,144.77999877929688,144.8000030517578,145.61000061035156,66039400,108.95726776123047
2007-02-15,145.9499969482422,145.42999267578125,145.6699981689453,145.8000030517578,38715200,109.09941101074219
2007-02-16,145.75999450683594,145.22999572753906,145.44000244140625,145.72999572753906,39841800,109.04708099365234
2007-02-20,146.1999969482422,145.0,145.55999755859375,146.0399932861328,56911800,109.2790298461914
2007-02-21,146.07000732421875,145.35000610351562,145.61000061035156,145.97999572753906,63971600,109.2341079711914
2007-02-22,146.4199981689453,145.1699981689453,146.0500030517578,145.8699951171875,79067400,109.15186309814453
2007-02-23,145.7899932861328,145.02999877929688,145.74000549316406,145.3000030517578,71966200,108.72530364990234
2007-02-26,145.9499969482422,144.75,145.8300018310547,145.1699981689453,69192800,108.62804412841797
2007-02-27,144.1999969482422,139.0,143.8800048828125,139.5,274466500,104.38523864746094
2007-02-28,141.97999572753906,139.8000030517578,140.38999938964844,140.92999267578125,177536300,105.45532989501953
