Date,High,Low,Open,Close,Volume,Adj Close
2003-05-01,92.7300033569336,90.5,91.91999816894531,91.9000015258789,50240400,64.31535339355469
2003-05-02,93.47000122070312,91.48999786376953,91.55999755859375,93.20999908447266,50201500,65.23213195800781
2003-05-05,93.77999877929688,92.5,93.47000122070312,93.02999877929688,35437800,65.10615539550781
2003-05-06,94.37999725341797,93.0,93.04000091552734,93.91000366210938,44401000,65.7220230102539
2003-05-07,94.13999938964844,92.97000122070312,93.41999816894531,93.38999938964844,41413100,65.35813903808594
2003-05-08,93.33000183105469,92.27999877929688,92.5199966430664,92.44999694824219,40570700,64.7002944946289
2003-05-09,93.80000305175781,92.61000061035156,92.83000183105469,93.7300033569336,33608100,65.59606170654297
2003-05-12,95.12000274658203,93.27999877929688,93.5,94.87999725341797,35662300,66.40087127685547
2003-05-13,95.18000030517578,94.26000213623047,94.52999877929688,94.70999908447266,39253600,66.28191375732422
2003-05-14,95.23999786376953,93.91000366210938,95.08999633789062,94.51000213623047,32195100,66.14193725585938
2003-05-15,95.33000183105469,94.25,94.88999938964844,95.11000061035156,43879200,66.56183624267578
2003-05-16,95.44999694824219,94.26000213623047,94.88999938964844,94.87000274658203,38905000,66.39389038085938
2003-05-19,94.41999816894531,92.33000183105469,94.1500015258789,92.6500015258789,41606000,64.84024047851562
2003-05-20,93.02999877929688,91.58999633789062,92.81999969482422,92.45999908447266,55404600,64.70723724365234
2003-05-21,92.87999725341797,91.91000366210938,92.11000061035156,92.6500015258789,49333800,64.84024047851562
2003-05-22,94.05000305175781,92.68000030517578,92.94999694824219,93.56999969482422,38421800,65.48407745361328
2003-05-23,93.9800033569336,93.13999938964844,93.52999877929688,93.76000213623047,26155900,65.61707305908203
2003-05-27,95.83999633789062,93.06999969482422,93.30000305175781,95.4000015258789,43719200,66.7647933959961
2003-05-28,96.47000122070312,95.43000030517578,95.8499984741211,95.66999816894531,37727100,66.95374298095703
2003-05-29,96.81999969482422,95.08000183105469,95.87999725341797,95.41999816894531,50844200,66.77880859375
2003-05-30,97.08999633789062,95.55999755859375,95.9000015258789,96.94999694824219,52529500,67.84955596923828
