Date,High,Low,Open,Close,Volume,Adj Close
2018-05-01,265.1000061035156,262.1099853515625,263.8699951171875,264.9800109863281,74203400,249.89413452148438
2018-05-02,265.67999267578125,262.760009765625,264.760009765625,263.20001220703125,86368900,248.21546936035156
2018-05-03,263.3599853515625,259.04998779296875,262.260009765625,262.6199951171875,136311500,247.66848754882812
2018-05-04,266.7900085449219,261.1499938964844,261.5199890136719,266.0199890136719,91222100,250.87489318847656
2018-05-07,268.0199890136719,266.1099853515625,266.8900146484375,266.9200134277344,55304900,251.72369384765625
2018-05-08,267.3299865722656,265.1499938964844,266.5,266.9200134277344,67499200,251.72369384765625
2018-05-09,269.8699951171875,267.0899963378906,267.67999267578125,269.5,59666100,254.15676879882812
2018-05-10,272.3900146484375,270.2200012207031,270.3399963378906,272.0199890136719,72063900,256.5333251953125
2018-05-11,273.1499938964844,271.5799865722656,272.1600036621094,272.8500061035156,59871500,257.3160400390625
2018-05-14,274.0799865722656,272.3599853515625,273.3399963378906,272.9800109863281,54790600,257.43865966796875
2018-05-15,271.6099853515625,270.0299987792969,271.5899963378906,271.1000061035156,87036100,255.6656494140625
2018-05-16,272.760009765625,271.1099853515625,271.1400146484375,272.239990234375,53942600,256.7408142089844
2018-05-17,273.2300109863281,271.1300048828125,271.94000244140625,272.010009765625,56536400,256.52386474609375
2018-05-18,272.0299987792969,270.92999267578125,271.6199951171875,271.3299865722656,64368000,255.88259887695312
2018-05-21,273.9800109863281,272.57000732421875,273.010009765625,273.3699951171875,58025900,257.8064270019531
2018-05-22,274.25,272.239990234375,273.9599914550781,272.6099853515625,52966400,257.0897216796875
2018-05-23,273.3900146484375,270.989990234375,271.1700134277344,273.3599853515625,64694200,257.7970275878906
2018-05-24,273.2200012207031,270.7799987792969,272.9100036621094,272.79998779296875,76043800,257.2689514160156
2018-05-25,272.8599853515625,271.5799865722656,272.1499938964844,272.1499938964844,56374800,256.65594482421875
2018-05-29,271.1700134277344,267.760009765625,270.30999755859375,269.0199890136719,115908600,253.70408630371094
2018-05-30,273.1099853515625,270.4200134277344,270.5,272.6099853515625,69678400,257.0897216796875
2018-05-31,272.489990234375,270.260009765625,272.1499938964844,270.94000244140625,93519900,255.5148468017578
