Date,High,Low,Open,Close,Volume,Adj Close
2015-11-02,210.6199951171875,208.1699981689453,208.32000732421875,210.38999938964844,86270800,188.65380859375
2015-11-03,211.66000366210938,209.6999969482422,209.97000122070312,211.0,95246100,189.20077514648438
2015-11-04,211.5,209.72000122070312,211.35000610351562,210.36000061035156,96224500,188.62689208984375
2015-11-05,210.97999572753906,209.08999633789062,210.42999267578125,210.14999389648438,78408700,188.43858337402344
2015-11-06,210.32000732421875,208.4600067138672,209.74000549316406,210.0399932861328,110471500,188.33995056152344
2015-11-09,209.49000549316406,206.9499969482422,209.30999755859375,208.0800018310547,131008700,186.58245849609375
2015-11-10,208.60000610351562,207.19000244140625,207.50999450683594,208.55999755859375,75874600,187.01284790039062
2015-11-11,208.94000244140625,207.66000366210938,208.8800048828125,207.74000549316406,67846000,186.27761840820312
2015-11-12,207.05999755859375,204.82000732421875,206.5,204.83999633789062,121315200,183.67721557617188
2015-11-13,204.6699981689453,202.44000244140625,204.35000610351562,202.5399932861328,153577100,181.61476135253906
2015-11-16,205.69000244140625,202.17999267578125,202.32000732421875,205.6199951171875,117645200,184.37660217285156
2015-11-17,207.0399932861328,204.8800048828125,205.99000549316406,205.47000122070312,121123700,184.24209594726562
2015-11-18,208.89999389648438,205.99000549316406,206.0399932861328,208.72999572753906,121342500,187.16534423828125
2015-11-19,209.0500030517578,208.1999969482422,208.58999633789062,208.5500030517578,88220500,187.00390625
2015-11-20,210.1199951171875,208.86000061035156,209.4499969482422,209.30999755859375,94011500,187.68536376953125
2015-11-23,209.97999572753906,208.52000427246094,209.3800048828125,209.07000732421875,64931200,187.47012329101562
2015-11-24,209.8300018310547,207.41000366210938,207.8699951171875,209.35000610351562,98874400,187.7212371826172
2015-11-25,209.74000549316406,209.00999450683594,209.5,209.32000732421875,51980100,187.6943359375
2015-11-27,209.8000030517578,208.86000061035156,209.42999267578125,209.55999755859375,37317800,187.9095458984375
2015-11-30,209.88999938964844,208.55999755859375,209.75,208.69000244140625,112822700,187.12945556640625
