Date,High,Low,Open,Close,Volume,Adj Close
2005-01-03,121.76000213623047,119.9000015258789,121.55999755859375,120.30000305175781,55748000,86.85204315185547
2005-01-04,120.54000091552734,118.44000244140625,120.45999908447266,118.83000183105469,69167600,85.79076385498047
2005-01-05,119.25,118.0,118.73999786376953,118.01000213623047,65667300,85.19876098632812
2005-01-06,119.1500015258789,118.26000213623047,118.44000244140625,118.61000061035156,47814700,85.63191986083984
2005-01-07,119.2300033569336,118.12999725341797,118.97000122070312,118.44000244140625,55847700,85.50918579101562
2005-01-10,119.45999908447266,118.33999633789062,118.33999633789062,119.0,56563300,85.91349029541016
2005-01-11,118.73999786376953,117.98999786376953,118.63999938964844,118.18000030517578,63099700,85.32147979736328
2005-01-12,118.83999633789062,117.5199966430664,118.4000015258789,118.56999969482422,72720500,85.60306549072266
2005-01-13,118.7300033569336,117.5,118.63999938964844,117.62000274658203,55537500,84.91722106933594
2005-01-14,118.52999877929688,117.76000213623047,117.97000122070312,118.23999786376953,42032500,85.36479187011719
2005-01-18,119.62000274658203,117.94999694824219,118.05000305175781,119.47000122070312,57391700,86.25281524658203
2005-01-19,119.5199966430664,118.20999908447266,119.43000030517578,118.22000122070312,54378900,85.35037231445312
2005-01-20,118.19999694824219,117.29000091552734,117.88999938964844,117.5,72049300,84.83055877685547
2005-01-21,118.0,116.6500015258789,117.79000091552734,116.77999877929688,63160400,84.31076049804688
2005-01-24,117.33999633789062,116.37000274658203,117.08999633789062,116.55000305175781,58441900,84.14471435546875
2005-01-25,117.47000122070312,116.72000122070312,116.91000366210938,116.87999725341797,68245000,84.3829345703125
2005-01-26,117.5999984741211,117.04000091552734,117.31999969482422,117.2300033569336,57195100,84.63560485839844
2005-01-27,117.75,116.9800033569336,117.19000244140625,117.43000030517578,55878800,84.7800064086914
2005-01-28,117.55000305175781,116.61000061035156,117.48999786376953,117.43000030517578,60738900,84.7800064086914
2005-01-31,118.25,117.70999908447266,117.94999694824219,118.16000366210938,52532700,85.30703735351562
