Date,High,Low,Open,Close,Volume,Adj Close
2005-12-01,127.02999877929688,125.9800033569336,126.0199966430664,126.69000244140625,65468200.0,92.58773040771484
2005-12-02,127.08000183105469,126.5,126.7699966430664,126.8499984741211,46699400.0,92.70465850830078
2005-12-05,126.7300033569336,126.18000030517578,126.69999694824219,126.58000183105469,59273400.0,92.50730895996094
2005-12-06,127.73999786376953,126.62999725341797,127.05000305175781,126.81999969482422,57935200.0,92.68273162841797
2005-12-07,126.87000274658203,125.68000030517578,126.7699966430664,126.08000183105469,66816500.0,92.14191436767578
2005-12-08,126.81999969482422,125.4800033569336,126.22000122070312,126.0,62608600.0,92.08345794677734
2005-12-09,126.77999877929688,125.81999969482422,126.16000366210938,126.33000183105469,50744500.0,92.32461547851562
2005-12-12,126.86000061035156,125.95999908447266,126.70999908447266,126.44999694824219,48389900.0,92.41233825683594
2005-12-13,127.69999694824219,126.29000091552734,126.41999816894531,127.30999755859375,88630900.0,93.04080200195312
2005-12-14,128.08999633789062,127.13999938964844,127.19000244140625,127.80999755859375,64375000.0,93.40626525878906
2005-12-15,128.0,127.18000030517578,127.83999633789062,127.44000244140625,55900300.0,93.13582611083984
2005-12-16,127.36000061035156,126.36000061035156,127.27999877929688,126.36000061035156,46238300.0,92.83609771728516
2005-12-19,126.87000274658203,125.69000244140625,126.7300033569336,125.70999908447266,48733000.0,92.35851287841797
2005-12-20,126.58999633789062,125.4800033569336,125.86000061035156,125.83000183105469,46603200.0,92.44667053222656
2005-12-21,126.76000213623047,125.80000305175781,126.22000122070312,126.02999877929688,51806900.0,92.5936050415039
2005-12-22,126.69000244140625,126.08000183105469,126.30999755859375,126.69000244140625,32247900.0,93.07853698730469
2005-12-23,126.86000061035156,126.41999816894531,126.77999877929688,126.76000213623047,27977300.0,93.12993621826172
2005-12-27,127.05000305175781,125.37999725341797,126.95999908447266,125.47000122070312,44499500.0,92.18220520019531
2005-12-28,125.98999786376953,125.5,125.73999786376953,125.75,30764300.0,92.38792419433594
2005-12-29,125.95999908447266,125.05999755859375,125.72000122070312,125.19000244140625,32788900.0,91.97648620605469
2005-12-30,125.05999755859375,124.36000061035156,124.80000305175781,124.51000213623047,44645600.0,91.47691345214844
