Date,High,Low,Open,Close,Volume,Adj Close
2010-11-01,119.75,117.8499984741211,119.06999969482422,118.52999877929688,174074800,95.99931335449219
2010-11-02,119.75,119.0999984741211,119.41999816894531,119.47000122070312,158345900,96.76062774658203
2010-11-03,120.0199966430664,118.44999694824219,119.68000030517578,119.94999694824219,226702800,97.14936828613281
2010-11-04,122.31999969482422,119.97000122070312,121.27999877929688,122.26000213623047,215039400,99.02030181884766
2010-11-05,122.91999816894531,122.18000030517578,122.33999633789062,122.72000122070312,180654100,99.39288330078125
2010-11-08,122.69000244140625,121.94000244140625,122.33999633789062,122.48999786376953,156107100,99.20661163330078
2010-11-09,122.94999694824219,121.12000274658203,122.81999969482422,121.61000061035156,186621600,98.49385070800781
2010-11-10,122.16000366210938,120.66000366210938,121.58000183105469,122.0999984741211,221387400,98.89073181152344
2010-11-11,121.81999969482422,120.68000030517578,121.05000305175781,121.63999938964844,158017600,98.51815032958984
2010-11-12,121.3499984741211,119.6500015258789,120.81999969482422,120.19999694824219,239068800,97.35189056396484
2010-11-15,121.05000305175781,119.9800033569336,120.58000183105469,120.02999877929688,163940800,97.21419525146484
2010-11-16,119.48999786376953,117.58999633789062,119.29000091552734,118.16000366210938,299566200,95.69966125488281
2010-11-17,118.70999908447266,117.86000061035156,118.20999908447266,118.22000122070312,172308900,95.7482681274414
2010-11-18,120.38999938964844,119.3499984741211,119.36000061035156,119.95999908447266,197723700,97.15748596191406
2010-11-19,120.33999633789062,119.25,119.9000015258789,120.29000091552734,156852900,97.42479705810547
2010-11-22,120.23999786376953,118.7699966430664,119.69000244140625,120.19000244140625,181361000,97.34378814697266
2010-11-23,119.0199966430664,117.98999786376953,118.7699966430664,118.44999694824219,222309000,95.93451690673828
2010-11-24,120.2300033569336,119.18000030517578,119.19999694824219,120.19999694824219,140046100,97.35189056396484
2010-11-26,119.80999755859375,118.80000305175781,119.16000366210938,118.80000305175781,76007800,96.2179946899414
2010-11-29,119.4800033569336,117.73999786376953,118.5,119.16000366210938,223642300,96.50957489013672
2010-11-30,119.16999816894531,117.80999755859375,117.9800033569336,118.48999786376953,233930700,95.9669189453125
