Date,High,Low,Open,Close,Volume,Adj Close
2016-05-02,208.17999267578125,206.41000366210938,206.9199981689453,207.97000122070312,62188000,188.56121826171875
2016-05-03,206.8000030517578,205.27999877929688,206.52000427246094,206.16000366210938,106422100,186.92013549804688
2016-05-04,205.85000610351562,204.4199981689453,204.99000549316406,205.00999450683594,92243800,185.87742614746094
2016-05-05,205.97999572753906,204.47000122070312,205.55999755859375,204.97000122070312,67619200,185.84121704101562
2016-05-06,205.77000427246094,203.8800048828125,204.05999755859375,205.72000122070312,89315000,186.5211944580078
2016-05-09,206.39999389648438,205.36000061035156,205.57000732421875,205.88999938964844,74374900,186.6753387451172
2016-05-10,208.47000122070312,206.63999938964844,206.72000122070312,208.4499969482422,77472200,188.99639892578125
2016-05-11,208.5399932861328,206.5,207.91000366210938,206.5,81727000,187.22840881347656
2016-05-12,207.49000549316406,205.3699951171875,207.2899932861328,206.55999755859375,89586300,187.28280639648438
2016-05-13,206.86000061035156,204.3800048828125,206.2100067138672,204.75999450683594,96474600,185.65077209472656
2016-05-16,207.33999633789062,204.88999938964844,204.9600067138672,206.77999877929688,77486800,187.48226928710938
2016-05-17,206.8000030517578,204.22999572753906,206.4600067138672,204.85000610351562,114924900,185.73239135742188
2016-05-18,206.3000030517578,203.6300048828125,204.44000244140625,204.91000366210938,120062100,185.78675842285156
2016-05-19,204.5399932861328,202.77999877929688,204.05999755859375,204.1999969482422,115430500,185.14300537109375
2016-05-20,206.10000610351562,204.86000061035156,204.9199981689453,205.49000549316406,104990400,186.31263732910156
2016-05-23,205.83999633789062,204.99000549316406,205.50999450683594,205.2100067138672,58682600,186.05880737304688
2016-05-24,208.24000549316406,206.13999938964844,206.1699981689453,207.8699951171875,93537800,188.47052001953125
2016-05-25,209.77000427246094,207.8699951171875,208.6699981689453,209.27999877929688,76621400,189.74893188476562
2016-05-26,209.7100067138672,208.97000122070312,209.44000244140625,209.33999633789062,55280700,189.80335998535156
2016-05-27,210.25,209.47000122070312,209.52999877929688,210.24000549316406,64211200,190.61936950683594
2016-05-31,210.69000244140625,209.17999267578125,210.55999755859375,209.83999633789062,109879400,190.25668334960938
