Date,High,Low,Open,Close,Volume,Adj Close
2015-10-01,192.49000549316406,189.82000732421875,192.0800018310547,192.1300048828125,131079000,172.2803192138672
2015-10-02,195.02999877929688,189.1199951171875,189.77000427246094,195.0,211003300,174.8538055419922
2015-10-05,198.74000549316406,196.3300018310547,196.4600067138672,198.47000122070312,126320800,177.96531677246094
2015-10-06,198.97999572753906,197.0,198.30999755859375,197.7899932861328,110274500,177.3555450439453
2015-10-07,199.8300018310547,197.47999572753906,198.89999389648438,199.41000366210938,124307300,178.80819702148438
2015-10-08,201.5500030517578,198.58999633789062,198.9499969482422,201.2100067138672,153055200,180.42222595214844
2015-10-09,201.89999389648438,200.5800018310547,201.3800048828125,201.3300018310547,107069200,180.52981567382812
2015-10-12,201.75999450683594,200.91000366210938,201.4199981689453,201.52000427246094,56395600,180.70018005371094
2015-10-13,202.16000366210938,200.0500030517578,200.64999389648438,200.25,88038700,179.5614013671875
2015-10-14,200.8699951171875,198.94000244140625,200.17999267578125,199.2899932861328,99106200,178.70057678222656
2015-10-15,202.36000061035156,199.63999938964844,200.0800018310547,202.35000610351562,134142200,181.4444580078125
2015-10-16,203.2899932861328,201.9199981689453,202.8300018310547,203.27000427246094,114580100,182.26939392089844
2015-10-19,203.3699951171875,202.1300048828125,202.5,203.3699951171875,76523900,182.35903930664062
2015-10-20,203.83999633789062,202.5500030517578,202.85000610351562,203.11000061035156,78448500,182.1259307861328
2015-10-21,203.7899932861328,201.64999389648438,203.61000061035156,201.85000610351562,102038000,180.99609375
2015-10-22,205.50999450683594,201.85000610351562,202.97999572753906,205.25999450683594,174911700,184.0537872314453
2015-10-23,207.9499969482422,206.3000030517578,207.25,207.50999450683594,144442300,186.07131958007812
2015-10-26,207.3699951171875,206.55999755859375,207.3000030517578,207.0,69033000,185.61402893066406
2015-10-27,207.0,205.7899932861328,206.1999969482422,206.60000610351562,77905800,185.2553253173828
2015-10-28,208.97999572753906,206.2100067138672,207.0,208.9499969482422,135906700,187.362548828125
2015-10-29,209.27000427246094,208.2100067138672,208.35000610351562,208.8300018310547,90525500,187.25494384765625
2015-10-30,209.44000244140625,207.74000549316406,209.05999755859375,207.92999267578125,131076900,186.44796752929688
