Date,High,Low,Open,Close,Volume,Adj Close
2009-04-01,81.41999816894531,78.33000183105469,78.52999877929688,81.05999755859375,377018300,63.714698791503906
2009-04-02,84.61000061035156,81.12999725341797,83.08000183105469,83.43000030517578,476230700,65.57756042480469
2009-04-03,84.27999877929688,82.66999816894531,83.48999786376953,84.26000213623047,284646300,66.22993469238281
2009-04-06,84.27999877929688,82.29000091552734,83.33999633789062,83.5999984741211,264866600,65.71118927001953
2009-04-07,82.6500015258789,81.51000213623047,82.25,81.6500015258789,258947800,64.1784439086914
2009-04-08,82.94000244140625,81.54000091552734,82.05999755859375,82.52999877929688,230402800,64.87016296386719
2009-04-09,85.81999969482422,84.33000183105469,84.66999816894531,85.80999755859375,269653500,67.44828033447266
2009-04-13,86.54000091552734,84.58000183105469,84.91999816894531,85.83000183105469,224847500,67.46402740478516
2009-04-14,85.76000213623047,84.08000183105469,85.02999877929688,84.3499984741211,276598800,66.3006820678711
2009-04-15,85.41999816894531,83.61000061035156,83.83999633789062,85.25,250726100,67.00811004638672
2009-04-16,87.1500015258789,84.7699966430664,85.93000030517578,86.5,335202900,67.99061584472656
2009-04-17,87.6500015258789,86.13999938964844,86.83000183105469,87.08000183105469,262649000,68.44654846191406
2009-04-20,87.05000305175781,83.33999633789062,85.54000091552734,83.43000030517578,293690100,65.57756042480469
2009-04-21,85.12999725341797,82.75,82.81999969482422,85.05999755859375,114090900,66.8587646484375
2009-04-22,86.33999633789062,84.06999969482422,84.29000091552734,84.54000091552734,340395200,66.4500503540039
2009-04-23,85.41999816894531,83.62999725341797,84.70999908447266,85.37000274658203,324903700,67.10247802734375
2009-04-24,87.30999755859375,85.69000244140625,86.02999877929688,86.66000366210938,287703000,68.11639404296875
2009-04-27,87.01000213623047,85.54000091552734,85.68000030517578,85.83999633789062,289581600,67.47185516357422
2009-04-28,86.58999633789062,84.76000213623047,84.97000122070312,85.56999969482422,247926300,67.25965118408203
2009-04-29,88.36000061035156,86.30000305175781,86.5199966430664,87.38999938964844,311505700,68.69022369384766
2009-04-30,89.0199966430664,86.91999816894531,88.55000305175781,87.41999816894531,301419800,68.71375274658203
