Date,High,Low,Open,Close,Volume,Adj Close
2007-04-02,142.4600067138672,141.47999572753906,142.16000366210938,142.16000366210938,79416400,106.79764556884766
2007-04-03,143.97999572753906,142.91000366210938,142.97000122070312,143.69000244140625,82417800,107.94706726074219
2007-04-04,143.9499969482422,143.16000366210938,143.69000244140625,143.85000610351562,63995200,108.06726837158203
2007-04-05,144.44000244140625,143.61000061035156,143.6699981689453,144.24000549316406,46822800,108.3602523803711
2007-04-09,144.8000030517578,144.14999389648438,144.64999389648438,144.44000244140625,50967400,108.5104751586914
2007-04-10,144.85000610351562,144.27000427246094,144.3300018310547,144.61000061035156,56620000,108.63819122314453
2007-04-11,144.86000061035156,143.5399932861328,144.82000732421875,144.02000427246094,106365700,108.19491577148438
2007-04-12,144.9199981689453,143.33999633789062,143.74000549316406,144.66000366210938,115534400,108.67572784423828
2007-04-13,145.32000732421875,144.36000061035156,144.89999389648438,145.32000732421875,84287000,109.17155456542969
2007-04-16,146.86000061035156,145.82000732421875,145.8300018310547,146.6999969482422,83064600,110.20826721191406
2007-04-17,147.39999389648438,146.64999389648438,146.97000122070312,147.08999633789062,108424100,110.50126647949219
2007-04-18,147.6999969482422,146.57000732421875,146.60000610351562,147.27000427246094,88345300,110.63651275634766
2007-04-19,147.39999389648438,146.36000061035156,146.5500030517578,147.22999572753906,102947700,110.60641479492188
2007-04-20,148.6199951171875,147.0399932861328,148.22000122070312,148.6199951171875,124114100,111.65065002441406
2007-04-23,148.72999572753906,147.97000122070312,148.3699951171875,148.05999755859375,77270800,111.2299575805664
2007-04-24,148.39999389648438,147.32000732421875,148.22999572753906,148.1199951171875,114471000,111.27505493164062
2007-04-25,149.66000366210938,148.02000427246094,148.72999572753906,149.47999572753906,108418800,112.29674530029297
2007-04-26,149.8000030517578,149.10000610351562,149.49000549316406,149.64999389648438,88741600,112.42448425292969
2007-04-27,149.74000549316406,148.83999633789062,149.08999633789062,149.52999877929688,108191100,112.33429718017578
2007-04-30,149.74000549316406,148.2100067138672,149.63999938964844,148.2899932861328,100874100,111.40277099609375
