Date,High,Low,Open,Close,Volume,Adj Close
2013-04-01,156.91000366210938,155.6699981689453,156.58999633789062,156.0500030517578,99194100,133.18374633789062
2013-04-02,157.2100067138672,156.3699951171875,156.61000061035156,156.82000732421875,101504300,133.8408966064453
2013-04-03,157.02999877929688,154.82000732421875,156.91000366210938,155.22999572753906,154167400,132.4838409423828
2013-04-04,156.1699981689453,155.08999633789062,155.42999267578125,155.86000061035156,131885000,133.0215606689453
2013-04-05,155.35000610351562,153.77000427246094,153.9499969482422,155.16000366210938,159666000,132.4241180419922
2013-04-08,156.22000122070312,154.75,155.27000427246094,156.2100067138672,86571200,133.32032775878906
2013-04-09,157.32000732421875,155.97999572753906,156.5,156.75,101922200,133.7811279296875
2013-04-10,158.8699951171875,157.1300048828125,157.1699981689453,158.6699981689453,135711100,135.41981506347656
2013-04-11,159.7100067138672,158.5399932861328,158.6999969482422,159.19000244140625,110142500,135.8635711669922
2013-04-12,159.0399932861328,157.9199981689453,158.67999267578125,158.8000030517578,116359900,135.53070068359375
2013-04-15,158.1300048828125,155.10000610351562,158.0,155.1199951171875,217259000,132.3899688720703
2013-04-16,157.49000549316406,155.91000366210938,156.2899932861328,157.41000366210938,147507800,134.34439086914062
2013-04-17,156.32000732421875,154.27999877929688,156.2899932861328,155.11000061035156,226834800,132.38153076171875
2013-04-18,155.41000366210938,153.5500030517578,155.3699951171875,154.13999938964844,167583200,131.55355834960938
2013-04-19,155.5500030517578,154.1199951171875,154.5,155.47999572753906,149687600,132.69720458984375
2013-04-22,156.5399932861328,154.75,155.77999877929688,156.1699981689453,106553500,133.28614807128906
2013-04-23,157.92999267578125,156.1699981689453,156.9499969482422,157.77999877929688,166141300,134.66017150878906
2013-04-24,158.3000030517578,157.5399932861328,157.8300018310547,157.8800048828125,96781200,134.74559020996094
2013-04-25,159.27000427246094,158.10000610351562,158.33999633789062,158.52000427246094,131060600,135.29177856445312
2013-04-26,158.60000610351562,157.72999572753906,158.3300018310547,158.24000549316406,95918800,135.05279541015625
2013-04-29,159.64999389648438,158.4199981689453,158.6699981689453,159.3000030517578,88572800,135.9574737548828
2013-04-30,159.72000122070312,158.61000061035156,159.27000427246094,159.67999267578125,116010700,136.2817840576172
