Date,High,Low,Open,Close,Volume,Adj Close
2005-09-01,123.1500015258789,121.13999938964844,122.5199966430664,122.48999786376953,74578700.0,89.13883209228516
2005-09-02,122.87999725341797,122.04000091552734,122.8499984741211,122.2699966430664,47653400.0,88.9787368774414
2005-09-06,123.80000305175781,122.6500015258789,122.66000366210938,123.69999694824219,57251300.0,90.01936340332031
2005-09-07,124.12999725341797,123.45999908447266,123.62999725341797,123.91000366210938,41749700.0,90.1722183227539
2005-09-08,124.0,123.30999755859375,123.66000366210938,123.5,39068700.0,89.87383270263672
2005-09-09,124.73999786376953,123.80000305175781,123.83000183105469,124.5999984741211,43093900.0,90.67431640625
2005-09-12,124.66999816894531,124.2699966430664,124.44999694824219,124.3499984741211,33017600.0,90.49241638183594
2005-09-13,124.41999816894531,123.5199966430664,124.12999725341797,123.66000366210938,58427500.0,89.99027252197266
2005-09-14,123.91999816894531,123.0199966430664,123.73999786376953,123.20999908447266,57694600.0,89.66279602050781
2005-09-15,123.6500015258789,122.9000015258789,123.58999633789062,123.1500015258789,73156900.0,89.6191177368164
2005-09-16,123.73999786376953,122.87000274658203,123.30000305175781,123.5,75424100.0,90.25641632080078
2005-09-19,123.55000305175781,122.63999938964844,123.47000122070312,123.08999633789062,53355300.0,89.95675659179688
2005-09-20,123.61000061035156,121.87000274658203,123.19999694824219,122.05000305175781,84480300.0,89.19672393798828
2005-09-21,121.87000274658203,120.77999877929688,121.79000091552734,120.91000366210938,94469100.0,88.36358642578125
2005-09-22,121.66000366210938,120.44000244140625,120.94999694824219,121.33999633789062,84597200.0,88.67780303955078
2005-09-23,121.88999938964844,120.9000015258789,121.23999786376953,121.44000244140625,59368100.0,88.75090789794922
2005-09-26,122.23999786376953,121.08000183105469,122.0199966430664,121.58000183105469,70415400.0,88.85323333740234
2005-09-27,121.98999786376953,121.0199966430664,121.5199966430664,121.55000305175781,66150800.0,88.83131408691406
2005-09-28,122.12000274658203,121.19999694824219,121.93000030517578,121.66999816894531,58620500.0,88.91899108886719
2005-09-29,122.86000061035156,121.08000183105469,121.55000305175781,122.66000366210938,66607700.0,89.64251708984375
2005-09-30,123.04000091552734,121.73999786376953,122.62000274658203,123.04000091552734,47824200.0,89.92021942138672
