Date,High,Low,Open,Close,Volume,Adj Close
2003-08-01,99.52999877929688,98.23999786376953,99.19000244140625,98.51000213623047,49321000,69.19033813476562
2003-08-04,99.0,97.0,98.30999755859375,98.51000213623047,55214100,69.19033813476562
2003-08-05,98.76000213623047,96.33999633789062,98.41000366210938,96.41999816894531,61415600,67.72238159179688
2003-08-06,98.05999755859375,96.41999816894531,96.69000244140625,96.9800033569336,50096900,68.11569213867188
2003-08-07,98.06999969482422,96.76000213623047,97.16999816894531,98.0,43427400,68.83212280273438
2003-08-08,98.55000305175781,97.76000213623047,98.31999969482422,98.27999877929688,27357300,69.02879333496094
2003-08-11,99.04000091552734,97.83999633789062,98.26000213623047,98.6500015258789,34631400,69.28866577148438
2003-08-12,99.58999633789062,98.41999816894531,98.70999908447266,99.55000305175781,43285600,69.9207992553711
2003-08-13,99.8499984741211,98.52999877929688,99.81999969482422,99.04000091552734,36152000,69.56256866455078
2003-08-14,99.75,98.44999694824219,99.0999984741211,99.30999755859375,35525100,69.75224304199219
2003-08-15,99.79000091552734,99.12000274658203,99.36000061035156,99.62000274658203,12567000,69.96998596191406
2003-08-18,100.5999984741211,99.73999786376953,99.93000030517578,100.4800033569336,22873800,70.57401275634766
2003-08-19,100.94000244140625,100.0,100.69000244140625,100.86000061035156,37437700,70.84088134765625
2003-08-20,100.88999938964844,100.16000366210938,100.29000091552734,100.44999694824219,21295300,70.55291748046875
2003-08-21,101.5199966430664,100.4000015258789,101.05000305175781,100.7699966430664,46494200,70.77769470214844
2003-08-22,101.81999969482422,99.7300033569336,101.75,99.7699966430664,52040300,70.0752944946289
2003-08-25,100.83000183105469,99.27999877929688,99.70999908447266,99.93000030517578,23473000,70.18769836425781
2003-08-26,100.38999938964844,98.83000183105469,99.5,100.11000061035156,45065800,70.31417846679688
2003-08-27,100.36000061035156,99.56999969482422,100.05000305175781,100.13999938964844,18919500,70.3351821899414
2003-08-28,101.0,99.66000366210938,100.4000015258789,100.76000213623047,27402400,70.77066040039062
2003-08-29,101.4800033569336,100.4800033569336,100.61000061035156,101.44000244140625,28706600,71.24827575683594
