Date,High,Low,Open,Close,Volume,Adj Close
2002-01-02,115.75,113.80999755859375,115.11000061035156,115.52999877929688,18651900,79.2711410522461
2002-01-03,116.94999694824219,115.54000091552734,115.6500015258789,116.83999633789062,15743000,80.17002868652344
2002-01-04,117.9800033569336,116.55000305175781,117.16999816894531,117.62000274658203,20140700,80.70524597167969
2002-01-07,117.98999786376953,116.55999755859375,117.69999694824219,116.79000091552734,13106500,80.1357192993164
2002-01-08,117.05999755859375,115.97000122070312,116.79000091552734,116.5199966430664,12683700,79.950439453125
2002-01-09,117.77999877929688,115.33999633789062,116.68000030517578,115.56999969482422,16610300,79.29859924316406
2002-01-10,116.3499984741211,115.30000305175781,115.69000244140625,116.08000183105469,12823400,79.64851379394531
2002-01-11,116.27999877929688,114.69999694824219,116.20999908447266,114.94000244140625,13708400,78.8663330078125
2002-01-14,114.83999633789062,113.95999908447266,114.6500015258789,114.22000122070312,12301100,78.37230682373047
2002-01-15,115.38999938964844,113.9000015258789,114.55000305175781,115.1500015258789,20219900,79.01043701171875
2002-01-16,114.4000015258789,112.69000244140625,114.30000305175781,112.81999969482422,17067000,77.41170501708984
2002-01-17,114.23999786376953,113.4000015258789,113.76000213623047,113.66999816894531,17283400,77.99493408203125
2002-01-18,113.8499984741211,112.66999816894531,113.0,113.1500015258789,17028000,77.63811492919922
2002-01-22,113.93000030517578,112.0199966430664,113.75,112.37000274658203,11689300,77.1029281616211
2002-01-23,113.55000305175781,112.0199966430664,112.62999725341797,113.2300033569336,12438900,77.6930160522461
2002-01-24,114.25,113.31999969482422,113.63999938964844,113.58000183105469,12142800,77.93315887451172
2002-01-25,114.18000030517578,113.04000091552734,113.12000274658203,113.55000305175781,12810700,77.91259002685547
2002-01-28,114.19000244140625,112.91999816894531,113.9000015258789,113.86000061035156,10589200,78.12528228759766
2002-01-29,114.12999725341797,110.05000305175781,113.8499984741211,110.27999877929688,27720800,75.66885375976562
2002-01-30,113.38999938964844,108.4000015258789,110.38999938964844,111.87000274658203,34711800,76.75983428955078
2002-01-31,113.30000305175781,111.62000274658203,112.1500015258789,113.18000030517578,19909200,77.65869140625
