Date,High,Low,Open,Close,Volume,Adj Close
2017-09-01,248.3300018310547,247.6699981689453,247.9199981689453,247.83999633789062,62007000.0,230.46990966796875
2017-09-05,247.52000427246094,244.9499969482422,247.25999450683594,246.05999755859375,91398800.0,228.81466674804688
2017-09-06,247.27999877929688,246.22999572753906,246.83999633789062,246.89999389648438,57916900.0,229.5957794189453
2017-09-07,247.27000427246094,246.39999389648438,247.25,246.8699951171875,58034700.0,229.56787109375
2017-09-08,247.11000061035156,246.3000030517578,246.5399932861328,246.5800018310547,63832800.0,229.2982177734375
2017-09-11,249.3000030517578,248.02000427246094,248.0399932861328,249.2100067138672,71364800.0,231.74388122558594
2017-09-12,250.08999633789062,249.4199981689453,249.6300048828125,250.0500030517578,56896000.0,232.52503967285156
2017-09-13,250.2100067138672,249.58999633789062,249.72000122070312,250.1699981689453,59228000.0,232.63661193847656
2017-09-14,250.32000732421875,249.60000610351562,249.8000030517578,250.08999633789062,95446300.0,232.56222534179688
2017-09-15,249.2899932861328,248.57000732421875,248.69000244140625,249.19000244140625,95432400.0,232.87527465820312
2017-09-18,250.1199951171875,249.27999877929688,249.61000061035156,249.72000122070312,46235200.0,233.37063598632812
2017-09-19,250.07000732421875,249.60000610351562,250.0,249.97000122070312,47108100.0,233.60423278808594
2017-09-20,250.19000244140625,248.9199981689453,250.07000732421875,250.05999755859375,59574100.0,233.6883087158203
2017-09-21,249.97999572753906,249.19000244140625,249.8800048828125,249.38999938964844,48211400.0,233.06219482421875
2017-09-22,249.6300048828125,249.02000427246094,249.0500030517578,249.44000244140625,51214000.0,233.10891723632812
2017-09-25,249.5500030517578,248.0800018310547,249.14999389648438,248.92999267578125,57064400.0,232.63232421875
2017-09-26,249.6999969482422,248.80999755859375,249.4199981689453,249.0800018310547,54082000.0,232.77252197265625
2017-09-27,250.49000549316406,248.8699951171875,249.8800048828125,250.0500030517578,81001400.0,233.6790008544922
2017-09-28,250.44000244140625,249.6300048828125,249.72999572753906,250.35000610351562,44778800.0,233.95933532714844
2017-09-29,251.32000732421875,250.1300048828125,250.33999633789062,251.22999572753906,85578000.0,234.78172302246094
