Date,High,Low,Open,Close,Volume,Adj Close
2015-01-02,206.8800048828125,204.17999267578125,206.3800048828125,205.42999267578125,121465900,181.55599975585938
2015-01-05,204.3699951171875,201.35000610351562,204.1699981689453,201.72000122070312,169632600,178.2771759033203
2015-01-06,202.72000122070312,198.86000061035156,202.08999633789062,199.82000732421875,209151400,176.5980224609375
2015-01-07,202.72000122070312,200.8800048828125,201.4199981689453,202.30999755859375,125346700,178.79861450195312
2015-01-08,206.16000366210938,203.99000549316406,204.00999450683594,205.89999389648438,147217800,181.97142028808594
2015-01-09,206.4199981689453,203.50999450683594,206.39999389648438,204.25,158567300,180.51316833496094
2015-01-12,204.60000610351562,201.9199981689453,204.41000366210938,202.64999389648438,144396100,179.09912109375
2015-01-13,205.47999572753906,200.50999450683594,204.1199951171875,202.0800018310547,214553300,178.59532165527344
2015-01-14,201.10000610351562,198.57000732421875,199.64999389648438,200.86000061035156,192991100,177.51712036132812
2015-01-15,202.00999450683594,198.8800048828125,201.6300048828125,199.02000427246094,176613900,175.89102172851562
2015-01-16,201.82000732421875,198.5500030517578,198.77000427246094,201.6300048828125,211879600,178.1976776123047
2015-01-20,202.72000122070312,200.1699981689453,202.39999389648438,202.05999755859375,130991100,178.5776824951172
2015-01-21,203.66000366210938,200.94000244140625,201.5,203.0800018310547,122942700,179.47915649414062
2015-01-22,206.25999450683594,202.3300018310547,203.99000549316406,206.10000610351562,174356000,182.14820861816406
2015-01-23,206.10000610351562,204.80999755859375,205.7899932861328,204.97000122070312,117516800,181.1494903564453
2015-01-26,205.55999755859375,203.85000610351562,204.7100067138672,205.4499969482422,92009700,181.57369995117188
2015-01-27,204.1199951171875,201.74000549316406,202.97000122070312,202.74000549316406,134044600,179.1786346435547
2015-01-28,204.2899932861328,199.91000366210938,204.1699981689453,200.13999938964844,168514300,176.88076782226562
2015-01-29,202.3000030517578,198.67999267578125,200.3800048828125,201.99000549316406,173585400,178.51580810546875
2015-01-30,202.1699981689453,199.1300048828125,200.57000732421875,199.4499969482422,197729700,176.27099609375
