Date,High,Low,Open,Close,Volume,Adj Close
2003-04-01,86.38999938964844,84.91000366210938,85.25,86.04000091552734,53574000,60.214290618896484
2003-04-02,88.7699966430664,87.5,87.54000091552734,88.12000274658203,50431200,61.66993713378906
2003-04-03,88.98999786376953,87.6500015258789,88.87000274658203,87.69999694824219,48755500,61.376033782958984
2003-04-04,88.58999633789062,87.62000274658203,88.43000030517578,88.22000122070312,36250100,61.739952087402344
2003-04-07,90.8499984741211,87.97000122070312,90.33999633789062,88.05000305175781,69776200,61.62099075317383
2003-04-08,88.6500015258789,87.70999908447266,88.30000305175781,88.19000244140625,39712700,61.718955993652344
2003-04-09,89.0999984741211,86.7699966430664,88.36000061035156,87.02999877929688,55647300,60.907135009765625
2003-04-10,87.62999725341797,85.70999908447266,87.08999633789062,87.51000213623047,41812400,61.243064880371094
2003-04-11,88.69999694824219,86.86000061035156,88.16000366210938,87.1500015258789,47730100,60.99110412597656
2003-04-14,89.0,87.0,87.47000122070312,88.94999694824219,36711700,62.25082015991211
2003-04-15,89.77999877929688,88.41999816894531,88.83999633789062,89.77999877929688,49709800,62.831687927246094
2003-04-16,90.05999755859375,88.02999877929688,89.91000366210938,88.25,51788000,61.76094055175781
2003-04-17,89.72000122070312,88.19000244140625,88.30000305175781,89.55999755859375,37403100,62.67774963378906
2003-04-21,90.16000366210938,89.05999755859375,89.86000061035156,89.6500015258789,32052700,62.7407112121582
2003-04-22,91.55999755859375,88.88999938964844,89.0999984741211,91.33999633789062,59763600,63.92345428466797
2003-04-23,92.3499984741211,91.23999786376953,91.62000274658203,92.18000030517578,44227100,64.51129913330078
2003-04-24,92.08000183105469,90.95999908447266,91.52999877929688,91.36000061035156,49692400,63.93743133544922
2003-04-25,91.47000122070312,90.0199966430664,91.30000305175781,90.2300033569336,43917200,63.14662551879883
2003-04-28,92.19000244140625,90.30000305175781,90.44000244140625,91.79000091552734,46432900,64.23841094970703
2003-04-29,92.80000305175781,91.4000015258789,92.13999938964844,92.11000061035156,52017100,64.46231842041016
2003-04-30,92.56999969482422,91.41000366210938,91.91000366210938,91.91000366210938,48709100,64.32231903076172
