Date,High,Low,Open,Close,Volume,Adj Close
2014-04-01,188.36000061035156,187.0,187.6199951171875,188.25,89193000,163.90419006347656
2014-04-02,189.1300048828125,188.13999938964844,188.49000549316406,188.8800048828125,78774000,164.45272827148438
2014-04-03,189.22000122070312,188.0500030517578,189.1699981689453,188.6300048828125,77435000,164.23507690429688
2014-04-04,189.6999969482422,186.10000610351562,189.66000366210938,186.39999389648438,169381000,162.2934112548828
2014-04-07,186.25999450683594,183.9600067138672,185.9499969482422,184.33999633789062,140803000,160.4998779296875
2014-04-08,185.39999389648438,183.58999633789062,184.25999450683594,185.10000610351562,112660000,161.16156005859375
2014-04-09,187.14999389648438,185.05999755859375,185.60000610351562,187.08999633789062,100254000,162.89419555664062
2014-04-10,187.1699981689453,182.92999267578125,187.0800018310547,183.16000366210938,172959000,159.4724578857422
2014-04-11,183.4199981689453,181.30999755859375,182.13999938964844,181.50999450683594,167251000,158.03585815429688
2014-04-14,183.3699951171875,181.44000244140625,182.92999267578125,182.94000244140625,132382000,159.2808837890625
2014-04-15,184.3300018310547,181.50999450683594,183.32000732421875,184.1999969482422,157093000,160.3779296875
2014-04-16,186.13999938964844,184.64999389648438,185.47000122070312,186.1300048828125,105197000,162.05838012695312
2014-04-17,186.91000366210938,185.55999755859375,185.8800048828125,186.38999938964844,105255000,162.2847137451172
2014-04-21,187.10000610351562,186.2100067138672,186.44000244140625,187.0399932861328,68329000,162.8506317138672
2014-04-22,188.39999389648438,187.1300048828125,187.22999572753906,187.88999938964844,85790000,163.59071350097656
2014-04-23,187.9199981689453,187.3000030517578,187.82000732421875,187.4499969482422,73869000,163.2075958251953
2014-04-24,188.38999938964844,186.92999267578125,188.3699951171875,187.8300018310547,88170000,163.53846740722656
2014-04-25,187.3300018310547,185.8699951171875,187.22000122070312,186.2899932861328,100380000,162.1976776123047
2014-04-28,187.69000244140625,184.9600067138672,187.0500030517578,186.8800048828125,135121000,162.7113494873047
2014-04-29,188.0399932861328,187.0800018310547,187.47999572753906,187.75,84098000,163.4688262939453
2014-04-30,188.5,187.17999267578125,187.44000244140625,188.30999755859375,101508000,163.9564208984375
