Date,High,Low,Open,Close,Volume,Adj Close
2016-04-01,207.13999938964844,203.97999572753906,204.35000610351562,206.9199981689453,114423500,187.6091766357422
2016-04-04,207.07000732421875,205.88999938964844,206.8300018310547,206.25,63497000,187.00172424316406
2016-04-05,206.25999450683594,203.88999938964844,204.6699981689453,204.19000244140625,99662200,185.1339569091797
2016-04-06,206.49000549316406,203.97999572753906,204.19000244140625,206.4199981689453,91839800,187.15586853027344
2016-04-07,205.55999755859375,203.08999633789062,205.13999938964844,203.9499969482422,113859000,184.91635131835938
2016-04-08,205.85000610351562,203.8699951171875,205.33999633789062,204.5,95040600,185.41506958007812
2016-04-11,206.07000732421875,203.91000366210938,205.25,204.02000427246094,83757500,184.97984313964844
2016-04-12,206.25,203.6999969482422,204.22000122070312,205.9199981689453,115350600,186.70252990722656
2016-04-13,208.10000610351562,206.83999633789062,207.0,208.0,96336400,188.58839416503906
2016-04-14,208.60000610351562,207.60000610351562,208.07000732421875,208.00999450683594,65212900,188.5974578857422
2016-04-15,208.1699981689453,207.39999389648438,208.00999450683594,207.77999877929688,75761600,188.3889617919922
2016-04-18,209.27999877929688,207.0,207.77999877929688,209.24000549316406,82531000,189.7126922607422
2016-04-19,210.1999969482422,208.94000244140625,209.74000549316406,209.89999389648438,88316100,190.31106567382812
2016-04-20,210.9199981689453,209.38999938964844,209.9499969482422,210.10000610351562,81100300,190.49241638183594
2016-04-21,210.25,208.64999389648438,210.1199951171875,208.97000122070312,85695000,189.46788024902344
2016-04-22,209.2899932861328,207.91000366210938,208.5500030517578,208.97000122070312,99251700,189.46788024902344
2016-04-25,208.66000366210938,207.5399932861328,208.25999450683594,208.61000061035156,66166500,189.1414794921875
2016-04-26,209.52000427246094,208.36000061035156,209.0399932861328,208.9199981689453,75864200,189.4225616455078
2016-04-27,209.80999755859375,208.0500030517578,208.47000122070312,209.35000610351562,77329400,189.8124237060547
2016-04-28,209.75999450683594,206.9600067138672,208.4600067138672,207.4499969482422,97216200,188.0897216796875
2016-04-29,207.1300048828125,205.02999877929688,206.72000122070312,206.3300018310547,142424100,187.07424926757812
