Date,High,Low,Open,Close,Volume,Adj Close
2001-05-01,127.1500015258789,124.5999984741211,125.06999969482422,127.05000305175781,10578000,86.30659484863281
2001-05-02,127.69000244140625,126.0,127.41000366210938,126.81999969482422,9572900,86.15034484863281
2001-05-03,126.1500015258789,124.22000122070312,126.12999725341797,125.20999908447266,9926200,85.056640625
2001-05-04,127.3499984741211,123.44000244140625,123.6500015258789,127.33999633789062,12145300,86.50357818603516
2001-05-07,127.37999725341797,126.2300033569336,126.86000061035156,126.23999786376953,7185200,85.75633239746094
2001-05-08,127.0999984741211,125.55999755859375,126.86000061035156,126.18000030517578,6952600,85.71556854248047
2001-05-09,126.55000305175781,125.05999755859375,125.25,125.6500015258789,9507400,85.35556030273438
2001-05-10,127.5,125.7699966430664,127.26000213623047,126.0199966430664,6872400,85.60689544677734
2001-05-11,126.48999786376953,124.4000015258789,126.0,125.1500015258789,7734400,85.01588439941406
2001-05-14,125.44000244140625,124.45999908447266,124.9000015258789,125.4000015258789,7914000,85.18572235107422
2001-05-15,126.5,124.8499984741211,125.55000305175781,125.9800033569336,9782200,85.5797119140625
2001-05-16,129.1999969482422,124.62000274658203,124.83999633789062,128.9499969482422,14909000,87.5972671508789
2001-05-17,130.0800018310547,128.55999755859375,129.0,129.14999389648438,11824600,87.73312377929688
2001-05-18,129.74000549316406,128.10000610351562,129.08999633789062,129.74000549316406,6683100,88.13394927978516
2001-05-21,131.83999633789062,129.14999389648438,129.83999633789062,131.64999389648438,11531500,89.43143463134766
2001-05-22,132.08999633789062,131.07000732421875,131.8300018310547,131.47999572753906,8342700,89.31591033935547
2001-05-23,131.0500030517578,129.25,131.0500030517578,129.25,12330800,87.80107116699219
2001-05-24,130.0,128.5500030517578,129.47000122070312,129.6300048828125,7902800,88.05921173095703
2001-05-25,129.6999969482422,127.9000015258789,129.64999389648438,128.10000610351562,7425000,87.0198745727539
2001-05-29,128.35000610351562,126.9000015258789,128.22000122070312,127.08000183105469,9003900,86.32695770263672
2001-05-30,127.08999633789062,125.0,126.58999633789062,125.30000305175781,10041800,85.1177749633789
2001-05-31,126.76000213623047,125.26000213623047,125.43000030517578,125.94999694824219,9874200,85.55936431884766
