Date,High,Low,Open,Close,Volume,Adj Close
2005-10-03,123.33999633789062,122.44999694824219,122.95999908447266,122.5999984741211,50994800,89.59866333007812
2005-10-04,123.02999877929688,121.16000366210938,122.79000091552734,121.22000122070312,60776300,88.59014129638672
2005-10-05,121.30999755859375,119.56999969482422,121.25,119.62999725341797,106052100,87.42813873291016
2005-10-06,120.26000213623047,118.16999816894531,119.77999877929688,119.19999694824219,140941800,87.1138687133789
2005-10-07,120.05000305175781,119.12999725341797,119.69999694824219,119.61000061035156,75661400,87.41349029541016
2005-10-10,119.70999908447266,118.30000305175781,119.68000030517578,118.5999984741211,52677000,86.67536163330078
2005-10-11,119.38999938964844,118.31999969482422,118.98999786376953,118.43000030517578,75629800,86.5511245727539
2005-10-12,119.12999725341797,117.41000366210938,118.38999938964844,117.5,100510400,85.8714828491211
2005-10-13,118.08000183105469,116.87999725341797,117.45999908447266,117.43000030517578,99052900,85.82032012939453
2005-10-14,118.80999755859375,117.55999755859375,118.12000274658203,118.66999816894531,88651000,86.72654724121094
2005-10-17,119.2699966430664,118.44999694824219,118.80000305175781,119.11000061035156,68109300,87.048095703125
2005-10-18,118.95999908447266,117.80000305175781,118.94000244140625,117.81999969482422,74996900,86.10531616210938
2005-10-19,119.80000305175781,117.12000274658203,117.5,119.77999877929688,116563800,87.53776550292969
2005-10-20,119.80999755859375,117.30000305175781,119.48999786376953,117.66999816894531,131966700,85.99568176269531
2005-10-21,118.77999877929688,117.51000213623047,118.29000091552734,118.12999725341797,96579500,86.33187866210938
2005-10-24,120.08999633789062,118.41000366210938,118.44000244140625,119.95999908447266,71308400,87.66929626464844
2005-10-25,120.23999786376953,118.94000244140625,119.72000122070312,119.72000122070312,76594500,87.49390411376953
2005-10-26,120.54000091552734,119.19000244140625,119.51000213623047,119.37000274658203,80855800,87.2381362915039
2005-10-27,119.37000274658203,117.93000030517578,119.19999694824219,118.0999984741211,66623100,86.30994415283203
2005-10-28,119.94999694824219,118.0999984741211,118.43000030517578,119.80000305175781,72322000,87.5523681640625
2005-10-31,121.30000305175781,120.12999725341797,120.29000091552734,120.12999725341797,77698900,87.79352569580078
