Date,High,Low,Open,Close,Volume,Adj Close
2008-05-01,141.1199951171875,138.27000427246094,138.3800048828125,141.1199951171875,187279500,108.07856750488281
2008-05-02,142.3699951171875,140.55999755859375,142.33999633789062,141.50999450683594,181585500,108.37722778320312
2008-05-05,141.61000061035156,140.41000366210938,141.0500030517578,140.8300018310547,118504500,107.85649108886719
2008-05-06,142.1999969482422,139.69000244140625,140.02000427246094,142.0500030517578,179339800,108.79084014892578
2008-05-07,142.0399932861328,139.1300048828125,141.88999938964844,139.52000427246094,199267300,106.85316467285156
2008-05-08,140.32000732421875,138.97999572753906,139.74000549316406,139.16000366210938,178321200,106.57745361328125
2008-05-09,139.38999938964844,138.4499969482422,138.60000610351562,138.89999389648438,152588200,106.37834167480469
2008-05-12,140.55999755859375,138.72999572753906,139.25,140.4600067138672,147865900,107.57305908203125
2008-05-13,140.88999938964844,139.72999572753906,140.8000030517578,140.47999572753906,159132200,107.58837890625
2008-05-14,142.1999969482422,140.4600067138672,141.07000732421875,140.77000427246094,181910800,107.81045532226562
2008-05-15,142.6300048828125,140.8300018310547,141.0399932861328,142.52999877929688,166927000,109.15843963623047
2008-05-16,142.8699951171875,141.61000061035156,142.86000061035156,142.66000366210938,204236800,109.25800323486328
2008-05-19,144.3000030517578,142.3000030517578,142.80999755859375,143.0500030517578,165664400,109.55667877197266
2008-05-20,142.33999633789062,141.0,142.27000427246094,141.88999938964844,178552100,108.66830444335938
2008-05-21,142.1199951171875,139.0,141.80999755859375,139.49000549316406,252724800,106.83018493652344
2008-05-22,140.1699981689453,139.0,139.42999267578125,139.50999450683594,170820400,106.84551239013672
2008-05-23,139.66000366210938,137.52000427246094,139.0500030517578,137.63999938964844,181376400,105.4133529663086
2008-05-27,139.0,137.52999877929688,137.8000030517578,138.66000366210938,168322900,106.19453430175781
2008-05-28,140.0,138.0,139.1699981689453,139.3000030517578,181288100,106.68470764160156
2008-05-29,140.92999267578125,139.0800018310547,139.1300048828125,140.0,173927200,107.22078704833984
2008-05-30,140.74000549316406,139.94000244140625,140.47000122070312,140.35000610351562,117362000,107.48882293701172
