Date,High,Low,Open,Close,Volume,Adj Close
2001-04-02,117.37999725341797,113.80000305175781,116.30000305175781,114.19999694824219,10561000,77.577392578125
2001-04-03,114.1500015258789,110.05999755859375,113.9800033569336,110.38999938964844,12836000,74.9892578125
2001-04-04,112.0999984741211,109.30000305175781,110.56999969482422,110.8499984741211,14884300,75.3017349243164
2001-04-05,115.48999786376953,112.5,113.30000305175781,115.05000305175781,21522800,78.15484619140625
2001-04-06,114.4000015258789,112.05999755859375,113.98999786376953,113.30000305175781,14937800,76.96605682373047
2001-04-09,114.98999786376953,112.77999877929688,114.0,114.55999755859375,9034300,77.82196807861328
2001-04-10,117.75,115.16999816894531,115.44999694824219,116.6500015258789,17873600,79.2417221069336
2001-04-11,118.98999786376953,116.13999938964844,118.77999877929688,116.7300033569336,12722300,79.2961196899414
2001-04-12,118.94000244140625,115.95999908447266,116.30000305175781,118.8499984741211,9233200,80.7362060546875
2001-04-16,118.88999938964844,116.91000366210938,118.29000091552734,117.5999984741211,7350000,79.88709259033203
2001-04-17,119.66000366210938,117.0199966430664,117.30999755859375,119.26000213623047,10924700,81.01470947265625
2001-04-18,126.0,120.69000244140625,121.05999755859375,124.0,32481600,84.23469543457031
2001-04-19,125.83999633789062,123.58000183105469,124.25,125.6500015258789,13809900,85.35556030273438
2001-04-20,125.4000015258789,123.66000366210938,124.9000015258789,124.5,7626700,84.57433319091797
2001-04-23,123.88999938964844,121.91000366210938,123.6500015258789,122.23999786376953,8451800,83.03907775878906
2001-04-24,123.6500015258789,121.0999984741211,122.5199966430664,121.58000183105469,10044700,82.59076690673828
2001-04-25,123.66999816894531,120.94999694824219,121.41999816894531,123.16999816894531,8249000,83.67084503173828
2001-04-26,125.22000122070312,123.5,123.7300033569336,123.72000122070312,10590400,84.04448699951172
2001-04-27,125.83999633789062,124.19999694824219,124.91999816894531,125.77999877929688,7938700,85.44384765625
2001-04-30,127.2699966430664,124.66999816894531,126.44999694824219,126.66000366210938,10766900,86.04166412353516
