Date,High,Low,Open,Close,Volume,Adj Close
2003-03-03,85.77999877929688,83.72000122070312,85.26000213623047,84.08999633789062,42923100.0,58.61326217651367
2003-03-04,84.01000213623047,82.6500015258789,83.94999694824219,82.75,31440500.0,57.67924880981445
2003-03-05,83.54000091552734,82.36000061035156,82.61000061035156,83.44999694824219,43974700.0,58.16716003417969
2003-03-06,83.5199966430664,82.47000122070312,82.87000274658203,82.75,41217700.0,57.67924880981445
2003-03-07,83.98999786376953,81.43000030517578,81.61000061035156,83.31999969482422,63538000.0,58.07655334472656
2003-03-10,82.86000061035156,81.0999984741211,82.5999984741211,81.31999969482422,41014100.0,56.68248748779297
2003-03-11,82.0,80.4800033569336,81.4800033569336,80.5199966430664,48102700.0,56.12486267089844
2003-03-12,81.0999984741211,79.37999725341797,80.37999725341797,81.05999755859375,62459800.0,56.50127029418945
2003-03-13,83.91000366210938,81.52999877929688,82.18000030517578,83.86000061035156,72117800.0,58.45294189453125
2003-03-14,84.7699966430664,83.3499984741211,84.19999694824219,84.12999725341797,63951800.0,58.64112854003906
2003-03-17,86.94999694824219,83.22000122070312,83.45999908447266,86.77999877929688,88217500.0,60.48826599121094
2003-03-18,87.3499984741211,86.27999877929688,87.1500015258789,87.29000091552734,50792300.0,60.843780517578125
2003-03-19,88.16000366210938,86.68000030517578,87.27999877929688,87.95999908447266,49630800.0,61.310768127441406
2003-03-20,88.58999633789062,86.3499984741211,87.33000183105469,88.1500015258789,67321600.0,61.4432258605957
2003-03-21,89.87999725341797,87.93000030517578,88.80000305175781,89.66999816894531,71165300.0,62.754703521728516
2003-03-24,88.13999938964844,86.3499984741211,88.0199966430664,86.69000244140625,65398900.0,60.6691780090332
2003-03-25,88.26000213623047,86.44000244140625,86.73999786376953,87.5199966430664,61040100.0,61.250057220458984
2003-03-26,87.8499984741211,86.80000305175781,87.55999755859375,87.08000183105469,45740800.0,60.94212341308594
2003-03-27,87.66000366210938,85.98999786376953,86.4000015258789,87.1500015258789,53120200.0,60.99110412597656
2003-03-28,87.27999877929688,86.25,86.47000122070312,86.70999908447266,32583000.0,60.68321228027344
2003-03-31,86.58999633789062,84.4000015258789,85.3499984741211,84.73999786376953,61119500.0,59.30448532104492
