Date,High,Low,Open,Close,Volume,Adj Close
2010-07-01,103.48999786376953,101.12999725341797,103.1500015258789,102.76000213623047,382924800,82.78376007080078
2010-07-02,103.41999816894531,101.62000274658203,103.11000061035156,102.19999694824219,233385200,82.33261108398438
2010-07-06,104.37000274658203,101.87999725341797,103.63999938964844,102.87000274658203,256935300,82.87238311767578
2010-07-07,106.23999786376953,103.0199966430664,103.12999725341797,106.11000061035156,253769400,85.48253631591797
2010-07-08,107.27999877929688,105.91000366210938,107.0,107.16000366210938,210842100,86.32841491699219
2010-07-09,107.97000122070312,106.93000030517578,107.12999725341797,107.95999908447266,144999900,86.97290802001953
2010-07-12,108.23999786376953,107.1500015258789,107.5999984741211,108.02999877929688,131283600,87.0292739868164
2010-07-13,110.08999633789062,108.93000030517578,109.1500015258789,109.66000366210938,213025900,88.34242248535156
2010-07-14,110.08000183105469,108.86000061035156,109.30999755859375,109.6500015258789,184426800,88.33435821533203
2010-07-15,110.05999755859375,108.16999816894531,109.61000061035156,109.68000030517578,232337900,88.35855865478516
2010-07-16,109.20999908447266,106.44999694824219,109.08999633789062,106.66000366210938,282693400,85.9256362915039
2010-07-19,107.62999725341797,106.22000122070312,107.05000305175781,107.29000091552734,186709000,86.43313598632812
2010-07-20,108.55999755859375,105.81999969482422,105.87000274658203,108.4800033569336,258162400,87.39181518554688
2010-07-21,109.06999969482422,106.62999725341797,109.04000091552734,107.06999969482422,264527000,86.25590515136719
2010-07-22,109.94000244140625,108.33000183105469,108.33999633789062,109.45999908447266,274781300,88.18130493164062
2010-07-23,110.56999969482422,108.93000030517578,109.23999786376953,110.41000366210938,222020800,88.9466323852539
2010-07-26,111.66999816894531,110.29000091552734,110.5999984741211,111.55999755859375,184445700,89.87306213378906
2010-07-27,112.29000091552734,111.11000061035156,112.16999816894531,111.55000305175781,204855600,89.86500549316406
2010-07-28,111.66000366210938,110.45999908447266,111.31999969482422,110.83000183105469,163056200,89.28497314453125
2010-07-29,111.81999969482422,109.41000366210938,111.5199966430664,110.29000091552734,220149100,88.84996795654297
2010-07-30,110.86000061035156,108.9800033569336,109.16999816894531,110.2699966430664,220070600,88.83382415771484
