Date,High,Low,Open,Close,Volume,Adj Close
2000-02-01,141.6875,138.53125,139.75,140.9375,8419900,94.48975372314453
2000-02-02,142.25,140.375,141.28125,141.0625,6205900,94.57353210449219
2000-02-03,143.25,140.0,140.875,143.1875,7997500,95.9981918334961
2000-02-04,144.0,142.125,143.1875,142.59375,4925400,95.60015106201172
2000-02-07,142.78125,141.4375,142.5625,142.375,5845800,95.45348358154297
2000-02-08,144.5625,143.625,143.96875,144.3125,4936400,96.75244140625
2000-02-09,144.46875,141.265625,144.46875,141.28125,8511500,94.72017669677734
2000-02-10,142.5625,140.875,141.625,141.5625,6690600,94.90877532958984
2000-02-11,141.9375,138.03125,141.84375,138.6875,9849800,92.98129272460938
2000-02-14,139.78125,138.3125,139.78125,139.5,8528800,93.52600860595703
2000-02-15,141.21875,137.796875,139.25,141.078125,11078300,94.5840072631836
2000-02-16,140.9375,138.796875,140.375,139.0,8845400,93.19078063964844
2000-02-17,140.4375,138.21875,140.4375,138.28125,7584200,92.70887756347656
2000-02-18,138.875,134.625,138.875,135.3125,9409200,90.7185287475586
2000-02-22,136.34375,133.53125,135.1875,134.96875,16415400,90.48806762695312
2000-02-23,137.46875,134.5,135.625,136.5625,12119000,91.55653381347656
2000-02-24,137.03125,133.09375,136.6875,133.8125,17375000,89.71286010742188
2000-02-25,136.71875,133.125,135.1875,133.328125,10559900,89.38813018798828
2000-02-28,136.6875,132.71875,133.375,136.125,13397800,91.26325988769531
2000-02-29,137.4375,135.75,136.0625,137.4375,8242500,92.14319610595703
