Date,High,Low,Open,Close,Volume,Adj Close
2015-09-01,194.77000427246094,190.72999572753906,193.1199951171875,191.77000427246094,256000400.0,171.06813049316406
2015-09-02,195.4600067138672,192.4199981689453,194.6199951171875,195.41000366210938,160269300.0,174.31521606445312
2015-09-03,198.0500030517578,194.9600067138672,196.25999450683594,195.5500030517578,152087800.0,174.44009399414062
2015-09-04,193.86000061035156,191.61000061035156,192.85000610351562,192.58999633789062,207081000.0,171.7996063232422
2015-09-08,197.61000061035156,195.1699981689453,195.94000244140625,197.42999267578125,116025700.0,176.1171112060547
2015-09-09,199.47000122070312,194.35000610351562,199.32000732421875,194.7899932861328,149347700.0,173.7621307373047
2015-09-10,197.22000122070312,194.25,194.55999755859375,195.85000610351562,158611100.0,174.70767211914062
2015-09-11,196.82000732421875,194.52999877929688,195.3800048828125,196.74000549316406,119691200.0,175.5016326904297
2015-09-14,197.00999450683594,195.42999267578125,196.9499969482422,196.00999450683594,79452000.0,174.85047912597656
2015-09-15,198.99000549316406,195.9600067138672,196.61000061035156,198.4600067138672,113806200.0,177.03594970703125
2015-09-16,200.41000366210938,198.41000366210938,198.82000732421875,200.17999267578125,99581600.0,178.5702667236328
2015-09-17,202.88999938964844,199.27999877929688,200.02000427246094,199.72999572753906,276046600.0,178.1688232421875
2015-09-18,198.67999267578125,194.9600067138672,195.7100067138672,195.4499969482422,223657500.0,175.2572784423828
2015-09-21,197.67999267578125,195.2100067138672,196.44000244140625,196.4600067138672,105726200.0,176.16294860839844
2015-09-22,194.4600067138672,192.55999755859375,193.8800048828125,193.91000366210938,153890900.0,173.8764190673828
2015-09-23,194.6699981689453,192.91000366210938,194.11000061035156,193.60000610351562,92790600.0,173.5984649658203
2015-09-24,193.4499969482422,190.55999755859375,192.14999389648438,192.89999389648438,159378800.0,172.9707489013672
2015-09-25,195.0,191.80999755859375,194.63999938964844,192.85000610351562,155054800.0,172.92593383789062
2015-09-28,191.91000366210938,187.63999938964844,191.77999877929688,188.00999450683594,178515900.0,168.58595275878906
2015-09-29,189.74000549316406,186.92999267578125,188.27000427246094,188.1199951171875,159045600.0,168.6846160888672
2015-09-30,191.8300018310547,189.44000244140625,190.3699951171875,191.6300048828125,163452000.0,171.83197021484375
