Date,High,Low,Open,Close,Volume,Adj Close
2006-08-01,127.37999725341797,126.5999984741211,127.33999633789062,127.22000122070312,65225600,94.25437927246094
2006-08-02,128.4600067138672,127.55000305175781,127.58000183105469,128.0800018310547,64770900,94.8915023803711
2006-08-03,128.5500030517578,127.1500015258789,127.33999633789062,128.4199981689453,63693800,95.14342498779297
2006-08-04,129.42999267578125,127.4800033569336,129.0800018310547,128.1999969482422,96294200,94.98043060302734
2006-08-07,128.0800018310547,127.4000015258789,127.9000015258789,127.9000015258789,45377300,94.7581558227539
2006-08-08,128.4600067138672,126.94999694824219,128.08999633789062,127.41000366210938,90901300,94.39513397216797
2006-08-09,128.60000610351562,126.61000061035156,128.17999267578125,126.9800033569336,78910600,94.07655334472656
2006-08-10,127.5,126.27999877929688,126.58000183105469,127.37000274658203,69322300,94.36551666259766
2006-08-11,127.19999694824219,126.38999938964844,127.16999816894531,127.01000213623047,47482200,94.09879302978516
2006-08-14,128.16000366210938,126.91999816894531,127.62999725341797,127.11000061035156,57839000,94.17289733886719
2006-08-15,128.8699951171875,127.9000015258789,128.25,128.6300048828125,68143000,95.29901885986328
2006-08-16,129.88999938964844,129.0399932861328,129.32000732421875,129.6999969482422,71737600,96.09174346923828
2006-08-17,130.3699951171875,129.49000549316406,129.5800018310547,130.02999877929688,70992800,96.33625030517578
2006-08-18,130.69000244140625,129.58999633789062,130.19000244140625,130.69000244140625,58288400,96.82522583007812
2006-08-21,130.27999877929688,129.8000030517578,130.17999267578125,130.1300048828125,42133600,96.41033935546875
2006-08-22,130.52000427246094,129.67999267578125,129.99000549316406,130.1199951171875,60839900,96.40292358398438
2006-08-23,130.44000244140625,129.19000244140625,130.17999267578125,129.75999450683594,66592100,96.13622283935547
2006-08-24,130.10000610351562,129.39999389648438,129.99000549316406,129.64999389648438,57983000,96.05471801757812
2006-08-25,130.25,129.5500030517578,129.63999938964844,129.80999755859375,41756000,96.17322540283203
2006-08-28,130.82000732421875,129.63999938964844,129.64999389648438,130.42999267578125,52681500,96.63261413574219
2006-08-29,130.8300018310547,129.80999755859375,130.49000549316406,130.5800018310547,61817800,96.74374389648438
2006-08-30,131.0399932861328,130.5500030517578,130.8699951171875,130.66000366210938,50052200,96.80302429199219
2006-08-31,130.99000549316406,130.5800018310547,130.85000610351562,130.63999938964844,37510300,96.78820037841797
