Date,High,Low,Open,Close,Volume,Adj Close
2009-03-02,73.91999816894531,70.37000274658203,72.5199966430664,70.5999984741211,426452600.0,55.09856414794922
2009-03-03,71.69999694824219,69.63999938964844,71.61000061035156,70.06999969482422,443761000.0,54.684940338134766
2009-03-04,72.87000274658203,70.06999969482422,71.2300033569336,71.7300033569336,462753100.0,55.98045349121094
2009-03-05,71.7300033569336,68.16999816894531,70.0999984741211,68.80000305175781,485549400.0,53.69379806518555
2009-03-06,70.44999694824219,67.0999984741211,69.4000015258789,68.91999816894531,490470000.0,53.787445068359375
2009-03-09,70.0,67.7300033569336,67.94999694824219,68.11000061035156,379905300.0,53.15530776977539
2009-03-10,72.37000274658203,69.37000274658203,69.51000213623047,72.16999816894531,406227900.0,56.3238525390625
2009-03-11,73.75,71.83000183105469,73.0,72.63999938964844,356648300.0,56.690670013427734
2009-03-12,75.75,71.97000122070312,72.62000274658203,75.5,409702700.0,58.922691345214844
2009-03-13,76.9800033569336,74.7300033569336,76.01000213623047,76.08999633789062,337474700.0,59.38316345214844
2009-03-16,77.97000122070312,75.80999755859375,76.95999908447266,75.86000061035156,360644900.0,59.20363998413086
2009-03-17,78.36000061035156,75.44999694824219,76.06999969482422,78.18000030517578,356814300.0,61.01426696777344
2009-03-18,80.9000015258789,77.06999969482422,77.80999755859375,79.93000030517578,473273200.0,62.38003158569336
2009-03-19,81.0,78.69000244140625,80.93000030517578,78.94000244140625,428520400.0,61.60737991333008
2009-03-20,78.91000366210938,76.52999877929688,78.76000213623047,76.70999908447266,371078200.0,60.29552459716797
2009-03-23,82.29000091552734,78.30999755859375,78.73999786376953,82.22000122070312,419933300.0,64.62651062011719
2009-03-24,82.36000061035156,80.51000213623047,81.23999786376953,80.5999984741211,330271000.0,63.353126525878906
2009-03-25,82.69999694824219,79.05999755859375,81.2300033569336,81.44999694824219,441775100.0,64.02125549316406
2009-03-26,83.30000305175781,81.31999969482422,82.25,83.11000061035156,422025200.0,65.32606506347656
2009-03-27,82.52999877929688,81.30999755859375,82.05000305175781,81.61000061035156,322332300.0,64.14701080322266
2009-03-30,79.87000274658203,77.95999908447266,79.80000305175781,78.79000091552734,324108500.0,61.93043518066406
2009-03-31,81.08000183105469,79.05000305175781,79.55999755859375,79.5199966430664,364238300.0,62.50422286987305
