Date,High,Low,Open,Close,Volume,Adj Close
2011-11-01,123.51000213623047,121.5199966430664,122.02999877929688,122.0,416565800,100.77413940429688
2011-11-02,124.4000015258789,122.79000091552734,123.83000183105469,123.98999786376953,244717600,102.41791534423828
2011-11-03,126.5,123.5999984741211,125.2699966430664,126.25,291174800,104.28470611572266
2011-11-04,125.69999694824219,124.01000213623047,125.2300033569336,125.4800033569336,249401600,103.648681640625
2011-11-07,126.38999938964844,124.19999694824219,125.38999938964844,126.26000213623047,196617200,104.2929916381836
2011-11-08,128.02000427246094,125.70999908447266,126.91999816894531,127.87999725341797,224426300,105.63114929199219
2011-11-09,125.80000305175781,122.86000061035156,124.88999938964844,123.16000366210938,337982000,101.73233795166016
2011-11-10,124.94000244140625,123.0199966430664,124.79000091552734,124.31999969482422,231866500,102.69053649902344
2011-11-11,126.98999786376953,125.79000091552734,125.83000183105469,126.66000366210938,189924400,104.6233901977539
2011-11-14,127.44999694824219,124.91999816894531,126.19000244140625,125.45999908447266,159258300,103.63216400146484
2011-11-15,126.75,124.72000122070312,125.16999816894531,126.08000183105469,184709400,104.14430236816406
2011-11-16,126.33999633789062,123.9000015258789,124.80999755859375,124.08000183105469,235782500,102.49227142333984
2011-11-17,124.16000366210938,121.2300033569336,123.8499984741211,122.11000061035156,331219600,100.86502075195312
2011-11-18,122.75,121.47000122070312,122.5,121.9800033569336,215580400,100.75763702392578
2011-11-21,120.3499984741211,118.6500015258789,120.19999694824219,119.66000366210938,229611600,98.84125518798828
2011-11-22,120.0999984741211,118.5199966430664,119.4000015258789,119.19000244140625,216494900,98.45304107666016
2011-11-23,119.19000244140625,116.55999755859375,118.06999969482422,116.55999755859375,224329100,96.2806167602539
2011-11-25,117.69999694824219,116.19999694824219,116.37999725341797,116.33999633789062,99557000,96.098876953125
2011-11-28,120.18000030517578,118.81999969482422,119.54000091552734,119.70999908447266,210686000,98.88256072998047
2011-11-29,121.0,119.61000061035156,120.05000305175781,120.05000305175781,199241500,99.16341400146484
2011-11-30,125.22000122070312,120.0,123.48999786376953,124.98999786376953,324439500,103.24393463134766
