Date,High,Low,Open,Close,Volume,Adj Close
2010-03-01,112.0,111.16999816894531,111.19999694824219,111.88999938964844,147709700.0,89.34417724609375
2010-03-02,112.73999786376953,112.0,112.37000274658203,112.19999694824219,160992400.0,89.59170532226562
2010-03-03,112.97000122070312,112.0199966430664,112.48999786376953,112.30000305175781,150785000.0,89.6715316772461
2010-03-04,112.80000305175781,112.02999877929688,112.44999694824219,112.63999938964844,135770400.0,89.94306182861328
2010-03-05,114.33999633789062,113.0999984741211,113.37000274658203,114.25,176118800.0,91.22865295410156
2010-03-08,114.5199966430664,114.06999969482422,114.26000213623047,114.2699966430664,114631200.0,91.24461364746094
2010-03-09,114.98999786376953,113.87000274658203,113.93000030517578,114.45999908447266,154556700.0,91.39628601074219
2010-03-10,115.27999877929688,114.41000366210938,114.51000213623047,114.97000122070312,186088800.0,91.80353546142578
2010-03-11,115.4800033569336,114.3499984741211,114.69999694824219,115.44999694824219,160791100.0,92.18683624267578
2010-03-12,115.97000122070312,115.13999938964844,115.94999694824219,115.45999908447266,162074800.0,92.19481658935547
2010-03-15,115.56999969482422,114.5999984741211,115.26000213623047,115.48999786376953,146816800.0,92.2187728881836
2010-03-16,116.5199966430664,115.48999786376953,115.80999755859375,116.41000366210938,168673000.0,92.953369140625
2010-03-17,117.4800033569336,116.41999816894531,116.76000213623047,117.0999984741211,177468100.0,93.5043716430664
2010-03-18,117.2699966430664,116.56999969482422,117.11000061035156,117.04000091552734,196509100.0,93.45646667480469
2010-03-19,117.29000091552734,115.5199966430664,115.97000122070312,115.97000122070312,226641100.0,92.98339080810547
2010-03-22,116.80000305175781,115.23999786376953,115.30999755859375,116.58999633789062,184477800.0,93.48048400878906
2010-03-23,117.51000213623047,116.37999725341797,116.76000213623047,117.41000366210938,182941600.0,94.13796997070312
2010-03-24,117.43000030517578,115.58000183105469,116.97000122070312,116.83999633789062,196072600.0,93.68095397949219
2010-03-25,118.16999816894531,116.51000213623047,117.62999725341797,116.6500015258789,223396300.0,93.52861785888672
2010-03-26,117.41999816894531,116.12000274658203,116.87000274658203,116.58000183105469,205808500.0,93.47247314453125
2010-03-29,117.52999877929688,116.69000244140625,117.16999816894531,117.31999969482422,134513500.0,94.0657958984375
2010-03-30,117.83000183105469,116.91000366210938,117.45999908447266,117.4000015258789,145772500.0,94.12994384765625
2010-03-31,117.5199966430664,116.61000061035156,116.94999694824219,117.0,161078700.0,93.80924224853516
