Date,High,Low,Open,Close,Volume,Adj Close
2007-06-01,154.39999389648438,153.50999450683594,153.8800048828125,154.0800018310547,107771700.0,115.75253295898438
2007-06-04,154.38999938964844,153.47999572753906,153.5399932861328,154.10000610351562,78008800.0,115.76753997802734
2007-06-05,153.89999389648438,152.86000061035156,153.74000549316406,153.49000549316406,126917900.0,115.30926513671875
2007-06-06,152.9499969482422,151.75,152.86000061035156,151.83999633789062,164096800.0,114.0697021484375
2007-06-07,152.5,149.05999755859375,151.55999755859375,149.10000610351562,232414600.0,112.01126098632812
2007-06-08,151.19000244140625,149.08999633789062,149.5800018310547,151.0399932861328,175886000.0,113.46875
2007-06-11,151.9499969482422,150.6999969482422,150.92999267578125,151.3000030517578,102015600.0,113.66402435302734
2007-06-12,151.5399932861328,149.5500030517578,150.6699981689453,149.64999389648438,233898000.0,112.42448425292969
2007-06-13,152.07000732421875,149.72000122070312,150.5,151.88999938964844,193208200.0,114.10730743408203
2007-06-14,153.1199951171875,152.02999877929688,152.05999755859375,152.86000061035156,146396500.0,114.83597564697266
2007-06-15,153.66000366210938,152.92999267578125,153.13999938964844,153.07000732421875,154030800.0,115.48941040039062
2007-06-18,153.38999938964844,152.66000366210938,153.3800048828125,152.88999938964844,88537500.0,115.35359191894531
2007-06-19,153.3800048828125,152.36000061035156,152.5500030517578,153.27000427246094,110851700.0,115.64028930664062
2007-06-20,153.5800018310547,150.9600067138672,153.5800018310547,151.13999938964844,177119700.0,114.03318786621094
2007-06-21,152.11000061035156,150.25,151.0800018310547,151.97999572753906,205262000.0,114.66693115234375
2007-06-22,151.77000427246094,149.85000610351562,151.52000427246094,150.5500030517578,204964700.0,113.58805847167969
2007-06-25,151.25,149.02000427246094,150.24000549316406,149.8300018310547,232014400.0,113.04488372802734
2007-06-26,150.4600067138672,148.27999877929688,150.2100067138672,148.2899932861328,198445700.0,111.8829116821289
2007-06-27,150.57000732421875,148.05999755859375,148.1300048828125,150.39999389648438,213638000.0,113.47491455078125
2007-06-28,151.41000366210938,149.6699981689453,150.3800048828125,150.3800048828125,157705000.0,113.4598388671875
2007-06-29,151.64999389648438,149.14999389648438,150.89999389648438,150.42999267578125,199701800.0,113.49748229980469
