Date,High,Low,Open,Close,Volume,Adj Close
2007-05-01,62.040000915527344,60.279998779296875,61.119998931884766,62.040000915527344,18519000,62.040000915527344
2007-05-02,62.25,60.900001525878906,61.68000030517578,61.18000030517578,14427200,61.18000030517578
2007-05-03,62.540000915527344,60.7599983215332,61.08000183105469,62.189998626708984,13482000,62.189998626708984
2007-05-04,63.75,62.349998474121094,62.38999938964844,63.22999954223633,14299300,63.22999954223633
2007-05-07,63.22999954223633,60.709999084472656,62.43000030517578,60.81999969482422,14808300,60.81999969482422
2007-05-08,61.84000015258789,59.70000076293945,60.540000915527344,61.83000183105469,13551100,61.83000183105469
2007-05-09,62.95000076293945,61.29999923706055,62.0,62.849998474121094,8874900,62.849998474121094
2007-05-10,62.650001525878906,60.849998474121094,62.439998626708984,60.91999816894531,10052000,60.91999816894531
2007-05-11,61.599998474121094,60.560001373291016,60.959999084472656,61.560001373291016,7919100,61.560001373291016
2007-05-14,61.7400016784668,60.599998474121094,61.68000030517578,61.70000076293945,7760400,61.70000076293945
2007-05-15,61.970001220703125,60.52000045776367,61.400001525878906,60.58000183105469,8702100,60.58000183105469
2007-05-16,63.34000015258789,60.099998474121094,61.02000045776367,63.220001220703125,14485400,63.220001220703125
2007-05-17,63.52000045776367,62.02000045776367,62.880001068115234,62.16999816894531,11870900,62.16999816894531
2007-05-18,63.29999923706055,62.279998779296875,62.47999954223633,63.29999923706055,9799200,63.29999923706055
2007-05-21,68.68000030517578,63.29999923706055,63.58000183105469,68.30000305175781,36468800,68.30000305175781
2007-05-22,69.06999969482422,67.20999908447266,68.4800033569336,68.87999725341797,17211300,68.87999725341797
2007-05-23,73.30999755859375,68.79000091552734,69.20999908447266,69.0,42582500,69.0
2007-05-24,70.41999816894531,67.70999908447266,69.04000091552734,69.3499984741211,23824600,69.3499984741211
2007-05-25,69.69999694824219,68.25,69.69000244140625,68.55000305175781,9987200,68.55000305175781
2007-05-29,69.77999877929688,67.72000122070312,68.43000030517578,69.62999725341797,11730800,69.62999725341797
2007-05-30,70.08000183105469,68.86000061035156,69.05999755859375,69.86000061035156,10576100,69.86000061035156
2007-05-31,70.73999786376953,68.56999969482422,70.68000030517578,69.13999938964844,9310200,69.13999938964844
