Date,High,Low,Open,Close,Volume,Adj Close
2013-07-01,283.2900085449219,277.1600036621094,279.0,282.1000061035156,2888200,282.1000061035156
2013-07-02,286.5799865722656,280.5899963378906,281.0400085449219,283.7300109863281,3238200,283.7300109863281
2013-07-03,285.3999938964844,282.0,282.0,284.0299987792969,1373000,284.0299987792969
2013-07-05,286.3800048828125,282.07000732421875,285.0,285.8800048828125,1985400,285.8800048828125
2013-07-08,291.6700134277344,286.1400146484375,286.4200134277344,290.5899963378906,3046700,290.5899963378906
2013-07-09,292.57000732421875,288.010009765625,291.0,291.5299987792969,2775600,291.5299987792969
2013-07-10,293.3399963378906,289.3999938964844,291.4100036621094,292.3299865722656,1810200,292.3299865722656
2013-07-11,300.69000244140625,292.1000061035156,294.989990234375,299.6600036621094,4007300,299.6600036621094
2013-07-12,307.54998779296875,298.5,298.69000244140625,307.54998779296875,4539300,307.54998779296875
2013-07-15,307.989990234375,304.3500061035156,307.2699890136719,306.57000732421875,2245600,306.57000732421875
2013-07-16,309.3900146484375,305.510009765625,307.29998779296875,306.8699951171875,2660200,306.8699951171875
2013-07-17,308.79998779296875,305.69000244140625,306.9700012207031,308.69000244140625,2029700,308.69000244140625
2013-07-18,306.3399963378906,301.8699951171875,306.2699890136719,304.1099853515625,3063800,304.1099853515625
2013-07-19,305.7900085449219,301.9100036621094,304.3900146484375,305.2300109863281,2973100,305.2300109863281
2013-07-22,309.25,302.0,309.25,303.4800109863281,2520700,303.4800109863281
2013-07-23,305.05999755859375,300.55999755859375,303.1600036621094,301.05999755859375,1999600,301.05999755859375
2013-07-24,303.8399963378906,298.0400085449219,303.0199890136719,298.94000244140625,2000500,298.94000244140625
2013-07-25,304.5,296.75,299.0,303.3999938964844,5405800,303.3999938964844
2013-07-26,313.6199951171875,295.54998779296875,299.54998779296875,312.010009765625,8817500,312.010009765625
2013-07-29,313.0,305.8999938964844,311.07000732421875,306.1000061035156,3211800,306.1000061035156
2013-07-30,309.7799987792969,301.57000732421875,307.7200012207031,302.4100036621094,3053400,302.4100036621094
2013-07-31,305.1499938964844,301.0,303.9100036621094,301.2200012207031,1891300,301.2200012207031
