Date,High,Low,Open,Close,Volume,Adj Close
2004-03-01,43.47999954223633,42.58000183105469,43.02000045776367,42.970001220703125,4959500,42.970001220703125
2004-03-02,43.4900016784668,41.86000061035156,42.72999954223633,42.0099983215332,6966600,42.0099983215332
2004-03-03,43.380001068115234,41.650001525878906,41.86000061035156,43.16999816894531,9601600,43.16999816894531
2004-03-04,44.470001220703125,43.099998474121094,43.119998931884766,44.38999938964844,7380100,44.38999938964844
2004-03-05,44.83000183105469,43.529998779296875,43.790000915527344,44.09000015258789,6426500,44.09000015258789
2004-03-08,45.060001373291016,43.130001068115234,43.959999084472656,43.5,6608500,43.5
2004-03-09,43.88999938964844,42.27000045776367,43.41999816894531,42.709999084472656,6593100,42.709999084472656
2004-03-10,43.20000076293945,41.459999084472656,42.720001220703125,41.54999923706055,6932700,41.54999923706055
2004-03-11,42.369998931884766,41.040000915527344,41.09000015258789,41.279998779296875,7042600,41.279998779296875
2004-03-12,42.61000061035156,41.29999923706055,41.349998474121094,42.439998626708984,6223800,42.439998626708984
2004-03-15,42.79999923706055,40.91999816894531,42.2599983215332,41.08000183105469,6612200,41.08000183105469
2004-03-16,42.36000061035156,41.2599983215332,41.290000915527344,42.130001068115234,6218200,42.130001068115234
2004-03-17,43.45000076293945,42.59000015258789,43.040000915527344,42.79999923706055,5107300,42.79999923706055
2004-03-18,43.20000076293945,42.209999084472656,42.529998779296875,43.0099983215332,5724300,43.0099983215332
2004-03-19,43.75,42.630001068115234,43.029998779296875,42.79999923706055,5754900,42.79999923706055
2004-03-22,41.849998474121094,40.5099983215332,41.75,40.849998474121094,8975100,40.849998474121094
2004-03-23,41.7400016784668,39.849998474121094,41.31999969482422,40.22999954223633,11225700,40.22999954223633
2004-03-24,40.380001068115234,39.150001525878906,40.310001373291016,39.630001068115234,7875900,39.630001068115234
2004-03-25,42.20000076293945,40.0,40.0,41.9900016784668,7112700,41.9900016784668
2004-03-26,42.4900016784668,41.290000915527344,42.0099983215332,41.70000076293945,5740400,41.70000076293945
2004-03-29,42.79999923706055,41.970001220703125,41.970001220703125,42.7599983215332,5561000,42.7599983215332
2004-03-30,43.93000030517578,42.560001373291016,42.709999084472656,43.79999923706055,5452900,43.79999923706055
2004-03-31,44.0,42.95000076293945,43.849998474121094,43.279998779296875,4674900,43.279998779296875
