Date,High,Low,Open,Close,Volume,Adj Close
2013-11-01,365.7699890136719,356.1000061035156,365.6300048828125,359.0,3331000,359.0
2013-11-04,361.0,354.3999938964844,360.1199951171875,358.739990234375,1938400,358.739990234375
2013-11-05,360.1700134277344,354.8399963378906,356.7799987792969,358.8900146484375,2007100,358.8900146484375
2013-11-06,362.8699951171875,354.5,360.45001220703125,356.17999267578125,2282300,356.17999267578125
2013-11-07,357.8999938964844,341.8800048828125,355.8599853515625,343.55999755859375,4246300,343.55999755859375
2013-11-08,351.04998779296875,344.0400085449219,345.95001220703125,350.30999755859375,2656900,350.30999755859375
2013-11-11,355.3699951171875,348.05999755859375,350.5899963378906,354.3800048828125,2261700,354.3800048828125
2013-11-12,355.4800109863281,347.2799987792969,352.989990234375,349.5299987792969,2343100,349.5299987792969
2013-11-13,356.2200012207031,345.67999267578125,347.3999938964844,356.2200012207031,2773300,356.2200012207031
2013-11-14,368.94000244140625,356.42999267578125,357.3900146484375,367.3999938964844,4159800,367.3999938964844
2013-11-15,372.8999938964844,365.54998779296875,367.6300048828125,369.1700134277344,4491600,369.1700134277344
2013-11-18,373.489990234375,364.6700134277344,370.2799987792969,366.17999267578125,2737400,366.17999267578125
2013-11-19,368.7799987792969,362.5,365.82000732421875,364.94000244140625,1904800,364.94000244140625
2013-11-20,367.55999755859375,360.45001220703125,367.55999755859375,362.57000732421875,1771500,362.57000732421875
2013-11-21,369.25,363.29998779296875,364.04998779296875,368.9200134277344,1964600,368.9200134277344
2013-11-22,374.5,366.30999755859375,370.0,372.30999755859375,2965500,372.30999755859375
2013-11-25,377.7900085449219,373.17999267578125,373.82000732421875,376.6400146484375,2972300,376.6400146484375
2013-11-26,382.5,374.82000732421875,377.6099853515625,381.3699951171875,2724400,381.3699951171875
2013-11-27,387.0,382.6099853515625,383.5,386.7099914550781,2269700,386.7099914550781
2013-11-29,394.1000061035156,388.6199951171875,389.1000061035156,393.6199951171875,2406000,393.6199951171875
