Date,High,Low,Open,Close,Volume,Adj Close
2004-12-01,40.0,39.25,40.0,39.97999954223633,7756000,39.97999954223633
2004-12-02,40.7400016784668,39.279998779296875,39.63999938964844,40.16999816894531,6600900,40.16999816894531
2004-12-03,40.459999084472656,39.540000915527344,40.36000061035156,40.09000015258789,8247700,40.09000015258789
2004-12-06,39.97999954223633,39.150001525878906,39.72999954223633,39.4900016784668,6088000,39.4900016784668
2004-12-07,39.75,38.04999923706055,39.45000076293945,38.20000076293945,7093400,38.20000076293945
2004-12-08,39.099998474121094,37.9900016784668,38.31999969482422,38.720001220703125,6421700,38.720001220703125
2004-12-09,39.95000076293945,38.16999816894531,38.400001525878906,39.81999969482422,7446700,39.81999969482422
2004-12-10,40.099998474121094,39.0,39.540000915527344,39.04999923706055,5510700,39.04999923706055
2004-12-13,40.279998779296875,38.81999969482422,39.33000183105469,39.83000183105469,6052100,39.83000183105469
2004-12-14,40.470001220703125,39.939998626708984,40.150001525878906,40.439998626708984,5251500,40.439998626708984
2004-12-15,41.0,40.209999084472656,40.34000015258789,41.0,6674200,41.0
2004-12-16,41.0,39.709999084472656,40.86000061035156,40.04999923706055,5414900,40.04999923706055
2004-12-17,40.220001220703125,39.869998931884766,40.15999984741211,40.0099983215332,5486000,40.0099983215332
2004-12-20,40.4900016784668,38.810001373291016,39.93000030517578,38.95000076293945,7215700,38.95000076293945
2004-12-21,39.41999816894531,38.63999938964844,38.84000015258789,39.38999938964844,5229400,39.38999938964844
2004-12-22,39.59000015258789,38.54999923706055,38.61000061035156,39.52000045776367,5276300,39.52000045776367
2004-12-23,39.52000045776367,38.91999816894531,39.34000015258789,38.93000030517578,3206800,38.93000030517578
2004-12-27,42.93000030517578,39.470001220703125,39.52000045776367,42.25,22289200,42.25
2004-12-28,45.119998931884766,43.5,43.900001525878906,44.630001068115234,25237800,44.630001068115234
2004-12-29,45.68000030517578,44.439998626708984,44.75,44.81999969482422,11759200,44.81999969482422
2004-12-30,45.529998779296875,44.54999923706055,45.0,44.970001220703125,6965900,44.970001220703125
2004-12-31,45.4900016784668,44.15999984741211,45.130001068115234,44.290000915527344,4790700,44.290000915527344
