Date,High,Low,Open,Close,Volume,Adj Close
2018-01-02,1190.0,1170.510009765625,1172.0,1189.010009765625,2694500,1189.010009765625
2018-01-03,1205.489990234375,1188.300048828125,1188.300048828125,1204.199951171875,3108800,1204.199951171875
2018-01-04,1215.8699951171875,1204.6600341796875,1205.0,1209.5899658203125,3022100,1209.5899658203125
2018-01-05,1229.1400146484375,1210.0,1217.510009765625,1229.1400146484375,3544700,1229.1400146484375
2018-01-08,1253.0799560546875,1232.030029296875,1236.0,1246.8699951171875,4279500,1246.8699951171875
2018-01-09,1259.3299560546875,1241.760009765625,1256.9000244140625,1252.699951171875,3661300,1252.699951171875
2018-01-10,1254.3299560546875,1237.22998046875,1245.1500244140625,1254.3299560546875,2686000,1254.3299560546875
2018-01-11,1276.77001953125,1256.4599609375,1259.739990234375,1276.6800537109375,3125000,1276.6800537109375
2018-01-12,1305.760009765625,1273.3900146484375,1273.3900146484375,1305.199951171875,5443700,1305.199951171875
2018-01-16,1339.93994140625,1292.300048828125,1323.0,1304.8599853515625,7220700,1304.8599853515625
2018-01-17,1314.0,1280.8800048828125,1312.239990234375,1295.0,5253800,1295.0
2018-01-18,1304.5999755859375,1284.02001953125,1293.949951171875,1293.3199462890625,4026900,1293.3199462890625
2018-01-19,1313.0,1292.989990234375,1312.0,1294.5799560546875,4578500,1294.5799560546875
2018-01-22,1327.449951171875,1296.6600341796875,1297.1700439453125,1327.31005859375,4140100,1327.31005859375
2018-01-23,1364.9000244140625,1337.3399658203125,1338.0899658203125,1362.5400390625,5169300,1362.5400390625
2018-01-24,1388.1600341796875,1338.0,1374.8199462890625,1357.510009765625,6807500,1357.510009765625
2018-01-25,1378.3399658203125,1357.6199951171875,1368.0,1377.949951171875,4753000,1377.949951171875
2018-01-26,1402.530029296875,1380.9100341796875,1392.010009765625,1402.050048828125,4857300,1402.050048828125
2018-01-29,1431.3900146484375,1400.43994140625,1409.1800537109375,1417.6800537109375,5701900,1417.6800537109375
2018-01-30,1439.25,1392.0,1403.1700439453125,1437.8199462890625,5871900,1437.8199462890625
2018-01-31,1472.5799560546875,1450.0400390625,1451.300048828125,1450.8900146484375,6424700,1450.8900146484375
