Date,High,Low,Open,Close,Volume,Adj Close
2000-10-02,38.4375,35.25,38.1875,35.875,5477700,35.875
2000-10-03,37.25,35.0,36.75,35.0625,5379900,35.0625
2000-10-04,37.0625,32.5,33.4375,36.0,7841100,36.0
2000-10-05,36.625,32.0,35.1875,33.5625,6966300,33.5625
2000-10-06,33.25,30.1875,32.5,31.5625,8871100,31.5625
2000-10-09,30.5625,27.375,30.25,30.0625,12727500,30.0625
2000-10-10,32.71875,28.875,29.75,30.4375,7265500,30.4375
2000-10-11,30.25,27.625,27.9375,27.8125,7889700,27.8125
2000-10-12,28.8125,24.625,28.375,25.125,8032600,25.125
2000-10-13,28.875,23.5,24.25,28.4375,7633400,28.4375
2000-10-16,28.3125,24.125,28.125,24.3125,7147700,24.3125
2000-10-17,25.1875,20.875,24.875,21.9375,15140500,21.9375
2000-10-18,25.375,19.375,19.875,25.125,18788700,25.125
2000-10-19,28.125,24.1875,26.5625,27.75,10874900,27.75
2000-10-20,31.25,27.125,27.6875,30.8125,11621900,30.8125
2000-10-23,30.375,27.625,29.6875,30.0,10199600,30.0
2000-10-24,33.875,28.8125,29.875,29.5625,13676600,29.5625
2000-10-25,36.5,31.75,34.0,31.875,28572900,31.875
2000-10-26,37.5,31.0,32.1875,36.875,17825500,36.875
2000-10-27,37.5,33.875,33.9375,35.625,12370700,35.625
2000-10-30,34.375,30.265625,33.0625,32.875,12510200,32.875
2000-10-31,36.875,32.0625,32.6875,36.625,9919500,36.625
