Date,High,Low,Open,Close,Volume,Adj Close
2015-04-01,373.1600036621094,368.3399963378906,372.1000061035156,370.260009765625,2458100,370.260009765625
2015-04-02,373.2799987792969,369.0,370.5,372.25,1875300,372.25
2015-04-06,380.20001220703125,369.3599853515625,370.1000061035156,377.0400085449219,3050700,377.0400085449219
2015-04-07,379.30999755859375,374.0299987792969,376.1499938964844,374.4100036621094,1954900,374.4100036621094
2015-04-08,381.5799865722656,374.6499938964844,374.6600036621094,381.20001220703125,2636400,381.20001220703125
2015-04-09,384.4200134277344,378.79998779296875,380.6600036621094,383.5400085449219,2392300,383.5400085449219
2015-04-10,387.1199951171875,381.32000732421875,384.30999755859375,382.6499938964844,2573500,382.6499938964844
2015-04-13,385.2799987792969,380.1400146484375,383.5299987792969,382.3599853515625,1894500,382.3599853515625
2015-04-14,387.80999755859375,381.2099914550781,383.510009765625,385.1099853515625,2583600,385.1099853515625
2015-04-15,385.7799987792969,381.6400146484375,384.6499938964844,383.45001220703125,1933200,383.45001220703125
2015-04-16,387.45001220703125,383.54998779296875,383.69000244140625,386.0400085449219,2080400,386.0400085449219
2015-04-17,383.55999755859375,374.3999938964844,382.6300048828125,375.55999755859375,3839700,375.55999755859375
2015-04-20,391.94000244140625,377.0,378.54998779296875,389.510009765625,5016100,389.510009765625
2015-04-21,394.6000061035156,386.79998779296875,391.30999755859375,391.17999267578125,4643500,391.17999267578125
2015-04-22,394.2799987792969,388.0,391.9100036621094,389.79998779296875,3474700,389.79998779296875
2015-04-23,391.8800048828125,386.1499938964844,390.2099914550781,389.989990234375,7980000,389.989990234375
2015-04-24,452.6499938964844,439.0,439.0,445.1000061035156,17176900,445.1000061035156
2015-04-27,446.989990234375,437.4100036621094,443.8599853515625,438.55999755859375,5430900,438.55999755859375
2015-04-28,439.0,428.0400085449219,438.510009765625,429.30999755859375,4140500,429.30999755859375
2015-04-29,434.239990234375,426.0299987792969,426.75,429.3699951171875,3621700,429.3699951171875
2015-04-30,431.75,419.239990234375,427.1099853515625,421.7799987792969,3647900,421.7799987792969
