Date,High,Low,Open,Close,Volume,Adj Close
2002-06-03,18.5,17.93000030517578,18.309999465942383,17.959999084472656,3716400,17.959999084472656
2002-06-04,18.139999389648438,17.469999313354492,17.799999237060547,17.969999313354492,6849700,17.969999313354492
2002-06-05,18.18000030517578,17.450000762939453,17.979999542236328,17.989999771118164,4372500,17.989999771118164
2002-06-06,18.40999984741211,17.760000228881836,17.889999389648438,18.170000076293945,5250000,18.170000076293945
2002-06-07,18.649999618530273,17.850000381469727,17.889999389648438,18.579999923706055,5358000,18.579999923706055
2002-06-10,18.1200008392334,17.020000457763672,17.899999618530273,17.299999237060547,11082400,17.299999237060547
2002-06-11,17.790000915527344,17.1200008392334,17.309999465942383,17.139999389648438,5520800,17.139999389648438
2002-06-12,17.149999618530273,16.260000228881836,17.049999237060547,17.079999923706055,7331200,17.079999923706055
2002-06-13,17.5,16.739999771118164,17.0,17.43000030517578,4892900,17.43000030517578
2002-06-14,17.399999618530273,16.260000228881836,17.139999389648438,16.81999969482422,7973200,16.81999969482422
2002-06-17,18.479999542236328,16.860000610351562,16.950000762939453,18.40999984741211,9051600,18.40999984741211
2002-06-18,19.15999984741211,18.09000015258789,18.1299991607666,18.780000686645508,7962100,18.780000686645508
2002-06-19,19.100000381469727,18.270000457763672,18.489999771118164,18.299999237060547,7420300,18.299999237060547
2002-06-20,18.3799991607666,17.34000015258789,18.31999969482422,17.549999237060547,8697000,17.549999237060547
2002-06-21,17.790000915527344,17.34000015258789,17.600000381469727,17.530000686645508,5176800,17.530000686645508
2002-06-24,17.780000686645508,16.940000534057617,17.43000030517578,17.510000228881836,5956800,17.510000228881836
2002-06-25,16.950000762939453,15.039999961853027,16.889999389648438,15.34000015258789,15304000,15.34000015258789
2002-06-26,15.930000305175781,14.680000305175781,14.6899995803833,15.850000381469727,8272200,15.850000381469727
2002-06-27,16.469999313354492,15.300000190734863,16.110000610351562,15.859999656677246,6192000,15.859999656677246
2002-06-28,16.360000610351562,15.399999618530273,15.6899995803833,16.25,6237900,16.25
