Date,High,Low,Open,Close,Volume,Adj Close
2013-12-02,399.0,389.1000061035156,399.0,392.29998779296875,4714000,392.29998779296875
2013-12-03,390.95001220703125,383.1000061035156,390.1099853515625,384.6600036621094,3702900,384.6600036621094
2013-12-04,389.69000244140625,381.489990234375,383.5,385.9599914550781,2355300,385.9599914550781
2013-12-05,386.6499938964844,381.3699951171875,386.6499938964844,384.489990234375,1906500,384.489990234375
2013-12-06,388.3500061035156,383.8299865722656,388.3500061035156,386.95001220703125,1984700,386.95001220703125
2013-12-09,388.2099914550781,382.57000732421875,388.1099853515625,384.8900146484375,2761800,384.8900146484375
2013-12-10,389.05999755859375,383.0199890136719,383.739990234375,387.7799987792969,2736800,387.7799987792969
2013-12-11,388.9800109863281,382.0,387.3399963378906,382.19000244140625,2451300,382.19000244140625
2013-12-12,385.0,379.5,381.260009765625,381.25,2123700,381.25
2013-12-13,389.4200134277344,383.79998779296875,385.32000732421875,384.239990234375,3025000,384.239990234375
2013-12-16,391.70001220703125,385.0,385.0299987792969,388.9700012207031,2251700,388.9700012207031
2013-12-17,391.3599853515625,386.5,390.6499938964844,387.6499938964844,2343900,387.6499938964844
2013-12-18,396.29998779296875,383.1000061035156,389.2300109863281,395.9599914550781,3489100,395.9599914550781
2013-12-19,397.2900085449219,392.6000061035156,394.2699890136719,395.19000244140625,2427200,395.19000244140625
2013-12-20,404.7200012207031,395.7799987792969,396.54998779296875,402.20001220703125,5033900,402.20001220703125
2013-12-23,405.0,399.20001220703125,403.69000244140625,402.9200134277344,2659500,402.9200134277344
2013-12-24,403.7200012207031,396.3699951171875,402.5199890136719,399.20001220703125,1380400,399.20001220703125
2013-12-26,404.5199890136719,396.80999755859375,401.7900085449219,404.3900146484375,1868500,404.3900146484375
2013-12-27,405.6300048828125,396.25,404.6499938964844,398.0799865722656,1986900,398.0799865722656
2013-12-30,399.9200134277344,392.45001220703125,399.4100036621094,393.3699951171875,2487100,393.3699951171875
2013-12-31,398.8299865722656,393.79998779296875,394.5799865722656,398.7900085449219,1996500,398.7900085449219
