Date,High,Low,Open,Close,Volume,Adj Close
2001-04-02,10.529999732971191,8.5,10.329999923706055,9.100000381469727,8803900,9.100000381469727
2001-04-03,9.149999618530273,8.5,8.710000038146973,8.630000114440918,4865700,8.630000114440918
2001-04-04,9.0,8.100000381469727,8.569999694824219,8.399999618530273,5708100,8.399999618530273
2001-04-05,9.300000190734863,8.720000267028809,9.020000457763672,9.119999885559082,5424200,9.119999885559082
2001-04-06,8.899999618530273,8.199999809265137,8.899999618530273,8.369999885559082,5281100,8.369999885559082
2001-04-09,11.899999618530273,10.699999809265137,11.84000015258789,11.180000305175781,23405700,11.180000305175781
2001-04-10,13.5,11.199999809265137,11.239999771118164,12.010000228881836,18860400,12.010000228881836
2001-04-11,13.649999618530273,12.180000305175781,13.100000381469727,13.319999694824219,13421800,13.319999694824219
2001-04-12,15.010000228881836,13.0,13.050000190734863,14.670000076293945,11530000,14.670000076293945
2001-04-16,14.539999961853027,13.649999618530273,14.5,14.029999732971191,6310100,14.029999732971191
2001-04-17,14.869999885559082,13.75,13.8100004196167,14.739999771118164,5073500,14.739999771118164
2001-04-18,18.15999984741211,15.550000190734863,15.65999984741211,16.540000915527344,19555000,16.540000915527344
2001-04-19,16.899999618530273,15.6899995803833,16.899999618530273,15.989999771118164,8742600,15.989999771118164
2001-04-20,16.200000762939453,14.970000267028809,15.619999885559082,15.779999732971191,8522100,15.779999732971191
2001-04-23,17.459999084472656,16.020000457763672,16.389999389648438,16.200000762939453,11689600,16.200000762939453
2001-04-24,16.799999237060547,15.479999542236328,16.440000534057617,15.680000305175781,7082600,15.680000305175781
2001-04-25,16.100000381469727,14.600000381469727,15.6899995803833,16.09000015258789,9317100,16.09000015258789
2001-04-26,16.5,15.0,16.25,15.430000305175781,5960600,15.430000305175781
2001-04-27,15.729999542236328,15.020000457763672,15.720000267028809,15.270000457763672,4446000,15.270000457763672
2001-04-30,16.899999618530273,15.59000015258789,15.630000114440918,15.779999732971191,5780300,15.779999732971191
