Date,High,Low,Open,Close,Volume,Adj Close
2014-02-03,360.8500061035156,340.1000061035156,358.9800109863281,346.1499938964844,10280800,346.1499938964844
2014-02-04,354.0,344.0199890136719,349.5899963378906,347.95001220703125,4812900,347.95001220703125
2014-02-05,349.3699951171875,337.7300109863281,346.0,346.45001220703125,4435400,346.45001220703125
2014-02-06,354.82000732421875,347.3999938964844,347.3999938964844,354.5899963378906,3335700,354.5899963378906
2014-02-07,361.79998779296875,352.489990234375,358.9800109863281,361.0799865722656,4330500,361.0799865722656
2014-02-10,365.0,359.3500061035156,361.6099853515625,360.8699951171875,3449700,360.8699951171875
2014-02-11,363.6099853515625,356.25,361.8399963378906,361.7900085449219,3222100,361.7900085449219
2014-02-12,357.75,346.32000732421875,356.42999267578125,349.25,6587700,349.25
2014-02-13,357.20001220703125,346.5,347.70001220703125,357.20001220703125,4175000,357.20001220703125
2014-02-14,359.3399963378906,353.3500061035156,359.3399963378906,357.3500061035156,3520200,357.3500061035156
2014-02-18,355.7300109863281,349.45001220703125,355.2799987792969,353.6499938964844,4998000,353.6499938964844
2014-02-19,354.5400085449219,346.1000061035156,352.6400146484375,347.3800048828125,4168100,347.3800048828125
2014-02-20,350.4599914550781,344.3800048828125,348.79998779296875,349.79998779296875,3492800,349.79998779296875
2014-02-21,354.1400146484375,346.75,352.44000244140625,346.760009765625,4210000,346.760009765625
2014-02-24,353.0,343.2900085449219,345.19000244140625,351.7799987792969,3644700,351.7799987792969
2014-02-25,361.0799865722656,351.5799865722656,353.0,358.32000732421875,3736400,358.32000732421875
2014-02-26,364.75,357.1700134277344,359.8599853515625,359.79998779296875,3622100,359.79998779296875
2014-02-27,360.5899963378906,355.5,357.2200012207031,360.1300048828125,3104900,360.1300048828125
2014-02-28,365.8699951171875,357.0799865722656,360.6000061035156,362.1000061035156,3882000,362.1000061035156
