Date,High,Low,Open,Close,Volume,Adj Close
2000-05-01,60.3125,55.25,56.0,59.9375,8578500,59.9375
2000-05-02,60.0,55.875,59.1875,56.125,7427900,56.125
2000-05-03,56.5625,53.0,55.25,54.125,5424800,54.125
2000-05-04,56.5,53.125,54.25,55.0625,4725200,55.0625
2000-05-05,58.625,54.125,54.625,58.5,4062100,58.5
2000-05-08,59.25,55.4375,56.8125,56.015625,3950000,56.015625
2000-05-09,57.75,53.0,56.5,56.25,4551800,56.25
2000-05-10,55.375,49.0,54.53125,53.3125,8711500,53.3125
2000-05-11,55.75,50.9375,53.9375,54.875,5580800,54.875
2000-05-12,56.5,53.125,54.6875,53.75,3969600,53.75
2000-05-15,56.5,50.875,53.625,56.0625,4125400,56.0625
2000-05-16,59.875,56.0,57.125,59.0625,6432200,59.0625
2000-05-17,62.375,57.0,57.1875,61.0,6998600,61.0
2000-05-18,60.875,55.125,60.375,55.375,4727000,55.375
2000-05-19,55.75,52.25,54.625,52.625,4610900,52.625
2000-05-22,53.125,46.875,53.0,51.875,8272800,51.875
2000-05-23,51.875,46.5,50.5,46.6875,5837200,46.6875
2000-05-24,49.75,40.4375,46.4375,48.5625,11666600,48.5625
2000-05-25,50.0,45.5,49.5,45.5,4919500,45.5
2000-05-26,47.75,44.0,46.25,46.5,3621000,46.5
2000-05-30,51.875,47.3125,47.3125,51.75,5613200,51.75
2000-05-31,52.25,48.125,50.75,48.3125,6882000,48.3125
