Date,High,Low,Open,Close,Volume,Adj Close
2009-03-02,65.5199966430664,61.5099983215332,63.939998626708984,61.9900016784668,10511900,61.9900016784668
2009-03-03,63.290000915527344,61.29999923706055,62.75,61.70000076293945,9691600,61.70000076293945
2009-03-04,65.79000091552734,62.400001525878906,62.79999923706055,64.80999755859375,11960900,64.80999755859375
2009-03-05,65.80000305175781,63.599998474121094,64.12000274658203,64.7699966430664,11770300,64.7699966430664
2009-03-06,65.5,59.81999969482422,65.19999694824219,61.689998626708984,15093800,61.689998626708984
2009-03-09,64.02999877929688,60.150001525878906,62.20000076293945,60.4900016784668,13561400,60.4900016784668
2009-03-10,65.9000015258789,61.779998779296875,62.4900016784668,65.70999908447266,15435700,65.70999908447266
2009-03-11,69.37000274658203,65.2699966430664,66.23999786376953,68.54000091552734,13881700,68.54000091552734
2009-03-12,69.87000274658203,67.25,68.3499984741211,69.58000183105469,11348900,69.58000183105469
2009-03-13,69.73999786376953,67.52999877929688,69.63999938964844,68.62999725341797,8903400,68.62999725341797
2009-03-16,69.29000091552734,66.68000030517578,68.55999755859375,66.9800033569336,9437300,66.9800033569336
2009-03-17,71.70999908447266,67.0,67.37000274658203,71.3499984741211,11902800,71.3499984741211
2009-03-18,73.91000366210938,70.12999725341797,70.97000122070312,71.25,10401700,71.25
2009-03-19,71.91000366210938,69.23999786376953,71.4000015258789,70.0999984741211,8819100,70.0999984741211
2009-03-20,70.88999938964844,69.08000183105469,70.38999938964844,69.95999908447266,8468100,69.95999908447266
2009-03-23,75.61000061035156,70.69999694824219,71.36000061035156,75.58000183105469,8612400,75.58000183105469
2009-03-24,75.0,72.30999755859375,74.8499984741211,72.80999755859375,7457900,72.80999755859375
2009-03-25,73.94999694824219,69.83999633789062,73.08999633789062,72.4000015258789,7895600,72.4000015258789
2009-03-26,74.9800033569336,72.63999938964844,73.47000122070312,73.69000244140625,6657700,73.69000244140625
2009-03-27,72.29000091552734,70.0999984741211,71.61000061035156,70.5199966430664,8568800,70.5199966430664
2009-03-30,71.66999816894531,69.75,70.4000015258789,71.44000244140625,8373100,71.44000244140625
2009-03-31,74.5,72.12000274658203,72.61000061035156,73.44000244140625,8918200,73.44000244140625
