Date,High,Low,Open,Close,Volume,Adj Close
2017-08-01,1006.4000244140625,991.5800170898438,996.1099853515625,996.1900024414062,4572600,996.1900024414062
2017-08-02,1003.2100219726562,981.72998046875,1001.77001953125,995.8900146484375,4070000,995.8900146484375
2017-08-03,999.5,984.5900268554688,999.469970703125,986.9199829101562,3255800,986.9199829101562
2017-08-04,991.6699829101562,982.0,989.6799926757812,987.5800170898438,2730300,987.5800170898438
2017-08-07,995.0,987.1400146484375,990.6500244140625,992.27001953125,2676600,992.27001953125
2017-08-08,996.280029296875,985.7899780273438,994.3499755859375,989.8400268554688,2902800,989.8400268554688
2017-08-09,988.0,975.27001953125,982.5999755859375,982.010009765625,3569700,982.010009765625
2017-08-10,979.8599853515625,954.6799926757812,976.2999877929688,956.9199829101562,5684100,956.9199829101562
2017-08-11,970.3900146484375,951.3800048828125,960.0,967.989990234375,3468000,967.989990234375
2017-08-14,985.5,976.1900024414062,978.4099731445312,983.2999877929688,3172900,983.2999877929688
2017-08-15,991.739990234375,982.0,988.9000244140625,982.739990234375,2549300,982.739990234375
2017-08-16,986.4600219726562,973.219970703125,981.6500244140625,978.1799926757812,3132100,978.1799926757812
2017-08-17,977.8400268554688,960.3200073242188,977.8400268554688,960.5700073242188,3512400,960.5700073242188
2017-08-18,965.4299926757812,954.6500244140625,961.4000244140625,958.469970703125,3284800,958.469970703125
2017-08-21,961.2000122070312,945.4600219726562,957.5700073242188,953.2899780273438,3164500,953.2899780273438
2017-08-22,967.9299926757812,955.5,955.52001953125,966.9000244140625,2750000,966.9000244140625
2017-08-23,962.0,954.2000122070312,959.3800048828125,958.0,2668300,958.0
2017-08-24,959.0,941.1400146484375,957.4199829101562,952.4500122070312,5195700,952.4500122070312
2017-08-25,957.6199951171875,944.0999755859375,956.0,945.260009765625,3324800,945.260009765625
2017-08-28,953.0,942.25,946.5399780273438,946.02001953125,2596700,946.02001953125
2017-08-29,956.0,936.3300170898438,940.0,954.0599975585938,2874300,954.0599975585938
2017-08-30,969.4099731445312,956.9099731445312,958.4400024414062,967.5900268554688,2904600,967.5900268554688
2017-08-31,981.0,972.760009765625,974.7000122070312,980.5999755859375,3331500,980.5999755859375
