Date,High,Low,Open,Close,Volume,Adj Close
2000-03-01,68.5,65.0,67.625,65.875,5576700,65.875
2000-03-02,65.0,62.1875,64.9375,62.5625,7980100,62.5625
2000-03-03,64.75,62.0625,63.25,62.5,6059500,62.5
2000-03-06,67.25,62.8125,62.875,63.9375,7665800,63.9375
2000-03-07,65.8125,62.125,64.875,63.5,4178800,63.5
2000-03-08,64.75,60.5625,63.25,63.625,5940700,63.625
2000-03-09,69.0,62.1875,63.0,68.8125,8312500,68.8125
2000-03-10,68.53125,65.0,67.25,66.875,3713500,66.875
2000-03-13,66.625,63.0,64.0,65.3125,5634300,65.3125
2000-03-14,66.9375,63.375,66.0625,65.625,4805300,65.625
2000-03-15,65.125,62.0,64.75,63.75,6082700,63.75
2000-03-16,66.375,60.0,62.25,66.25,9703100,66.25
2000-03-17,66.375,64.5,66.0625,64.8125,5298500,64.8125
2000-03-20,64.5,62.375,63.5,64.1875,5813500,64.1875
2000-03-21,73.0,62.25,65.125,72.375,17082900,72.375
2000-03-22,74.0,69.25,70.875,70.6875,11566400,70.6875
2000-03-23,70.9375,67.5,69.5,67.6875,5442100,67.6875
2000-03-24,75.25,71.3125,74.625,72.6875,9746000,72.6875
2000-03-27,75.125,71.75,72.25,73.125,4748600,73.125
2000-03-28,72.75,69.46875,72.375,70.125,5197600,70.125
2000-03-29,69.875,65.0,69.5,66.25,5886500,66.25
2000-03-30,67.375,64.0,64.5,66.5,5034000,66.5
2000-03-31,67.125,63.0,66.75,67.0,5115500,67.0
