Date,High,Low,Open,Close,Volume,Adj Close
2019-08-01,1897.9200439453125,1844.010009765625,1871.719970703125,1855.3199462890625,4713300,1855.3199462890625
2019-08-02,1846.3599853515625,1808.02001953125,1845.0699462890625,1823.239990234375,4956200,1823.239990234375
2019-08-05,1788.6700439453125,1748.780029296875,1770.219970703125,1765.1300048828125,6058200,1765.1300048828125
2019-08-06,1793.77001953125,1753.4000244140625,1792.22998046875,1787.8299560546875,5070300,1787.8299560546875
2019-08-07,1798.9300537109375,1757.0,1773.989990234375,1793.4000244140625,4526900,1793.4000244140625
2019-08-08,1834.260009765625,1798.1099853515625,1806.0,1832.8900146484375,3701200,1832.8900146484375
2019-08-09,1831.0899658203125,1802.219970703125,1828.949951171875,1807.5799560546875,2879800,1807.5799560546875
2019-08-12,1800.97998046875,1777.0,1795.989990234375,1784.9200439453125,2905500,1784.9200439453125
2019-08-13,1831.739990234375,1780.0,1783.0,1824.3399658203125,3994000,1824.3399658203125
2019-08-14,1795.6500244140625,1757.219970703125,1793.010009765625,1762.9599609375,4893600,1762.9599609375
2019-08-15,1788.0,1761.9599609375,1781.989990234375,1776.1199951171875,3759100,1776.1199951171875
2019-08-16,1802.9100341796875,1784.550048828125,1792.8900146484375,1792.5699462890625,3018000,1792.5699462890625
2019-08-19,1826.0,1812.6099853515625,1818.0799560546875,1816.1199951171875,2816300,1816.1199951171875
2019-08-20,1816.8199462890625,1799.8800048828125,1814.5,1801.3800048828125,1929500,1801.3800048828125
2019-08-21,1829.5799560546875,1815.0,1819.3900146484375,1823.5400390625,2031800,1823.5400390625
2019-08-22,1829.4100341796875,1800.0999755859375,1828.0,1804.6600341796875,2653500,1804.6600341796875
2019-08-23,1804.9000244140625,1745.22998046875,1793.030029296875,1749.6199951171875,5270800,1749.6199951171875
2019-08-26,1770.0,1743.510009765625,1766.9100341796875,1768.8699951171875,3080000,1768.8699951171875
2019-08-27,1779.4000244140625,1746.6800537109375,1775.72998046875,1761.8299560546875,3019700,1761.8299560546875
2019-08-28,1767.8599853515625,1744.050048828125,1755.0,1764.25,2419700,1764.25
2019-08-29,1798.550048828125,1777.25,1783.0,1786.4000244140625,3015100,1786.4000244140625
2019-08-30,1799.739990234375,1764.5699462890625,1797.489990234375,1776.2900390625,3058700,1776.2900390625
