Date,High,Low,Open,Close,Volume,Adj Close
2006-04-03,37.33000183105469,36.099998474121094,36.66999816894531,36.13999938964844,5054000,36.13999938964844
2006-04-04,37.099998474121094,36.02000045776367,36.13999938964844,36.77000045776367,3717800,36.77000045776367
2006-04-05,37.34000015258789,36.27000045776367,36.65999984741211,37.34000015258789,5559500,37.34000015258789
2006-04-06,38.84000015258789,37.130001068115234,37.20000076293945,38.5099983215332,9294600,38.5099983215332
2006-04-07,38.66999816894531,37.0,38.54999923706055,37.09000015258789,5704500,37.09000015258789
2006-04-10,37.279998779296875,36.220001220703125,37.150001525878906,36.61000061035156,4747500,36.61000061035156
2006-04-11,36.75,35.52000045776367,36.61000061035156,36.060001373291016,6605600,36.060001373291016
2006-04-12,36.439998626708984,35.90999984741211,35.90999984741211,36.130001068115234,2855800,36.130001068115234
2006-04-13,36.720001220703125,35.4900016784668,35.95000076293945,36.619998931884766,3715200,36.619998931884766
2006-04-17,36.619998931884766,35.04999923706055,36.470001220703125,35.27000045776367,4442200,35.27000045776367
2006-04-18,36.45000076293945,35.20000076293945,35.38999938964844,36.279998779296875,4595700,36.279998779296875
2006-04-19,36.959999084472656,35.88999938964844,36.119998931884766,36.88999938964844,4280500,36.88999938964844
2006-04-20,37.20000076293945,36.22999954223633,36.70000076293945,36.34000015258789,5387600,36.34000015258789
2006-04-21,36.779998779296875,35.720001220703125,36.619998931884766,36.029998779296875,4423500,36.029998779296875
2006-04-24,36.119998931884766,35.31999969482422,36.119998931884766,35.790000915527344,3087600,35.790000915527344
2006-04-25,35.77000045776367,35.0099983215332,35.59000015258789,35.54999923706055,12790500,35.54999923706055
2006-04-26,36.349998474121094,35.150001525878906,35.34000015258789,35.790000915527344,11071500,35.790000915527344
2006-04-27,35.869998931884766,35.29999923706055,35.5099983215332,35.7400016784668,5932500,35.7400016784668
2006-04-28,35.88999938964844,35.13999938964844,35.77000045776367,35.209999084472656,3492500,35.209999084472656
