Date,High,Low,Open,Close,Volume,Adj Close
2007-10-01,94.0999984741211,92.83000183105469,93.41999816894531,93.41000366210938,5397400,93.41000366210938
2007-10-02,93.9000015258789,91.4000015258789,93.86000061035156,92.36000061035156,4867200,92.36000061035156
2007-10-03,92.80000305175781,91.77999877929688,92.19000244140625,92.45999908447266,5052200,92.45999908447266
2007-10-04,92.56999969482422,91.44999694824219,92.55000305175781,92.26000213623047,3318300,92.26000213623047
2007-10-05,93.70999908447266,92.33999633789062,93.55000305175781,93.43000030517578,5523500,93.43000030517578
2007-10-08,95.8499984741211,94.0,94.22000122070312,95.8499984741211,7428400,95.8499984741211
2007-10-09,96.7300033569336,94.75,96.58999633789062,95.31999969482422,7144600,95.31999969482422
2007-10-10,95.75,94.37000274658203,95.5,94.66000366210938,5567800,94.66000366210938
2007-10-11,95.73999786376953,88.12999725341797,95.33000183105469,89.33999633789062,9822400,89.33999633789062
2007-10-12,92.38999938964844,88.91999816894531,89.41999816894531,92.37000274658203,8359900,92.37000274658203
2007-10-15,92.12000274658203,90.0999984741211,91.80000305175781,90.52999877929688,5608800,90.52999877929688
2007-10-16,90.05000305175781,88.5,88.69000244140625,89.52999877929688,8511500,89.52999877929688
2007-10-17,91.9000015258789,89.05999755859375,91.9000015258789,90.55000305175781,7678700,90.55000305175781
2007-10-18,90.43000030517578,89.1500015258789,89.37000274658203,89.8499984741211,5329500,89.8499984741211
2007-10-19,90.6500015258789,89.31999969482422,89.93000030517578,89.76000213623047,9126200,89.76000213623047
2007-10-22,91.69000244140625,89.0199966430664,89.25,91.29000091552734,9868400,91.29000091552734
2007-10-23,101.08999633789062,94.20999908447266,95.27999877929688,100.81999969482422,41761800,100.81999969482422
2007-10-24,90.87999725341797,83.2699966430664,90.87000274658203,88.7300033569336,41617400,88.7300033569336
2007-10-25,89.5,86.31999969482422,88.2300033569336,88.20999908447266,11630900,88.20999908447266
2007-10-26,90.87999725341797,87.69999694824219,89.0,90.0,8826200,90.0
2007-10-29,91.47000122070312,89.4800033569336,90.41000366210938,90.0999984741211,7097200,90.0999984741211
2007-10-30,90.6500015258789,88.05000305175781,89.66999816894531,88.23999786376953,5405400,88.23999786376953
2007-10-31,89.5999984741211,87.0,88.05000305175781,89.1500015258789,7044800,89.1500015258789
