Date,High,Low,Open,Close,Volume,Adj Close
2018-09-04,2050.5,2013.0,2026.5,2039.510009765625,5721100,2039.510009765625
2018-09-05,2040.3800048828125,1989.8900146484375,2038.1099853515625,1994.8199462890625,8220600,1994.8199462890625
2018-09-06,2007.5,1935.2099609375,2006.510009765625,1958.31005859375,7488700,1958.31005859375
2018-09-07,1975.199951171875,1937.3499755859375,1938.7099609375,1952.0699462890625,4892600,1952.0699462890625
2018-09-10,1973.0400390625,1931.52001953125,1971.0,1939.010009765625,4544800,1939.010009765625
2018-09-11,1988.8800048828125,1917.0,1928.27001953125,1987.1500244140625,5033600,1987.1500244140625
2018-09-12,2000.0,1962.43994140625,1994.0,1990.0,4414000,1990.0
2018-09-13,2008.760009765625,1982.030029296875,2000.0,1989.8699951171875,3621500,1989.8699951171875
2018-09-14,1993.6500244140625,1959.219970703125,1992.9300537109375,1970.18994140625,3642000,1970.18994140625
2018-09-17,1956.8199462890625,1887.4100341796875,1954.72998046875,1908.030029296875,7050200,1908.030029296875
2018-09-18,1958.199951171875,1915.43994140625,1918.6500244140625,1941.050048828125,4268700,1941.050048828125
2018-09-19,1940.8299560546875,1904.9000244140625,1940.5,1926.4200439453125,4056800,1926.4200439453125
2018-09-20,1955.0,1932.25,1938.5799560546875,1944.300048828125,3154900,1944.300048828125
2018-09-21,1957.31005859375,1910.5,1954.219970703125,1915.010009765625,6855900,1915.010009765625
2018-09-24,1936.8800048828125,1865.0,1903.7900390625,1934.3599853515625,4213700,1934.3599853515625
2018-09-25,1975.9100341796875,1938.8499755859375,1942.9000244140625,1974.550048828125,4538400,1974.550048828125
2018-09-26,1995.25,1961.52001953125,1968.5,1974.8499755859375,4313500,1974.8499755859375
2018-09-27,2016.1600341796875,1988.5799560546875,1993.239990234375,2012.97998046875,4329400,2012.97998046875
2018-09-28,2026.52001953125,1996.4599609375,2004.4100341796875,2003.0,4085100,2003.0
