Date,High,Low,Open,Close,Volume,Adj Close
2018-04-02,1421.3599853515625,1355.0,1417.6199951171875,1371.989990234375,10463600,1371.989990234375
2018-04-03,1414.0,1355.3299560546875,1391.3800048828125,1392.050048828125,10231200,1392.050048828125
2018-04-04,1415.3900146484375,1352.8800048828125,1358.239990234375,1410.5699462890625,6982300,1410.5699462890625
2018-04-05,1459.56005859375,1427.0699462890625,1441.989990234375,1451.75,6413500,1451.75
2018-04-06,1452.5,1400.260009765625,1429.969970703125,1405.22998046875,5882300,1405.22998046875
2018-04-09,1438.47998046875,1402.5699462890625,1425.030029296875,1406.0799560546875,4208200,1406.0799560546875
2018-04-10,1438.3800048828125,1415.699951171875,1431.989990234375,1436.219970703125,4254100,1436.219970703125
2018-04-11,1448.780029296875,1424.8900146484375,1439.43994140625,1427.050048828125,3582500,1427.050048828125
2018-04-12,1452.1199951171875,1435.06005859375,1439.5,1448.5,3135000,1448.5
2018-04-13,1459.780029296875,1424.52001953125,1449.1400146484375,1430.7900390625,3685300,1430.7900390625
2018-04-16,1447.0,1427.47998046875,1445.0,1441.5,2808600,1441.5
2018-04-17,1507.18994140625,1457.02001953125,1462.300048828125,1503.8299560546875,5114400,1503.8299560546875
2018-04-18,1533.800048828125,1504.1099853515625,1514.6500244140625,1527.8399658203125,5227500,1527.8399658203125
2018-04-19,1568.52001953125,1539.06005859375,1543.219970703125,1556.9100341796875,6523700,1556.9100341796875
2018-04-20,1561.199951171875,1516.0899658203125,1561.199951171875,1527.489990234375,5541600,1527.489990234375
2018-04-23,1548.0,1503.4100341796875,1546.68994140625,1517.8599853515625,4465400,1517.8599853515625
2018-04-24,1539.5,1448.449951171875,1535.800048828125,1460.0899658203125,7494700,1460.0899658203125
2018-04-25,1469.989990234375,1415.02001953125,1458.0,1460.1700439453125,6587300,1460.1700439453125
2018-04-26,1529.4200439453125,1478.5,1485.010009765625,1517.9599609375,8801100,1517.9599609375
2018-04-27,1638.0999755859375,1567.3900146484375,1634.010009765625,1572.6199951171875,13053200,1572.6199951171875
2018-04-30,1596.0,1560.93994140625,1582.5,1566.1300048828125,5464100,1566.1300048828125
