Date,High,Low,Open,Close,Volume,Adj Close
2009-09-01,82.41999816894531,79.0,80.73999786376953,79.16000366210938,6245800,79.16000366210938
2009-09-02,80.1500015258789,77.80000305175781,79.04000091552734,78.13999938964844,6512700,78.13999938964844
2009-09-03,78.95999908447266,77.51000213623047,78.38999938964844,78.45999908447266,4140200,78.45999908447266
2009-09-04,79.77999877929688,77.62999725341797,78.2699966430664,78.87000274658203,4671500,78.87000274658203
2009-09-08,81.04000091552734,78.87000274658203,79.86000061035156,80.9000015258789,7037600,80.9000015258789
2009-09-09,82.62999725341797,80.5,80.5999984741211,82.23999786376953,6776200,82.23999786376953
2009-09-10,84.06999969482422,82.30000305175781,82.33000183105469,83.8499984741211,7023100,83.8499984741211
2009-09-11,84.9000015258789,83.76000213623047,84.44000244140625,84.54000091552734,6006900,84.54000091552734
2009-09-14,84.56999969482422,83.45999908447266,83.80999755859375,83.86000061035156,3572000,83.86000061035156
2009-09-15,84.41000366210938,82.79000091552734,84.16999816894531,83.55000305175781,4446800,83.55000305175781
2009-09-16,90.9800033569336,85.9000015258789,85.91000366210938,90.69999694824219,13114300,90.69999694824219
2009-09-17,91.19000244140625,89.0,90.75,90.44000244140625,7872700,90.44000244140625
2009-09-18,91.0,89.47000122070312,90.73999786376953,90.27999877929688,6769500,90.27999877929688
2009-09-21,90.76000213623047,88.4800033569336,89.69000244140625,90.55999755859375,4209300,90.55999755859375
2009-09-22,94.19000244140625,91.0999984741211,91.45999908447266,93.75,8264900,93.75
2009-09-23,94.5,92.22000122070312,92.81999969482422,92.37999725341797,5685300,92.37999725341797
2009-09-24,92.70999908447266,90.7699966430664,92.0,92.11000061035156,5075100,92.11000061035156
2009-09-25,92.25,89.75,91.44000244140625,90.5199966430664,4256800,90.5199966430664
2009-09-28,92.80999755859375,90.5999984741211,91.04000091552734,92.20999908447266,3508000,92.20999908447266
2009-09-29,92.33000183105469,90.0999984741211,91.95999908447266,91.72000122070312,4393900,91.72000122070312
2009-09-30,94.16999816894531,91.43000030517578,92.26000213623047,93.36000061035156,8539200,93.36000061035156
