Date,High,Low,Open,Close,Volume,Adj Close
2011-02-01,173.10000610351562,169.50999450683594,170.52000427246094,172.11000061035156,5085900,172.11000061035156
2011-02-02,175.1999969482422,170.8699951171875,171.4199981689453,173.52999877929688,4547500,173.52999877929688
2011-02-03,174.6699981689453,171.9499969482422,173.5,173.7100067138672,3678900,173.7100067138672
2011-02-04,177.19000244140625,173.75,174.0,175.92999267578125,4347800,175.92999267578125
2011-02-07,177.5500030517578,174.77000427246094,176.14999389648438,176.42999267578125,5254700,176.42999267578125
2011-02-08,183.11000061035156,176.58999633789062,176.66000366210938,183.05999755859375,7794900,183.05999755859375
2011-02-09,186.47000122070312,182.25999450683594,183.14999389648438,185.3000030517578,8312700,185.3000030517578
2011-02-10,187.24000549316406,183.60000610351562,184.38999938964844,186.2100067138672,5331400,186.2100067138672
2011-02-11,189.5,185.3699951171875,185.55999755859375,189.25,4487900,189.25
2011-02-14,191.39999389648438,188.35000610351562,189.25,190.4199981689453,4061300,190.4199981689453
2011-02-15,190.49000549316406,188.25,188.72999572753906,189.02999877929688,3890900,189.02999877929688
2011-02-16,190.0,186.35000610351562,189.77000427246094,186.6199951171875,4628200,186.6199951171875
2011-02-17,189.08999633789062,185.30999755859375,185.77000427246094,187.75999450683594,3425500,187.75999450683594
2011-02-18,188.5,185.1300048828125,187.5399932861328,186.5,4178600,186.5
2011-02-22,184.72000122070312,179.32000732421875,183.67999267578125,180.4199981689453,5637100,180.4199981689453
2011-02-23,181.14999389648438,174.38999938964844,180.25,176.67999267578125,5482000,176.67999267578125
2011-02-24,179.75,174.55999755859375,176.86000061035156,177.75,4656500,177.75
2011-02-25,180.75,177.10000610351562,178.9499969482422,177.24000549316406,4191400,177.24000549316406
2011-02-28,175.88999938964844,172.14999389648438,173.91000366210938,173.2899932861328,6783200,173.2899932861328
