Date,High,Low,Open,Close,Volume,Adj Close
2011-05-02,203.4199981689453,196.17999267578125,196.57000732421875,201.19000244140625,9398100,201.19000244140625
2011-05-03,202.58999633789062,196.69000244140625,201.0,198.4499969482422,6100000,198.4499969482422
2011-05-04,201.86000061035156,195.3699951171875,198.25,199.97000122070312,6550000,199.97000122070312
2011-05-05,201.0,196.1199951171875,198.66000366210938,197.11000061035156,4600000,197.11000061035156
2011-05-06,199.55999755859375,196.55999755859375,199.10000610351562,197.60000610351562,4013900,197.60000610351562
2011-05-09,202.36000061035156,196.77999877929688,198.33999633789062,200.8000030517578,5825400,200.8000030517578
2011-05-10,205.2899932861328,201.55999755859375,201.94000244140625,203.94000244140625,5885900,203.94000244140625
2011-05-11,205.5,202.25,203.1199951171875,204.3800048828125,4809000,204.3800048828125
2011-05-12,206.19000244140625,200.6199951171875,204.22000122070312,206.07000732421875,4800000,206.07000732421875
2011-05-13,206.38999938964844,202.36000061035156,205.6999969482422,202.55999755859375,4123700,202.55999755859375
2011-05-16,200.89999389648438,191.3699951171875,200.5399932861328,192.50999450683594,9386400,192.50999450683594
2011-05-17,195.97999572753906,191.75999450683594,191.82000732421875,194.80999755859375,7073300,194.80999755859375
2011-05-18,198.27999877929688,193.25,194.1300048828125,197.08999633789062,4955800,197.08999633789062
2011-05-19,199.9499969482422,197.5500030517578,198.3300018310547,198.8000030517578,3701200,198.8000030517578
2011-05-20,199.8000030517578,197.24000549316406,197.9499969482422,198.64999389648438,3381000,198.64999389648438
2011-05-23,197.2899932861328,192.02000427246094,195.55999755859375,196.22000122070312,4200000,196.22000122070312
2011-05-24,197.0,193.0,197.0,193.27000427246094,2972700,193.27000427246094
2011-05-25,194.35000610351562,191.13999938964844,193.57000732421875,192.25999450683594,4661300,192.25999450683594
2011-05-26,196.4499969482422,190.8800048828125,191.24000549316406,195.0,4075200,195.0
2011-05-27,196.1199951171875,193.5,194.75999450683594,194.1300048828125,2352600,194.1300048828125
2011-05-31,198.44000244140625,195.02999877929688,195.94000244140625,196.69000244140625,3409000,196.69000244140625
