Date,High,Low,Open,Close,Volume,Adj Close
2015-03-02,385.8999938964844,379.4800109863281,380.8500061035156,385.6600036621094,2139200,385.6600036621094
2015-03-03,386.1000061035156,381.6000061035156,383.95001220703125,384.6099853515625,1946500,384.6099853515625
2015-03-04,387.8999938964844,382.19000244140625,385.7099914550781,382.7200012207031,2259100,382.7200012207031
2015-03-05,388.4200134277344,383.8900146484375,385.6099853515625,387.8299865722656,2693500,387.8299865722656
2015-03-06,387.0,378.8800048828125,385.5199890136719,380.0899963378906,2627000,380.0899963378906
2015-03-09,379.3299865722656,375.2799987792969,378.3999938964844,378.55999755859375,2311400,378.55999755859375
2015-03-10,377.7699890136719,369.17999267578125,377.45001220703125,369.510009765625,3121000,369.510009765625
2015-03-11,373.3500061035156,366.260009765625,370.6099853515625,366.3699951171875,2495100,366.3699951171875
2015-03-12,375.5,367.5199890136719,368.82000732421875,374.239990234375,2810000,374.239990234375
2015-03-13,373.989990234375,366.67999267578125,371.5199890136719,370.5799865722656,2611700,370.5799865722656
2015-03-16,373.94000244140625,366.7200012207031,370.3800048828125,373.3500061035156,2354100,373.3500061035156
2015-03-17,374.5,369.6400146484375,371.1099853515625,371.9200134277344,2037000,371.9200134277344
2015-03-18,375.989990234375,366.70001220703125,369.9700012207031,375.1400146484375,2654100,375.1400146484375
2015-03-19,377.1099853515625,372.19000244140625,373.8699951171875,373.239990234375,1915700,373.239990234375
2015-03-20,379.3699951171875,375.9200134277344,376.2900085449219,378.489990234375,3763600,378.489990234375
2015-03-23,381.7699890136719,374.94000244140625,378.07000732421875,375.1099853515625,2239300,375.1099853515625
2015-03-24,375.239990234375,372.2699890136719,373.989990234375,374.0899963378906,2228200,374.0899963378906
2015-03-25,380.5,370.2900085449219,375.1700134277344,370.9599914550781,3429500,370.9599914550781
2015-03-26,371.3999938964844,365.6499938964844,369.5899963378906,367.3500061035156,2930000,367.3500061035156
2015-03-27,373.1700134277344,366.57000732421875,367.1099853515625,370.55999755859375,2609800,370.55999755859375
2015-03-30,376.1199951171875,371.54998779296875,371.8699951171875,374.5899963378906,1820900,374.5899963378906
2015-03-31,377.70001220703125,371.510009765625,373.239990234375,372.1000061035156,2506100,372.1000061035156
