Date,High,Low,Open,Close,Volume,Adj Close
2007-09-04,83.52999877929688,79.7300033569336,79.9000015258789,82.69999694824219,8266000,82.69999694824219
2007-09-05,84.88999938964844,82.22000122070312,82.23999786376953,83.75,9062200,83.75
2007-09-06,86.45999908447266,82.8499984741211,84.5,86.20999908447266,8826900,86.20999908447266
2007-09-07,84.97000122070312,83.20999908447266,84.69999694824219,84.5199966430664,8231200,84.5199966430664
2007-09-10,85.16000366210938,82.51000213623047,84.93000030517578,83.33999633789062,5366900,83.33999633789062
2007-09-11,86.61000061035156,83.52999877929688,84.16999816894531,86.27999877929688,6859800,86.27999877929688
2007-09-12,88.88999938964844,85.97000122070312,86.06999969482422,87.30000305175781,9030300,87.30000305175781
2007-09-13,88.06999969482422,86.5,87.94999694824219,87.26000213623047,5983500,87.26000213623047
2007-09-14,88.08999633789062,86.30999755859375,86.41000366210938,87.7699966430664,3954700,87.7699966430664
2007-09-17,87.33999633789062,85.9800033569336,86.9800033569336,86.91000366210938,4484500,86.91000366210938
2007-09-18,91.5999984741211,86.70999908447266,87.37999725341797,88.75,8924400,88.75
2007-09-19,89.81999969482422,88.26000213623047,89.5199966430664,89.0,6458700,89.0
2007-09-20,90.41999816894531,88.81999969482422,88.9000015258789,89.6500015258789,5780800,89.6500015258789
2007-09-21,91.9000015258789,89.6500015258789,90.29000091552734,91.30000305175781,6524500,91.30000305175781
2007-09-24,93.75,90.80999755859375,91.30000305175781,92.58999633789062,5321800,92.58999633789062
2007-09-25,93.5,90.94999694824219,91.98999786376953,93.4800033569336,5800300,93.4800033569336
2007-09-26,94.26000213623047,92.29000091552734,94.04000091552734,93.43000030517578,5770300,93.43000030517578
2007-09-27,94.11000061035156,93.11000061035156,94.06999969482422,93.37999725341797,2812700,93.37999725341797
2007-09-28,93.5999984741211,91.69999694824219,92.7699966430664,93.1500015258789,4813700,93.1500015258789
