Date,High,Low,Open,Close,Volume,Adj Close
2000-09-01,42.5,41.0,42.125,41.5,3347100,41.5
2000-09-05,46.3125,40.25,40.9375,45.6875,10168200,45.6875
2000-09-06,49.625,45.6875,47.25,45.875,14263200,45.875
2000-09-07,47.0,43.0,46.8125,43.5,7406200,43.5
2000-09-08,45.0,42.5,44.0625,42.9375,5088900,42.9375
2000-09-11,45.21875,42.1875,42.625,42.375,5447100,42.375
2000-09-12,44.1875,42.25,43.375,42.6875,3821500,42.6875
2000-09-13,43.125,41.0,41.3125,42.4375,4085000,42.4375
2000-09-14,46.0,43.75,44.1875,44.875,6963500,44.875
2000-09-15,45.4375,42.875,45.375,43.625,6180200,43.625
2000-09-18,44.625,41.875,43.5,42.8125,4445200,42.8125
2000-09-19,42.75,39.125,42.0625,40.75,7230800,40.75
2000-09-20,40.5,37.375,40.4375,37.5,9744800,37.5
2000-09-21,40.5,37.25,37.4375,40.0625,7425600,40.0625
2000-09-22,42.125,38.3125,38.375,41.4375,5996200,41.4375
2000-09-25,42.5625,40.0,41.21875,40.375,5459900,40.375
2000-09-26,41.125,39.5625,40.625,39.75,4260400,39.75
2000-09-27,39.625,35.5,38.6875,37.875,10030900,37.875
2000-09-28,40.25,37.125,37.3125,40.0,5857900,40.0
2000-09-29,41.25,37.625,39.0,38.4375,6517100,38.4375
