Date,High,Low,Open,Close,Volume,Adj Close
2005-04-01,34.709999084472656,33.779998779296875,34.630001068115234,34.0099983215332,5018400,34.0099983215332
2005-04-04,35.18000030517578,33.810001373291016,34.0,35.0,7342200,35.0
2005-04-05,35.34000015258789,34.9900016784668,35.22999954223633,35.279998779296875,4933000,35.279998779296875
2005-04-06,35.20000076293945,34.619998931884766,35.099998474121094,34.81999969482422,5276100,34.81999969482422
2005-04-07,34.91999816894531,34.5,34.68000030517578,34.900001525878906,3807300,34.900001525878906
2005-04-08,34.93000030517578,34.56999969482422,34.75,34.599998474121094,3013000,34.599998474121094
2005-04-11,35.0,34.36000061035156,34.599998474121094,34.599998474121094,3253100,34.599998474121094
2005-04-12,34.63999938964844,33.65999984741211,34.400001525878906,34.630001068115234,6197200,34.630001068115234
2005-04-13,34.709999084472656,34.150001525878906,34.349998474121094,34.29999923706055,4125100,34.29999923706055
2005-04-14,34.5,33.880001068115234,34.2599983215332,33.970001220703125,4178400,33.970001220703125
2005-04-15,34.0,33.02000045776367,33.959999084472656,33.02000045776367,5985000,33.02000045776367
2005-04-18,33.58000183105469,32.84000015258789,32.900001525878906,33.0,6917000,33.0
2005-04-19,33.369998931884766,32.0099983215332,33.18000030517578,32.779998779296875,6619400,32.779998779296875
2005-04-20,33.7599983215332,32.900001525878906,33.099998474121094,33.25,9215500,33.25
2005-04-21,33.88999938964844,32.88999938964844,33.5,33.72999954223633,7694700,33.72999954223633
2005-04-22,33.630001068115234,32.90999984741211,33.4900016784668,33.040000915527344,6392000,33.040000915527344
2005-04-25,33.59000015258789,33.04999923706055,33.130001068115234,33.529998779296875,4245400,33.529998779296875
2005-04-26,33.97999954223633,32.58000183105469,33.43000030517578,32.709999084472656,13969300,32.709999084472656
2005-04-27,31.739999771118164,30.600000381469727,30.84000015258789,31.719999313354492,29312900,31.719999313354492
2005-04-28,32.91999816894531,31.6299991607666,31.65999984741211,32.52000045776367,14472800,32.52000045776367
2005-04-29,32.88999938964844,31.520000457763672,32.86000061035156,32.36000061035156,10523500,32.36000061035156
