Date,High,Low,Open,Close,Volume,Adj Close
2016-08-01,770.5,757.0599975585938,759.8699951171875,767.739990234375,3578200,767.739990234375
2016-08-02,765.010009765625,757.02001953125,763.8099975585938,760.5800170898438,3603300,760.5800170898438
2016-08-03,758.8900146484375,752.25,757.0599975585938,754.6400146484375,3581500,754.6400146484375
2016-08-04,765.0,750.3499755859375,753.7000122070312,760.77001953125,3178200,760.77001953125
2016-08-05,768.469970703125,763.0900268554688,764.8099975585938,765.97998046875,2704400,765.97998046875
2016-08-08,767.0,761.02001953125,766.8099975585938,766.5599975585938,1986300,766.5599975585938
2016-08-09,772.5999755859375,766.9000244140625,767.3900146484375,768.3099975585938,1876100,768.3099975585938
2016-08-10,772.0999755859375,766.1900024414062,769.7999877929688,768.5599975585938,1604300,768.5599975585938
2016-08-11,773.75,769.1199951171875,769.9400024414062,771.239990234375,2019700,771.239990234375
2016-08-12,773.1500244140625,768.4199829101562,768.4600219726562,772.5599975585938,1563300,772.5599975585938
2016-08-15,772.0399780273438,767.7100219726562,771.9000244140625,768.489990234375,2118500,768.489990234375
2016-08-16,768.72998046875,763.8200073242188,768.6199951171875,764.0399780273438,1604600,764.0399780273438
2016-08-17,765.219970703125,759.2000122070312,764.4099731445312,764.6300048828125,1891100,764.6300048828125
2016-08-18,765.1699829101562,760.5999755859375,764.0,764.4600219726562,1458800,764.4600219726562
2016-08-19,762.489990234375,756.8900146484375,761.9000244140625,757.3099975585938,2343200,757.3099975585938
2016-08-22,759.8499755859375,752.0999755859375,757.5,759.47998046875,1679300,759.47998046875
2016-08-23,764.7000122070312,761.0,763.3099975585938,762.4500122070312,1524100,762.4500122070312
2016-08-24,763.4099731445312,755.3599853515625,763.0,757.25,1744100,757.25
2016-08-25,760.5599975585938,754.739990234375,756.0,759.219970703125,1623000,759.219970703125
2016-08-26,770.0,759.7999877929688,760.0499877929688,769.0,2776800,769.0
2016-08-29,774.97998046875,768.5999755859375,768.719970703125,771.2899780273438,2198600,771.2899780273438
2016-08-30,771.8400268554688,765.5599975585938,771.0499877929688,767.5800170898438,1709200,767.5800170898438
2016-08-31,769.6400146484375,764.0,766.5999755859375,769.1599731445312,1633800,769.1599731445312
