Date,High,Low,Open,Close,Volume,Adj Close
2006-07-03,38.619998931884766,38.22999954223633,38.52000045776367,38.61000061035156,1436300,38.61000061035156
2006-07-05,38.43000030517578,36.779998779296875,38.279998779296875,37.11000061035156,5734000,37.11000061035156
2006-07-06,37.7400016784668,36.52000045776367,37.06999969482422,36.79999923706055,4372700,36.79999923706055
2006-07-07,37.279998779296875,35.75,36.709999084472656,36.11000061035156,5004100,36.11000061035156
2006-07-10,36.70000076293945,35.400001525878906,36.29999923706055,35.790000915527344,3876700,35.790000915527344
2006-07-11,35.91999816894531,35.0099983215332,35.7400016784668,35.65999984741211,6088600,35.65999984741211
2006-07-12,35.900001525878906,34.56999969482422,35.599998474121094,34.630001068115234,4894700,34.630001068115234
2006-07-13,34.630001068115234,33.709999084472656,34.33000183105469,33.72999954223633,6455500,33.72999954223633
2006-07-14,33.72999954223633,32.79999923706055,33.5099983215332,32.91999816894531,8094800,32.91999816894531
2006-07-17,33.93000030517578,32.790000915527344,32.790000915527344,33.66999816894531,7197300,33.66999816894531
2006-07-18,34.290000915527344,32.959999084472656,33.650001525878906,33.4900016784668,5215000,33.4900016784668
2006-07-19,34.77000045776367,33.38999938964844,33.5,34.47999954223633,8866300,34.47999954223633
2006-07-20,34.810001373291016,33.83000183105469,34.38999938964844,34.18000030517578,5836200,34.18000030517578
2006-07-21,33.970001220703125,32.91999816894531,33.849998474121094,33.189998626708984,7136600,33.189998626708984
2006-07-24,34.68000030517578,33.34000015258789,33.349998474121094,34.310001373291016,7385400,34.310001373291016
2006-07-25,34.15999984741211,33.38999938964844,34.0,33.59000015258789,17230000,33.59000015258789
2006-07-26,29.0,25.959999084472656,28.760000228881836,26.260000228881836,76985200,26.260000228881836
2006-07-27,26.799999237060547,26.209999084472656,26.450000762939453,26.559999465942383,26393800,26.559999465942383
2006-07-28,27.18000030517578,26.56999969482422,26.799999237060547,27.170000076293945,12422000,27.170000076293945
2006-07-31,27.290000915527344,26.739999771118164,27.020000457763672,26.889999389648438,8038200,26.889999389648438
