Date,High,Low,Open,Close,Volume,Adj Close
2011-11-01,216.2100067138672,207.42999267578125,208.11000061035156,212.10000610351562,8511800,212.10000610351562
2011-11-02,216.7899932861328,212.72000122070312,215.5500030517578,215.6199951171875,6122000,215.6199951171875
2011-11-03,218.5,213.02000427246094,216.3000030517578,218.2899932861328,5315000,218.2899932861328
2011-11-04,218.22999572753906,214.3300018310547,217.64999389648438,216.47999572753906,4065800,216.47999572753906
2011-11-07,220.1999969482422,214.0,216.83999633789062,217.0,3860000,217.0
2011-11-08,219.35000610351562,215.2100067138672,219.1999969482422,217.99000549316406,3914500,217.99000549316406
2011-11-09,215.6999969482422,210.60000610351562,214.9499969482422,211.22000122070312,4680600,211.22000122070312
2011-11-10,214.05999755859375,208.10000610351562,213.5,210.7899932861328,5044600,210.7899932861328
2011-11-11,217.8800048828125,210.30999755859375,212.52000427246094,217.38999938964844,5163100,217.38999938964844
2011-11-14,222.35000610351562,214.25,215.64999389648438,218.92999267578125,6522200,218.92999267578125
2011-11-15,220.3300018310547,214.25999450683594,218.0,217.8300018310547,5739000,217.8300018310547
2011-11-16,216.97000122070312,211.22999572753906,216.27000427246094,211.99000549316406,5509400,211.99000549316406
2011-11-17,212.89999389648438,202.10000610351562,212.50999450683594,204.52000427246094,7983100,204.52000427246094
2011-11-18,205.33999633789062,197.11000061035156,205.3300018310547,197.13999938964844,8437500,197.13999938964844
2011-11-21,193.36000061035156,185.0500030517578,193.2899932861328,189.25,11321200,189.25
2011-11-22,194.0399932861328,183.5800018310547,186.9499969482422,192.33999633789062,9915600,192.33999633789062
2011-11-23,194.60000610351562,187.88999938964844,193.05999755859375,188.99000549316406,8011300,188.99000549316406
2011-11-25,190.8300018310547,181.50999450683594,190.41000366210938,182.39999389648438,4972000,182.39999389648438
2011-11-28,194.6199951171875,190.5399932861328,191.64999389648438,194.14999389648438,7207300,194.14999389648438
2011-11-29,195.5,187.3000030517578,194.77999877929688,188.38999938964844,6575100,188.38999938964844
2011-11-30,195.3000030517578,188.75,194.75999450683594,192.2899932861328,7717000,192.2899932861328
