Date,High,Low,Open,Close,Volume,Adj Close
2017-06-01,998.989990234375,991.3699951171875,998.5900268554688,995.9500122070312,2454800,995.9500122070312
2017-06-02,1008.47998046875,995.6699829101562,998.989990234375,1006.72998046875,3752300,1006.72998046875
2017-06-05,1013.2100219726562,1003.510009765625,1007.22998046875,1011.3400268554688,2719900,1011.3400268554688
2017-06-06,1016.5,1001.25,1012.0,1003.0,3346400,1003.0
2017-06-07,1010.25,1002.0,1005.9500122070312,1010.0700073242188,2823000,1010.0700073242188
2017-06-08,1013.6099853515625,1006.1099853515625,1012.0599975585938,1010.27001953125,2767900,1010.27001953125
2017-06-09,1012.989990234375,927.0,1012.5,978.3099975585938,7647700,978.3099975585938
2017-06-12,975.9500122070312,945.0,967.0,964.9099731445312,9447200,964.9099731445312
2017-06-13,984.5,966.0999755859375,977.989990234375,980.7899780273438,4580000,980.7899780273438
2017-06-14,990.3400268554688,966.7100219726562,988.5900268554688,976.469970703125,3974900,976.469970703125
2017-06-15,965.72998046875,950.8599853515625,958.7000122070312,964.1699829101562,5373900,964.1699829101562
2017-06-16,999.75,982.0,996.0,987.7100219726562,11472700,987.7100219726562
2017-06-19,1017.0,989.9000244140625,1017.0,995.1699829101562,5043400,995.1699829101562
2017-06-20,1004.8800048828125,992.02001953125,998.0,992.5900268554688,4076800,992.5900268554688
2017-06-21,1002.719970703125,992.6500244140625,998.7000122070312,1002.22998046875,2922500,1002.22998046875
2017-06-22,1006.9600219726562,997.2000122070312,1002.22998046875,1001.2999877929688,2253400,1001.2999877929688
2017-06-23,1004.6199951171875,998.02001953125,1002.5399780273438,1003.739990234375,2879100,1003.739990234375
2017-06-26,1009.7999877929688,992.0,1008.5,993.97998046875,3386200,993.97998046875
2017-06-27,998.7999877929688,976.0,990.6900024414062,976.780029296875,3782400,976.780029296875
2017-06-28,990.6799926757812,969.2100219726562,978.5499877929688,990.3300170898438,3737600,990.3300170898438
2017-06-29,987.5599975585938,965.25,979.0,975.9299926757812,4303000,975.9299926757812
2017-06-30,983.469970703125,967.6099853515625,980.1199951171875,968.0,3390300,968.0
