Date,High,Low,Open,Close,Volume,Adj Close
2017-09-01,984.5,976.8800048828125,984.2000122070312,978.25,2535900,978.25
2017-09-05,976.77001953125,960.3699951171875,975.4000244140625,965.27001953125,2883200,965.27001953125
2017-09-06,971.8400268554688,960.5999755859375,968.3200073242188,967.7999877929688,2129900,967.7999877929688
2017-09-07,980.5900268554688,972.5499877929688,974.0,979.469970703125,2566800,979.469970703125
2017-09-08,979.8800048828125,963.469970703125,979.0999755859375,965.9000244140625,2605300,965.9000244140625
2017-09-11,981.9400024414062,974.219970703125,974.4600219726562,977.9600219726562,2186700,977.9600219726562
2017-09-12,984.6699829101562,975.52001953125,983.27001953125,982.5800170898438,2481100,982.5800170898438
2017-09-13,1000.0,979.4199829101562,983.969970703125,999.5999755859375,3374700,999.5999755859375
2017-09-14,998.5599975585938,987.739990234375,996.7999877929688,992.2100219726562,3913300,992.2100219726562
2017-09-15,996.25,984.030029296875,993.010009765625,986.7899780273438,3760200,986.7899780273438
2017-09-18,992.7899780273438,968.1699829101562,990.4000244140625,974.1900024414062,3411300,974.1900024414062
2017-09-19,978.239990234375,967.4600219726562,977.25,969.8599853515625,2671100,969.8599853515625
2017-09-20,974.8099975585938,962.1599731445312,971.7899780273438,973.2100219726562,2888800,973.2100219726562
2017-09-21,971.7000122070312,962.02001953125,971.3099975585938,964.6500244140625,2337600,964.6500244140625
2017-09-22,965.6099853515625,954.4199829101562,961.010009765625,955.0999755859375,2641800,955.0999755859375
2017-09-25,949.4199829101562,932.8900146484375,949.3099975585938,939.7899780273438,5124000,939.7899780273438
2017-09-26,948.6300048828125,931.75,945.489990234375,938.5999755859375,3564800,938.5999755859375
2017-09-27,955.2999877929688,943.2999877929688,948.0,950.8699951171875,3148900,950.8699951171875
2017-09-28,959.7000122070312,950.0999755859375,951.8599853515625,956.4000244140625,2522600,956.4000244140625
2017-09-29,964.8300170898438,958.3800048828125,960.1099853515625,961.3499755859375,2543800,961.3499755859375
