Date,High,Low,Open,Close,Volume,Adj Close
2017-12-01,1179.6500244140625,1152.0,1172.050048828125,1162.3499755859375,4107100,1162.3499755859375
2017-12-04,1175.199951171875,1128.0,1173.8499755859375,1133.949951171875,5931900,1133.949951171875
2017-12-05,1159.27001953125,1124.739990234375,1128.260009765625,1141.5699462890625,4079800,1141.5699462890625
2017-12-06,1155.8900146484375,1136.0799560546875,1137.989990234375,1152.3499755859375,2853300,1152.3499755859375
2017-12-07,1163.18994140625,1151.0,1156.5899658203125,1159.7900390625,2511600,1159.7900390625
2017-12-08,1172.7900390625,1157.0999755859375,1170.4000244140625,1162.0,3050100,1162.0
2017-12-11,1169.9000244140625,1157.0,1164.5999755859375,1168.9200439453125,2363500,1168.9200439453125
2017-12-12,1173.5999755859375,1161.6099853515625,1166.510009765625,1165.0799560546875,2235900,1165.0799560546875
2017-12-13,1170.8699951171875,1160.27001953125,1170.0,1164.1300048828125,2616800,1164.1300048828125
2017-12-14,1177.9300537109375,1162.449951171875,1163.7099609375,1174.260009765625,3214300,1174.260009765625
2017-12-15,1182.75,1169.3299560546875,1179.030029296875,1179.1400146484375,4778600,1179.1400146484375
2017-12-18,1194.780029296875,1180.9100341796875,1187.3699951171875,1190.5799560546875,2947600,1190.5799560546875
2017-12-19,1192.969970703125,1179.1400146484375,1189.1500244140625,1187.3800048828125,2587800,1187.3800048828125
2017-12-20,1191.0,1176.0,1190.5,1177.6199951171875,2371200,1177.6199951171875
2017-12-21,1179.1700439453125,1167.6400146484375,1175.9000244140625,1174.760009765625,2123100,1174.760009765625
2017-12-22,1174.6199951171875,1167.8299560546875,1172.0799560546875,1168.3599853515625,1585100,1168.3599853515625
2017-12-26,1178.3199462890625,1160.550048828125,1168.3599853515625,1176.760009765625,2005200,1176.760009765625
2017-12-27,1187.2900390625,1175.6099853515625,1179.9100341796875,1182.260009765625,1867200,1182.260009765625
2017-12-28,1190.0999755859375,1184.3800048828125,1189.0,1186.0999755859375,1841700,1186.0999755859375
2017-12-29,1184.0,1167.5,1182.3499755859375,1169.469970703125,2688400,1169.469970703125
