Date,High,Low,Open,Close,Volume,Adj Close
2002-08-01,14.5,13.989999771118164,14.3100004196167,14.15999984741211,6066800,14.15999984741211
2002-08-02,14.140000343322754,13.449999809265137,14.130000114440918,13.84000015258789,4178600,13.84000015258789
2002-08-05,13.789999961853027,12.779999732971191,13.649999618530273,12.869999885559082,3857300,12.869999885559082
2002-08-06,13.899999618530273,13.140000343322754,13.270000457763672,13.739999771118164,4701900,13.739999771118164
2002-08-07,13.9399995803833,12.850000381469727,13.930000305175781,13.600000381469727,5555700,13.600000381469727
2002-08-08,14.100000381469727,13.0600004196167,13.239999771118164,13.899999618530273,5470800,13.899999618530273
2002-08-09,14.75,13.600000381469727,13.609999656677246,14.260000228881836,4777900,14.260000228881836
2002-08-12,14.489999771118164,13.949999809265137,14.140000343322754,14.460000038146973,3503300,14.460000038146973
2002-08-13,14.670000076293945,13.899999618530273,14.300000190734863,13.930000305175781,5234400,13.930000305175781
2002-08-14,14.0600004196167,13.319999694824219,13.930000305175781,13.90999984741211,6935200,13.90999984741211
2002-08-15,14.75,13.920000076293945,14.050000190734863,14.619999885559082,5046600,14.619999885559082
2002-08-16,15.010000228881836,14.3100004196167,14.390000343322754,14.899999618530273,3652100,14.899999618530273
2002-08-19,15.520000457763672,14.670000076293945,14.84000015258789,15.5,4277100,15.5
2002-08-20,15.989999771118164,15.3100004196167,15.380000114440918,15.979999542236328,7701300,15.979999542236328
2002-08-21,15.970000267028809,15.199999809265137,15.949999809265137,15.380000114440918,7284200,15.380000114440918
2002-08-22,15.949999809265137,14.920000076293945,15.329999923706055,15.729999542236328,6854100,15.729999542236328
2002-08-23,15.720000267028809,14.949999809265137,15.600000381469727,15.170000076293945,5038800,15.170000076293945
2002-08-26,15.4399995803833,14.680000305175781,15.289999961853027,14.930000305175781,6409600,14.930000305175781
2002-08-27,15.270000457763672,14.5,15.039999961853027,14.520000457763672,3578900,14.520000457763672
2002-08-28,14.970000267028809,14.350000381469727,14.479999542236328,14.569999694824219,4985500,14.569999694824219
2002-08-29,15.1899995803833,14.210000038146973,14.430000305175781,15.140000343322754,6791800,15.140000343322754
2002-08-30,15.380000114440918,14.75,14.90999984741211,14.9399995803833,3439700,14.9399995803833
