Date,High,Low,Open,Close,Volume,Adj Close
2012-04-02,199.89999389648438,197.0,198.02000427246094,198.0500030517578,6430300,198.0500030517578
2012-04-03,202.38999938964844,197.5,198.24000549316406,199.66000366210938,5000700,199.66000366210938
2012-04-04,197.67999267578125,192.36000061035156,196.9499969482422,193.99000549316406,5456900,193.99000549316406
2012-04-05,196.02999877929688,193.5500030517578,193.5500030517578,194.38999938964844,3217500,194.38999938964844
2012-04-09,194.1999969482422,190.5,192.02000427246094,191.8699951171875,3135900,191.8699951171875
2012-04-10,193.52000427246094,186.57000732421875,192.75,186.97999572753906,4455000,186.97999572753906
2012-04-11,191.97000122070312,186.7899932861328,189.6300048828125,187.97000122070312,4337800,187.97000122070312
2012-04-12,192.25999450683594,185.61000061035156,188.05999755859375,190.69000244140625,4027900,190.69000244140625
2012-04-13,189.94000244140625,186.25999450683594,189.89999389648438,188.4600067138672,3431800,188.4600067138672
2012-04-16,189.47000122070312,183.64999389648438,189.00999450683594,185.5,4044300,185.5
2012-04-17,190.0399932861328,186.8699951171875,187.2100067138672,188.38999938964844,2829200,188.38999938964844
2012-04-18,193.4499969482422,188.74000549316406,188.82000732421875,191.07000732421875,4001900,191.07000732421875
2012-04-19,194.5500030517578,189.75,192.92999267578125,191.10000610351562,4002400,191.10000610351562
2012-04-20,193.47999572753906,189.8000030517578,192.33999633789062,189.97999572753906,3243600,189.97999572753906
2012-04-23,188.99000549316406,185.50999450683594,188.99000549316406,188.24000549316406,3481000,188.24000549316406
2012-04-24,190.6999969482422,186.50999450683594,188.67999267578125,190.3300018310547,3376300,190.3300018310547
2012-04-25,194.8000030517578,191.60000610351562,191.6699981689453,194.4199981689453,3955100,194.4199981689453
2012-04-26,196.36000061035156,193.02000427246094,193.57000732421875,195.99000549316406,10234000,195.99000549316406
2012-04-27,228.69000244140625,220.22000122070312,224.8300018310547,226.85000610351562,22116900,226.85000610351562
2012-04-30,233.83999633789062,223.0500030517578,223.9499969482422,231.89999389648438,9756900,231.89999389648438
