Date,High,Low,Open,Close,Volume,Adj Close
2010-05-03,139.44000244140625,136.11000061035156,137.1999969482422,137.49000549316406,5654600,137.49000549316406
2010-05-04,135.80999755859375,128.3800048828125,135.6199951171875,129.8300018310547,12667800,129.8300018310547
2010-05-05,131.61000061035156,127.55000305175781,128.0,130.92999267578125,9458100,130.92999267578125
2010-05-06,132.3300018310547,120.5999984741211,130.0,128.7100067138672,10189000,128.7100067138672
2010-05-07,131.17999267578125,123.76000213623047,127.97000122070312,124.9800033569336,11927600,124.9800033569336
2010-05-10,132.2100067138672,129.25999450683594,129.72999572753906,131.2899932861328,6806100,131.2899932861328
2010-05-11,133.0800018310547,128.47000122070312,129.9499969482422,130.4600067138672,6044100,130.4600067138672
2010-05-12,134.1300048828125,129.67999267578125,131.41000366210938,133.8699951171875,5904500,133.8699951171875
2010-05-13,136.99000549316406,131.0,133.92999267578125,131.47000122070312,5940200,131.47000122070312
2010-05-14,131.0,126.76000213623047,130.36000061035156,128.52999877929688,5277800,128.52999877929688
2010-05-17,129.9499969482422,125.80000305175781,128.24000549316406,128.91000366210938,5642200,128.91000366210938
2010-05-18,131.25,125.51000213623047,130.13999938964844,126.27999877929688,5256900,126.27999877929688
2010-05-19,127.93000030517578,123.80000305175781,125.51000213623047,124.58999633789062,6463300,124.58999633789062
2010-05-20,125.0,118.77999877929688,122.63999938964844,119.70999908447266,8594400,119.70999908447266
2010-05-21,124.97000122070312,117.5199966430664,117.9000015258789,122.72000122070312,7966900,122.72000122070312
2010-05-24,124.5,120.6500015258789,122.56999969482422,122.12000274658203,4535900,122.12000274658203
2010-05-25,125.19000244140625,118.5,118.54000091552734,124.86000061035156,6913400,124.86000061035156
2010-05-26,125.79000091552734,122.30000305175781,125.05000305175781,123.20999908447266,6964600,123.20999908447266
2010-05-27,126.8499984741211,120.5999984741211,124.9800033569336,126.69999694824219,4747700,126.69999694824219
2010-05-28,127.5999984741211,124.01000213623047,126.06999969482422,125.45999908447266,3954800,125.45999908447266
