Date,High,Low,Open,Close,Volume,Adj Close
2008-04-01,77.08999633789062,72.76000213623047,72.98999786376953,76.69999694824219,9734000,76.69999694824219
2008-04-02,79.0,76.12000274658203,77.08000183105469,77.37000274658203,8592400,77.37000274658203
2008-04-03,76.01000213623047,73.80999755859375,75.1500015258789,74.94000244140625,8149900,74.94000244140625
2008-04-04,77.83000183105469,74.27999877929688,75.26000213623047,76.87000274658203,7152800,76.87000274658203
2008-04-07,78.43000030517578,76.0,77.36000061035156,76.9000015258789,6672400,76.9000015258789
2008-04-08,77.61000061035156,75.5,76.4000015258789,77.30000305175781,4966000,77.30000305175781
2008-04-09,76.66999816894531,73.66000366210938,76.55999755859375,74.38999938964844,6660300,74.38999938964844
2008-04-10,75.48999786376953,72.7300033569336,74.4800033569336,74.83000183105469,6255500,74.83000183105469
2008-04-11,74.30000305175781,71.62000274658203,73.83999633789062,71.98999786376953,6785600,71.98999786376953
2008-04-14,74.0,71.29000091552734,71.69999694824219,72.61000061035156,4354500,72.61000061035156
2008-04-15,73.9800033569336,70.6500015258789,72.97000122070312,72.5,6813100,72.5
2008-04-16,75.0,72.94000244140625,73.0199966430664,74.58999633789062,6746800,74.58999633789062
2008-04-17,75.0199966430664,73.61000061035156,74.18000030517578,74.04000091552734,6220000,74.04000091552734
2008-04-18,82.0,76.31999969482422,76.4800033569336,80.0999984741211,16791300,80.0999984741211
2008-04-21,81.33999633789062,79.05999755859375,80.02999877929688,80.18000030517578,9335400,80.18000030517578
2008-04-22,79.94000244140625,77.54000091552734,79.94000244140625,79.5999984741211,7245000,79.5999984741211
2008-04-23,82.63999938964844,78.73999786376953,80.30000305175781,81.0,19250400,81.0
2008-04-24,80.52999877929688,76.93000030517578,77.70999908447266,77.69000244140625,21073500,77.69000244140625
2008-04-25,81.31999969482422,77.26000213623047,77.80999755859375,80.86000061035156,9456500,80.86000061035156
2008-04-28,82.5,80.12000274658203,80.63999938964844,81.97000122070312,10991900,81.97000122070312
2008-04-29,81.7699966430664,79.86000061035156,81.41999816894531,80.73999786376953,6726400,80.73999786376953
2008-04-30,81.33999633789062,77.91999816894531,80.9000015258789,78.62999725341797,7875700,78.62999725341797
