Date,High,Low,Open,Close,Volume,Adj Close
2004-08-02,38.7599983215332,37.810001373291016,38.45000076293945,38.29999923706055,5912200,38.29999923706055
2004-08-03,39.08000183105469,37.22999954223633,38.31999969482422,37.61000061035156,7785600,37.61000061035156
2004-08-04,37.459999084472656,36.400001525878906,36.81999969482422,37.119998931884766,9765600,37.119998931884766
2004-08-05,37.47999954223633,35.380001068115234,37.40999984741211,35.61000061035156,8402400,35.61000061035156
2004-08-06,36.66999816894531,34.849998474121094,35.25,35.4900016784668,11513100,35.4900016784668
2004-08-09,36.29999923706055,34.849998474121094,35.34000015258789,35.31999969482422,9167200,35.31999969482422
2004-08-10,37.20000076293945,35.54999923706055,35.689998626708984,37.099998474121094,10070400,37.099998474121094
2004-08-11,36.900001525878906,35.599998474121094,36.400001525878906,36.560001373291016,9448100,36.560001373291016
2004-08-12,37.349998474121094,36.16999816894531,36.25,36.290000915527344,9118100,36.290000915527344
2004-08-13,37.0,35.869998931884766,36.560001373291016,36.130001068115234,4981100,36.130001068115234
2004-08-16,38.400001525878906,35.97999954223633,36.13999938964844,37.95000076293945,8164300,37.95000076293945
2004-08-17,39.439998626708984,37.900001525878906,38.56999969482422,38.22999954223633,11163000,38.22999954223633
2004-08-18,39.540000915527344,37.41999816894531,37.91999816894531,39.36000061035156,9549800,39.36000061035156
2004-08-19,40.47999954223633,36.349998474121094,40.2599983215332,38.630001068115234,12696100,38.630001068115234
2004-08-20,39.90999984741211,38.11000061035156,38.459999084472656,39.5099983215332,6790800,39.5099983215332
2004-08-23,40.0,39.11000061035156,39.88999938964844,39.45000076293945,5532600,39.45000076293945
2004-08-24,39.93000030517578,38.31999969482422,39.720001220703125,39.04999923706055,7640400,39.04999923706055
2004-08-25,40.4900016784668,38.15999984741211,39.060001373291016,40.29999923706055,7254800,40.29999923706055
2004-08-26,40.83000183105469,39.70000076293945,40.18000030517578,40.189998626708984,6971700,40.189998626708984
2004-08-27,40.38999938964844,39.599998474121094,40.31999969482422,39.900001525878906,4240400,39.900001525878906
2004-08-30,39.95000076293945,38.25,39.880001068115234,38.310001373291016,7711500,38.310001373291016
2004-08-31,38.849998474121094,37.86000061035156,38.380001068115234,38.13999938964844,6143200,38.13999938964844
