Date,High,Low,Open,Close,Volume,Adj Close
2006-08-01,26.639999389648438,25.84000015258789,26.549999237060547,26.31999969482422,13128800,26.31999969482422
2006-08-02,26.299999237060547,25.889999389648438,26.149999618530273,26.09000015258789,7810400,26.09000015258789
2006-08-03,26.899999618530273,25.899999618530273,26.09000015258789,26.690000534057617,6941100,26.690000534057617
2006-08-04,27.59000015258789,26.799999237060547,26.940000534057617,27.290000915527344,10252400,27.290000915527344
2006-08-07,27.290000915527344,26.59000015258789,27.190000534057617,26.780000686645508,5476400,26.780000686645508
2006-08-08,27.020000457763672,26.190000534057617,26.799999237060547,26.360000610351562,7260200,26.360000610351562
2006-08-09,26.700000762939453,26.0,26.540000915527344,26.209999084472656,6911200,26.209999084472656
2006-08-10,26.520000457763672,25.8799991607666,26.200000762939453,26.489999771118164,6405600,26.489999771118164
2006-08-11,26.43000030517578,25.760000228881836,26.43000030517578,26.06999969482422,5115900,26.06999969482422
2006-08-14,27.059999465942383,26.18000030517578,26.219999313354492,26.530000686645508,5128000,26.530000686645508
2006-08-15,27.860000610351562,26.6200008392334,26.969999313354492,27.770000457763672,8201600,27.770000457763672
2006-08-16,28.139999389648438,27.520000457763672,27.969999313354492,27.950000762939453,7636600,27.950000762939453
2006-08-17,29.75,27.829999923706055,27.959999084472656,29.09000015258789,9496300,29.09000015258789
2006-08-18,29.229999542236328,28.219999313354492,29.09000015258789,29.1200008392334,5998600,29.1200008392334
2006-08-21,28.979999542236328,27.969999313354492,28.700000762939453,28.1299991607666,5334900,28.1299991607666
2006-08-22,28.889999389648438,28.049999237060547,28.139999389648438,28.3700008392334,4587100,28.3700008392334
2006-08-23,28.889999389648438,27.770000457763672,28.559999465942383,28.139999389648438,4726400,28.139999389648438
2006-08-24,28.25,27.540000915527344,28.239999771118164,27.969999313354492,4516900,27.969999313354492
2006-08-25,28.229999542236328,27.6200008392334,27.790000915527344,28.030000686645508,3542600,28.030000686645508
2006-08-28,29.0,28.270000457763672,28.399999618530273,28.90999984741211,6067400,28.90999984741211
2006-08-29,29.719999313354492,28.75,28.969999313354492,29.520000457763672,7398100,29.520000457763672
2006-08-30,30.850000381469727,29.479999542236328,29.56999969482422,30.670000076293945,11303300,30.670000076293945
2006-08-31,30.989999771118164,30.469999313354492,30.75,30.829999923706055,5947000,30.829999923706055
