Date,High,Low,Open,Close,Volume,Adj Close
2019-06-03,1766.2900390625,1672.0,1760.010009765625,1692.68994140625,9098700,1692.68994140625
2019-06-04,1730.8199462890625,1680.8900146484375,1699.239990234375,1729.56005859375,5679100,1729.56005859375
2019-06-05,1752.0,1715.25,1749.5999755859375,1738.5,4239800,1738.5
2019-06-06,1760.0,1726.1300048828125,1737.7099609375,1754.3599853515625,3689300,1754.3599853515625
2019-06-07,1806.25,1759.489990234375,1763.699951171875,1804.030029296875,4808200,1804.030029296875
2019-06-10,1884.8699951171875,1818.0,1822.0,1860.6300048828125,5371000,1860.6300048828125
2019-06-11,1893.699951171875,1858.0,1883.25,1863.699951171875,4042700,1863.699951171875
2019-06-12,1865.0,1844.3800048828125,1853.97998046875,1855.3199462890625,2674500,1855.3199462890625
2019-06-13,1883.0899658203125,1862.219970703125,1866.719970703125,1870.300048828125,2795800,1870.300048828125
2019-06-14,1876.0,1859.0,1864.0,1869.6700439453125,2851200,1869.6700439453125
2019-06-17,1895.68994140625,1875.449951171875,1876.5,1886.030029296875,2634300,1886.030029296875
2019-06-18,1921.6700439453125,1899.7900390625,1901.3499755859375,1901.3699951171875,3895700,1901.3699951171875
2019-06-19,1919.5799560546875,1892.469970703125,1907.8399658203125,1908.7900390625,2895300,1908.7900390625
2019-06-20,1935.199951171875,1905.800048828125,1933.3299560546875,1918.18994140625,3217200,1918.18994140625
2019-06-21,1925.949951171875,1907.5799560546875,1916.0999755859375,1911.300048828125,3933600,1911.300048828125
2019-06-24,1916.8599853515625,1901.300048828125,1912.6600341796875,1913.9000244140625,2283000,1913.9000244140625
2019-06-25,1916.3900146484375,1872.4200439453125,1911.8399658203125,1878.27001953125,3012300,1878.27001953125
2019-06-26,1903.800048828125,1887.3199462890625,1892.47998046875,1897.8299560546875,2441900,1897.8299560546875
2019-06-27,1911.239990234375,1898.0400390625,1902.0,1904.280029296875,2141700,1904.280029296875
2019-06-28,1912.93994140625,1884.0,1909.0999755859375,1893.6300048828125,3037400,1893.6300048828125
