Date,High,Low,Open,Close,Volume,Adj Close
2018-08-01,1798.43994140625,1776.02001953125,1784.0,1797.1700439453125,4153100,1797.1700439453125
2018-08-02,1836.56005859375,1786.0,1788.77001953125,1834.3299560546875,4354700,1834.3299560546875
2018-08-03,1841.0,1821.5,1837.739990234375,1823.2900390625,3460500,1823.2900390625
2018-08-06,1847.77001953125,1818.9200439453125,1825.81005859375,1847.75,3391800,1847.75
2018-08-07,1869.719970703125,1846.27001953125,1854.530029296875,1862.47998046875,3377500,1862.47998046875
2018-08-08,1891.510009765625,1854.5,1861.0,1886.52001953125,3963000,1886.52001953125
2018-08-09,1914.5699462890625,1877.47998046875,1882.0,1898.52001953125,4860400,1898.52001953125
2018-08-10,1899.5,1878.2099609375,1888.510009765625,1886.300048828125,3639900,1886.300048828125
2018-08-13,1925.0,1893.6700439453125,1898.5,1896.199951171875,5531500,1896.199951171875
2018-08-14,1921.010009765625,1900.0,1919.3900146484375,1919.6500244140625,3986100,1919.6500244140625
2018-08-15,1916.2099609375,1869.7900390625,1909.550048828125,1882.6199951171875,7700700,1882.6199951171875
2018-08-16,1905.0,1883.550048828125,1903.93994140625,1886.52001953125,3957100,1886.52001953125
2018-08-17,1888.0,1855.550048828125,1885.800048828125,1882.219970703125,4104300,1882.219970703125
2018-08-20,1891.75,1866.06005859375,1890.5699462890625,1876.7099609375,2862000,1876.7099609375
2018-08-21,1897.75,1874.4100341796875,1880.0,1883.4200439453125,3105600,1883.4200439453125
2018-08-22,1905.800048828125,1876.6400146484375,1876.6400146484375,1904.9000244140625,3080500,1904.9000244140625
2018-08-23,1919.5,1900.760009765625,1907.1700439453125,1902.9000244140625,3563000,1902.9000244140625
2018-08-24,1916.010009765625,1902.5400390625,1910.510009765625,1905.3900146484375,2800900,1905.3900146484375
2018-08-27,1927.699951171875,1909.280029296875,1915.0,1927.6800537109375,3569000,1927.6800537109375
2018-08-28,1941.780029296875,1928.8199462890625,1937.72998046875,1932.8199462890625,3100700,1932.8199462890625
2018-08-29,1998.68994140625,1948.93994140625,1953.449951171875,1998.0999755859375,6531800,1998.0999755859375
2018-08-30,2025.5699462890625,1986.9000244140625,1997.4200439453125,2002.3800048828125,7277300,2002.3800048828125
2018-08-31,2022.3800048828125,2004.739990234375,2007.0,2012.7099609375,4204400,2012.7099609375
