Date,High,Low,Open,Close,Volume,Adj Close
2007-11-01,89.58000183105469,86.5,87.75,87.6500015258789,8265700,87.6500015258789
2007-11-02,88.12000274658203,83.5,87.97000122070312,85.9800033569336,10230500,85.9800033569336
2007-11-05,86.0199966430664,82.76000213623047,84.3499984741211,84.37000274658203,7453100,84.37000274658203
2007-11-06,87.5,84.37000274658203,84.61000061035156,87.2699966430664,7934000,87.2699966430664
2007-11-07,89.16000366210938,86.16000366210938,86.41000366210938,87.04000091552734,8397800,87.04000091552734
2007-11-08,86.95999908447266,81.4000015258789,86.80000305175781,83.58000183105469,11803200,83.58000183105469
2007-11-09,82.41999816894531,78.83999633789062,82.41999816894531,78.88999938964844,11620200,78.88999938964844
2007-11-12,80.08999633789062,76.5,78.26000213623047,77.0,9396900,77.0
2007-11-13,80.05000305175781,77.80000305175781,77.91000366210938,79.86000061035156,9496300,79.86000061035156
2007-11-14,81.1500015258789,78.1500015258789,80.4000015258789,78.51000213623047,8427400,78.51000213623047
2007-11-15,79.7300033569336,76.69999694824219,79.43000030517578,77.8499984741211,7831500,77.8499984741211
2007-11-16,78.98999786376953,76.62999725341797,77.01000213623047,78.5999984741211,7114100,78.5999984741211
2007-11-19,79.75,77.94000244140625,78.83000183105469,79.18000030517578,8649800,79.18000030517578
2007-11-20,82.0,78.30999755859375,79.86000061035156,80.38999938964844,11610000,80.38999938964844
2007-11-21,80.86000061035156,78.6500015258789,79.23999786376953,79.76000213623047,6678300,79.76000213623047
2007-11-23,81.44999694824219,78.9800033569336,80.11000061035156,81.43000030517578,2780900,81.43000030517578
2007-11-26,84.48999786376953,81.13999938964844,82.30000305175781,81.30000305175781,8610500,81.30000305175781
2007-11-27,85.6500015258789,82.20999908447266,82.91999816894531,85.58999633789062,8634200,85.58999633789062
2007-11-28,90.56999969482422,86.75,87.55000305175781,90.30000305175781,11403400,90.30000305175781
2007-11-29,91.47000122070312,88.68000030517578,89.88999938964844,89.1500015258789,6977100,89.1500015258789
2007-11-30,91.08000183105469,88.30999755859375,90.55999755859375,90.55999755859375,6881600,90.55999755859375
