Date,High,Low,Open,Close,Volume,Adj Close
2006-06-01,35.45000076293945,34.29999923706055,34.630001068115234,35.06999969482422,5932000,35.06999969482422
2006-06-02,35.220001220703125,34.04999923706055,35.189998626708984,34.7599983215332,5442900,34.7599983215332
2006-06-05,34.540000915527344,33.27000045776367,34.459999084472656,33.4900016784668,5049400,33.4900016784668
2006-06-06,33.79999923706055,32.93000030517578,33.58000183105469,33.40999984741211,4276600,33.40999984741211
2006-06-07,34.540000915527344,32.90999984741211,33.400001525878906,33.77000045776367,5303800,33.77000045776367
2006-06-08,34.060001373291016,32.41999816894531,33.54999923706055,33.54999923706055,8311000,33.54999923706055
2006-06-09,34.349998474121094,33.45000076293945,33.5,33.779998779296875,5232600,33.779998779296875
2006-06-12,34.45000076293945,33.4900016784668,34.0,33.599998474121094,4195800,33.599998474121094
2006-06-13,34.16999816894531,33.130001068115234,33.4900016784668,33.470001220703125,5403000,33.470001220703125
2006-06-14,33.9900016784668,33.08000183105469,33.5,33.68000030517578,4869100,33.68000030517578
2006-06-15,35.16999816894531,33.66999816894531,33.84000015258789,34.959999084472656,6206100,34.959999084472656
2006-06-16,35.2599983215332,34.70000076293945,34.880001068115234,35.09000015258789,5135100,35.09000015258789
2006-06-19,35.47999954223633,35.040000915527344,35.20000076293945,35.06999969482422,4211600,35.06999969482422
2006-06-20,35.650001525878906,34.880001068115234,35.0099983215332,35.47999954223633,4465500,35.47999954223633
2006-06-21,37.04999923706055,35.34000015258789,35.34000015258789,36.650001525878906,7865300,36.650001525878906
2006-06-22,36.849998474121094,36.11000061035156,36.54999923706055,36.369998931884766,4732000,36.369998931884766
2006-06-23,36.650001525878906,36.02000045776367,36.459999084472656,36.54999923706055,3923400,36.54999923706055
2006-06-26,37.16999816894531,36.43000030517578,36.54999923706055,36.77000045776367,3605800,36.77000045776367
2006-06-27,37.5,36.16999816894531,36.720001220703125,36.47999954223633,5641000,36.47999954223633
2006-06-28,37.11000061035156,36.47999954223633,36.70000076293945,36.70000076293945,3751700,36.70000076293945
2006-06-29,38.56999969482422,36.70000076293945,36.81999969482422,38.52000045776367,6372500,38.52000045776367
2006-06-30,38.84000015258789,37.83000183105469,38.58000183105469,38.68000030517578,5191200,38.68000030517578
