Date,High,Low,Open,Close,Volume,Adj Close
2002-05-01,17.049999237060547,16.420000076293945,16.549999237060547,16.489999771118164,7701300,16.489999771118164
2002-05-02,16.649999618530273,16.25,16.43000030517578,16.31999969482422,4819000,16.31999969482422
2002-05-03,16.399999618530273,15.75,16.229999542236328,16.049999237060547,5161000,16.049999237060547
2002-05-06,16.489999771118164,15.75,15.9399995803833,16.1200008392334,5352600,16.1200008392334
2002-05-07,16.350000381469727,16.030000686645508,16.110000610351562,16.110000610351562,5543700,16.110000610351562
2002-05-08,17.459999084472656,16.5,16.549999237060547,17.31999969482422,7888400,17.31999969482422
2002-05-09,18.229999542236328,17.100000381469727,17.1200008392334,17.729999542236328,11002300,17.729999542236328
2002-05-10,17.959999084472656,16.799999237060547,17.889999389648438,16.940000534057617,7572800,16.940000534057617
2002-05-13,17.6299991607666,16.850000381469727,17.170000076293945,17.31999969482422,6700100,17.31999969482422
2002-05-14,19.450000762939453,18.020000457763672,18.040000915527344,18.809999465942383,14659700,18.809999465942383
2002-05-15,20.399999618530273,18.350000381469727,18.68000030517578,19.940000534057617,12898100,19.940000534057617
2002-05-16,19.950000762939453,19.290000915527344,19.510000228881836,19.610000610351562,7815700,19.610000610351562
2002-05-17,20.0,18.809999465942383,19.969999313354492,19.15999984741211,6446900,19.15999984741211
2002-05-20,19.479999542236328,18.770000457763672,18.799999237060547,19.389999389648438,8460800,19.389999389648438
2002-05-21,19.799999237060547,18.549999237060547,19.540000915527344,18.760000228881836,7763500,18.760000228881836
2002-05-22,19.1299991607666,18.219999313354492,18.670000076293945,18.75,5075200,18.75
2002-05-23,19.549999237060547,18.610000610351562,18.84000015258789,19.450000762939453,5648200,19.450000762939453
2002-05-24,19.690000534057617,19.059999465942383,19.399999618530273,19.469999313354492,4250300,19.469999313354492
2002-05-28,19.610000610351562,18.770000457763672,19.56999969482422,19.059999465942383,3953300,19.059999465942383
2002-05-29,19.100000381469727,18.799999237060547,18.81999969482422,18.90999984741211,3614100,18.90999984741211
2002-05-30,18.940000534057617,18.079999923706055,18.700000762939453,18.3700008392334,7432100,18.3700008392334
2002-05-31,18.889999389648438,18.200000762939453,18.5,18.229999542236328,5081400,18.229999542236328
