Date,High,Low,Open,Close,Volume,Adj Close
2008-08-01,76.48999786376953,74.05000305175781,76.36000061035156,75.75,4774500,75.75
2008-08-04,77.30000305175781,75.01000213623047,75.98999786376953,75.70999908447266,4498200,75.70999908447266
2008-08-05,79.5199966430664,76.5199966430664,76.91999816894531,79.11000061035156,7794600,79.11000061035156
2008-08-06,78.62999725341797,76.7300033569336,78.55000305175781,78.08999633789062,6406100,78.08999633789062
2008-08-07,78.05000305175781,76.0,77.01000213623047,76.94999694824219,5444800,76.94999694824219
2008-08-08,81.20999908447266,76.29000091552734,76.77999877929688,80.51000213623047,9162700,80.51000213623047
2008-08-11,91.75,79.77999877929688,80.18000030517578,88.08999633789062,25070200,88.08999633789062
2008-08-12,88.4800033569336,86.0999984741211,87.31999969482422,87.25,8026500,87.25
2008-08-13,88.25,84.54000091552734,86.27999877929688,86.69000244140625,7208800,86.69000244140625
2008-08-14,88.75,85.22000122070312,85.70999908447266,88.02999877929688,6901700,88.02999877929688
2008-08-15,89.52999877929688,86.26000213623047,88.27999877929688,86.4000015258789,6871600,86.4000015258789
2008-08-18,86.27999877929688,83.04000091552734,86.08999633789062,83.11000061035156,6547400,83.11000061035156
2008-08-19,83.51000213623047,81.05999755859375,83.08999633789062,81.29000091552734,6630400,81.29000091552734
2008-08-20,83.25,81.19999694824219,82.0,82.12999725341797,5950600,82.12999725341797
2008-08-21,83.7699966430664,80.9800033569336,81.41000366210938,83.26000213623047,6157800,83.26000213623047
2008-08-22,85.45999908447266,83.93000030517578,84.2699966430664,85.26000213623047,4677800,85.26000213623047
2008-08-25,84.63999938964844,82.44999694824219,84.62999725341797,82.8499984741211,4356400,82.8499984741211
2008-08-26,83.12000274658203,81.25,82.73999786376953,81.76000213623047,4374200,81.76000213623047
2008-08-27,82.73999786376953,81.0,81.44000244140625,81.7300033569336,5627300,81.7300033569336
2008-08-28,83.6500015258789,81.80000305175781,82.20999908447266,83.41999816894531,7834100,83.41999816894531
2008-08-29,82.9000015258789,80.5,82.9000015258789,80.80999755859375,4728700,80.80999755859375
