Date,High,Low,Open,Close,Volume,Adj Close
2007-07-02,69.70999908447266,68.19999694824219,68.80999755859375,69.61000061035156,4906100,69.61000061035156
2007-07-03,70.05000305175781,69.0199966430664,70.04000091552734,69.44999694824219,2223500,69.44999694824219
2007-07-05,69.6500015258789,68.05999755859375,69.36000061035156,68.7300033569336,4487900,68.7300033569336
2007-07-06,69.30000305175781,68.01000213623047,68.75,68.97000122070312,4615300,68.97000122070312
2007-07-09,72.3499984741211,69.0199966430664,69.37999725341797,72.06999969482422,14816900,72.06999969482422
2007-07-10,71.94000244140625,70.06999969482422,71.6500015258789,70.27999877929688,8885400,70.27999877929688
2007-07-11,71.6500015258789,70.1500015258789,70.58000183105469,70.7300033569336,6593600,70.7300033569336
2007-07-12,73.56999969482422,70.7300033569336,71.30999755859375,72.79000091552734,11451600,72.79000091552734
2007-07-13,75.3499984741211,72.97000122070312,73.08000183105469,75.0999984741211,12502000,75.0999984741211
2007-07-16,74.83999633789062,73.0,74.7300033569336,73.69000244140625,8334900,73.69000244140625
2007-07-17,74.5199966430664,73.58999633789062,74.38999938964844,73.79000091552734,6084400,73.79000091552734
2007-07-18,73.48999786376953,72.25,73.2699966430664,73.31999969482422,6289700,73.31999969482422
2007-07-19,74.31999969482422,73.12000274658203,74.23999786376953,73.3499984741211,5273500,73.3499984741211
2007-07-20,72.95999908447266,70.5,72.62000274658203,71.62999725341797,9130700,71.62999725341797
2007-07-23,72.66999816894531,70.8499984741211,71.77999877929688,71.73999786376953,9267800,71.73999786376953
2007-07-24,72.16000366210938,68.8499984741211,71.04000091552734,69.25,25342300,69.25
2007-07-25,88.80000305175781,83.6500015258789,84.66000366210938,86.18000030517578,60452400,86.18000030517578
2007-07-26,89.0,83.43000030517578,85.0199966430664,84.01000213623047,23267100,84.01000213623047
2007-07-27,85.33000183105469,82.4800033569336,84.2699966430664,84.04000091552734,13942600,84.04000091552734
2007-07-30,84.05000305175781,81.51000213623047,83.0,82.69999694824219,12855600,82.69999694824219
2007-07-31,83.7300033569336,78.0,83.69999694824219,78.54000091552734,14104500,78.54000091552734
