Date,High,Low,Open,Close,Volume,Adj Close
2017-01-03,758.760009765625,747.7000122070312,757.9199829101562,753.6699829101562,3521100,753.6699829101562
2017-01-04,759.6799926757812,754.2000122070312,758.3900146484375,757.1799926757812,2510500,757.1799926757812
2017-01-05,782.4000244140625,760.260009765625,761.5499877929688,780.4500122070312,5830100,780.4500122070312
2017-01-06,799.4400024414062,778.47998046875,782.3599853515625,795.989990234375,5986200,795.989990234375
2017-01-09,801.77001953125,791.77001953125,798.0,796.9199829101562,3446100,796.9199829101562
2017-01-10,798.0,789.5399780273438,796.5999755859375,795.9000244140625,2558400,795.9000244140625
2017-01-11,799.5,789.510009765625,793.6599731445312,799.02001953125,2992800,799.02001953125
2017-01-12,814.1300048828125,799.5,800.3099975585938,813.6400146484375,4873900,813.6400146484375
2017-01-13,821.6500244140625,811.4000244140625,814.3200073242188,817.1400146484375,3791900,817.1400146484375
2017-01-17,816.0,803.4400024414062,815.7000122070312,809.719970703125,3670500,809.719970703125
2017-01-18,811.72998046875,804.27001953125,809.5,807.47998046875,2354200,807.47998046875
2017-01-19,813.510009765625,807.3200073242188,810.0,809.0399780273438,2540800,809.0399780273438
2017-01-20,816.02001953125,806.260009765625,815.280029296875,808.3300170898438,3376200,808.3300170898438
2017-01-23,818.5,805.0800170898438,806.7999877929688,817.8800048828125,2797500,817.8800048828125
2017-01-24,823.989990234375,814.5,822.0,822.4400024414062,2971700,822.4400024414062
2017-01-25,837.4199829101562,825.2899780273438,825.7899780273438,836.52001953125,3922600,836.52001953125
2017-01-26,843.8400268554688,833.0,835.530029296875,839.1500244140625,3586300,839.1500244140625
2017-01-27,839.7000122070312,829.4400024414062,839.0,835.77001953125,2998700,835.77001953125
2017-01-30,833.5,816.3800048828125,833.0,830.3800048828125,3747300,830.3800048828125
2017-01-31,826.989990234375,819.5599975585938,823.75,823.47998046875,3137200,823.47998046875
