Date,High,Low,Open,Close,Volume,Adj Close
2007-12-03,92.25,89.7699966430664,90.02999877929688,90.91000366210938,6000500,90.91000366210938
2007-12-04,94.55999755859375,90.04000091552734,90.04000091552734,94.41000366210938,7337900,94.41000366210938
2007-12-05,94.98999786376953,91.9800033569336,94.98999786376953,93.19000244140625,6608600,93.19000244140625
2007-12-06,95.0,92.83000183105469,93.27999877929688,94.20999908447266,5472700,94.20999908447266
2007-12-07,94.68000030517578,92.91000366210938,94.55999755859375,94.30999755859375,3934800,94.30999755859375
2007-12-10,94.3499984741211,92.30000305175781,94.30999755859375,93.0199966430664,5180600,93.0199966430664
2007-12-11,95.94000244140625,90.75,93.0999984741211,90.75,10269600,90.75
2007-12-12,93.75,89.31999969482422,92.83999633789062,91.27999877929688,7228100,91.27999877929688
2007-12-13,93.0,90.62999725341797,91.05000305175781,92.4000015258789,6046300,92.4000015258789
2007-12-14,91.23999786376953,88.93000030517578,90.7699966430664,89.08000183105469,6002300,89.08000183105469
2007-12-17,89.05999755859375,84.98999786376953,89.01000213623047,85.08999633789062,7697700,85.08999633789062
2007-12-18,87.45999908447266,83.86000061035156,85.83000183105469,86.88999938964844,7266100,86.88999938964844
2007-12-19,89.94999694824219,86.83000183105469,86.94000244140625,89.37999725341797,7616200,89.37999725341797
2007-12-20,90.75,89.08999633789062,90.13999938964844,90.58000183105469,5879800,90.58000183105469
2007-12-21,92.27999877929688,90.38999938964844,91.47000122070312,91.26000213623047,6604900,91.26000213623047
2007-12-24,91.55999755859375,90.30000305175781,91.05000305175781,91.01000213623047,2017100,91.01000213623047
2007-12-26,93.94000244140625,90.5,91.4800033569336,92.8499984741211,5442200,92.8499984741211
2007-12-27,95.29000091552734,92.5,92.66999816894531,94.25,7113700,94.25
2007-12-28,95.9000015258789,92.0999984741211,95.2699966430664,94.44999694824219,7587900,94.44999694824219
2007-12-31,94.37000274658203,92.44999694824219,93.80999755859375,92.63999938964844,5755200,92.63999938964844
