Date,High,Low,Open,Close,Volume,Adj Close
2019-05-01,1943.6400146484375,1910.550048828125,1933.0899658203125,1911.52001953125,3117000,1911.52001953125
2019-05-02,1921.550048828125,1881.8699951171875,1913.3299560546875,1900.8199462890625,3962900,1900.8199462890625
2019-05-03,1964.4000244140625,1936.0,1949.0,1962.4599609375,6381600,1962.4599609375
2019-05-06,1959.0,1910.5,1917.97998046875,1950.550048828125,5417800,1950.550048828125
2019-05-07,1949.0999755859375,1903.3800048828125,1939.989990234375,1921.0,5902100,1921.0
2019-05-08,1935.3699951171875,1910.0,1918.8699951171875,1917.77001953125,4078600,1917.77001953125
2019-05-09,1909.4000244140625,1876.0,1900.0,1899.8699951171875,5308300,1899.8699951171875
2019-05-10,1903.7900390625,1856.0,1898.0,1889.97998046875,5718000,1889.97998046875
2019-05-13,1846.5400390625,1818.0,1836.56005859375,1822.6800537109375,5783400,1822.6800537109375
2019-05-14,1852.43994140625,1815.75,1839.5,1840.1199951171875,4629100,1840.1199951171875
2019-05-15,1874.4300537109375,1823.0,1827.949951171875,1871.1500244140625,4692600,1871.1500244140625
2019-05-16,1917.510009765625,1882.2900390625,1885.93994140625,1907.5699462890625,4707800,1907.5699462890625
2019-05-17,1910.530029296875,1867.3299560546875,1893.050048828125,1869.0,4736600,1869.0
2019-05-20,1867.780029296875,1835.5400390625,1852.68994140625,1858.969970703125,3798200,1858.969970703125
2019-05-21,1879.0,1846.0,1874.7900390625,1857.52001953125,4005100,1857.52001953125
2019-05-22,1871.489990234375,1851.0,1851.780029296875,1859.6800537109375,2936600,1859.6800537109375
2019-05-23,1844.0,1804.199951171875,1836.5899658203125,1815.47998046875,4424300,1815.47998046875
2019-05-24,1841.760009765625,1817.8499755859375,1835.8900146484375,1823.280029296875,3369700,1823.280029296875
2019-05-28,1849.27001953125,1827.3499755859375,1832.75,1836.4300537109375,3200000,1836.4300537109375
2019-05-29,1830.0,1807.530029296875,1823.1199951171875,1819.18994140625,4279000,1819.18994140625
2019-05-30,1829.469970703125,1807.8299560546875,1825.489990234375,1816.3199462890625,3146900,1816.3199462890625
2019-05-31,1795.5899658203125,1772.699951171875,1790.010009765625,1775.0699462890625,4618800,1775.0699462890625
