Date,High,Low,Open,Close,Volume,Adj Close
2003-01-02,19.68000030517578,18.549999237060547,19.190000534057617,19.56999969482422,6484000,19.56999969482422
2003-01-03,20.530000686645508,19.40999984741211,19.59000015258789,20.520000457763672,8757000,20.520000457763672
2003-01-06,21.170000076293945,20.299999237060547,20.399999618530273,20.700000762939453,7698100,20.700000762939453
2003-01-07,21.75,20.600000381469727,20.829999923706055,21.549999237060547,9568200,21.549999237060547
2003-01-08,21.600000381469727,20.81999969482422,21.440000534057617,21.020000457763672,6981500,21.020000457763672
2003-01-09,21.700000762939453,20.899999618530273,21.079999923706055,21.450000762939453,6154800,21.450000762939453
2003-01-10,21.65999984741211,20.809999465942383,20.959999084472656,21.31999969482422,7579300,21.31999969482422
2003-01-13,22.100000381469727,21.25,21.329999923706055,22.040000915527344,7121300,22.040000915527344
2003-01-14,22.760000228881836,21.65999984741211,21.850000381469727,22.739999771118164,7048800,22.739999771118164
2003-01-15,22.610000610351562,21.940000534057617,22.59000015258789,22.270000457763672,6989400,22.270000457763672
2003-01-16,22.100000381469727,21.450000762939453,21.690000534057617,21.799999237060547,7911600,21.799999237060547
2003-01-17,21.709999084472656,21.229999542236328,21.459999084472656,21.399999618530273,5786200,21.399999618530273
2003-01-21,21.610000610351562,20.360000610351562,21.25,21.079999923706055,6293100,21.079999923706055
2003-01-22,21.700000762939453,20.75,20.770000457763672,21.170000076293945,6683600,21.170000076293945
2003-01-23,22.040000915527344,21.149999618530273,21.540000915527344,21.790000915527344,10998000,21.790000915527344
2003-01-24,23.280000686645508,21.899999618530273,22.59000015258789,22.110000610351562,21681800,22.110000610351562
2003-01-27,22.3700008392334,21.639999389648438,21.68000030517578,21.780000686645508,8207000,21.780000686645508
2003-01-28,21.969999313354492,21.229999542236328,21.90999984741211,21.6200008392334,7968400,21.6200008392334
2003-01-29,22.350000381469727,21.399999618530273,21.549999237060547,22.079999923706055,7056900,22.079999923706055
2003-01-30,22.399999618530273,21.729999542236328,22.200000762939453,21.81999969482422,5965700,21.81999969482422
2003-01-31,22.270000457763672,21.559999465942383,21.639999389648438,21.850000381469727,6262500,21.850000381469727
