Date,High,Low,Open,Close,Volume,Adj Close
2004-05-03,45.150001525878906,43.40999984741211,43.47999954223633,44.40999984741211,6923400,44.40999984741211
2004-05-04,44.56999969482422,43.70000076293945,44.40999984741211,43.95000076293945,7288900,43.95000076293945
2004-05-05,45.04999923706055,43.95000076293945,43.97999954223633,44.2599983215332,4890500,44.2599983215332
2004-05-06,44.25,42.77000045776367,43.59000015258789,43.13999938964844,7818400,43.13999938964844
2004-05-07,44.18000030517578,41.68000030517578,42.959999084472656,41.900001525878906,9292600,41.900001525878906
2004-05-10,42.150001525878906,40.56999969482422,41.22999954223633,41.2599983215332,10209000,41.2599983215332
2004-05-11,43.040000915527344,41.900001525878906,41.91999816894531,42.70000076293945,7595600,42.70000076293945
2004-05-12,43.150001525878906,41.25,42.34000015258789,43.02000045776367,7486200,43.02000045776367
2004-05-13,44.130001068115234,42.25,42.459999084472656,43.61000061035156,8261200,43.61000061035156
2004-05-14,43.91999816894531,42.7599983215332,43.70000076293945,43.04999923706055,5126600,43.04999923706055
2004-05-17,42.59000015258789,41.70000076293945,42.2400016784668,42.08000183105469,6625700,42.08000183105469
2004-05-18,42.400001525878906,41.83000183105469,42.20000076293945,41.9900016784668,5602000,41.9900016784668
2004-05-19,43.27000045776367,41.470001220703125,42.380001068115234,41.689998626708984,7379400,41.689998626708984
2004-05-20,41.970001220703125,40.79999923706055,41.650001525878906,40.97999954223633,5926300,40.97999954223633
2004-05-21,41.47999954223633,40.54999923706055,41.27000045776367,41.16999816894531,5272900,41.16999816894531
2004-05-24,42.29999923706055,41.16999816894531,41.290000915527344,41.630001068115234,5073900,41.630001068115234
2004-05-25,43.86000061035156,41.38999938964844,41.75,43.619998931884766,7222000,43.619998931884766
2004-05-26,45.0,43.66999816894531,43.86000061035156,44.689998626708984,7397600,44.689998626708984
2004-05-27,47.83000183105469,44.849998474121094,45.27000045776367,47.619998931884766,14175200,47.619998931884766
2004-05-28,48.68000030517578,46.880001068115234,47.27000045776367,48.5,10629100,48.5
