Date,High,Low,Open,Close,Volume,Adj Close
2013-02-01,268.92999267578125,262.79998779296875,268.92999267578125,265.0,6115000,265.0
2013-02-04,264.67999267578125,259.07000732421875,262.7799987792969,259.9800109863281,3723600,259.9800109863281
2013-02-05,268.0299987792969,261.4599914550781,262.0,266.8900146484375,4012900,266.8900146484375
2013-02-06,266.8900146484375,261.1099853515625,265.1600036621094,262.2200012207031,2770400,262.2200012207031
2013-02-07,264.1000061035156,255.11000061035156,264.1000061035156,260.2300109863281,3975700,260.2300109863281
2013-02-08,265.25,260.54998779296875,261.3999938964844,261.95001220703125,3879200,261.95001220703125
2013-02-11,263.25,256.6000061035156,263.20001220703125,257.2099914550781,3403700,257.2099914550781
2013-02-12,260.1600036621094,257.0,259.19000244140625,258.70001220703125,2943700,258.70001220703125
2013-02-13,269.9599914550781,260.29998779296875,261.5299987792969,269.4700012207031,5293000,269.4700012207031
2013-02-14,270.6499938964844,265.3999938964844,267.3699951171875,269.239990234375,3463000,269.239990234375
2013-02-15,268.9200134277344,263.1099853515625,267.6300048828125,265.0899963378906,3979900,265.0899963378906
2013-02-19,270.1099853515625,264.5,265.9100036621094,269.75,2854200,269.75
2013-02-20,274.29998779296875,266.3699951171875,270.20001220703125,266.4100036621094,3528900,266.4100036621094
2013-02-21,269.4800109863281,263.25,265.1199951171875,265.94000244140625,3637400,265.94000244140625
2013-02-22,267.1099853515625,261.6099853515625,266.6199951171875,265.4200134277344,3124800,265.4200134277344
2013-02-25,268.69000244140625,259.6499938964844,266.94000244140625,259.8699951171875,3032400,259.8699951171875
2013-02-26,262.0400085449219,255.72999572753906,260.8900146484375,259.3599853515625,3348600,259.3599853515625
2013-02-27,265.8299865722656,256.8599853515625,259.3999938964844,263.25,2908100,263.25
2013-02-28,267.0,260.6300048828125,261.80999755859375,264.2699890136719,2667200,264.2699890136719
