Date,High,Low,Open,Close,Volume,Adj Close
2017-02-01,833.780029296875,824.9400024414062,829.2100219726562,832.3499755859375,3850200,832.3499755859375
2017-02-02,842.489990234375,828.260009765625,836.5900268554688,839.9500122070312,7350500,839.9500122070312
2017-02-03,818.2999877929688,804.0,806.719970703125,810.2000122070312,10868800,810.2000122070312
2017-02-06,810.719970703125,803.0,809.7999877929688,807.6400146484375,3897300,807.6400146484375
2017-02-07,816.1599731445312,807.5,809.3099975585938,812.5,3466100,812.5
2017-02-08,821.47998046875,812.5,812.6900024414062,819.7100219726562,2858000,819.7100219726562
2017-02-09,825.0,819.7100219726562,821.5999755859375,821.3599853515625,2484900,821.3599853515625
2017-02-10,828.0,822.8499755859375,823.8200073242188,827.4600219726562,2429600,827.4600219726562
2017-02-13,843.0,828.5499877929688,831.6199951171875,836.530029296875,4172600,836.530029296875
2017-02-14,838.3099975585938,831.4500122070312,837.0,836.3900146484375,2792400,836.3900146484375
2017-02-15,842.8099975585938,832.8200073242188,834.0,842.7000122070312,2968900,842.7000122070312
2017-02-16,845.0,839.3800048828125,841.8400268554688,844.1400146484375,2714700,844.1400146484375
2017-02-17,847.27001953125,840.72998046875,842.0,845.0700073242188,3112300,845.0700073242188
2017-02-21,857.97998046875,847.25,848.8400268554688,856.4400024414062,3507700,856.4400024414062
2017-02-22,858.4299926757812,852.1799926757812,856.9500122070312,855.6099853515625,2617000,855.6099853515625
2017-02-23,860.8599853515625,848.0,857.5700073242188,852.1900024414062,3462000,852.1900024414062
2017-02-24,845.8099975585938,837.75,844.6900024414062,845.239990234375,3688000,845.239990234375
2017-02-27,852.5,839.6699829101562,842.3800048828125,848.6400146484375,2713600,848.6400146484375
2017-02-28,854.0900268554688,842.0499877929688,851.4500122070312,845.0399780273438,2793700,845.0399780273438
