Date,High,Low,Open,Close,Volume,Adj Close
2001-02-01,17.1875,15.75,17.1875,16.25,9468700,16.25
2001-02-02,16.1875,14.25,16.125,14.375,12101100,14.375
2001-02-05,14.9375,14.3125,14.625,14.4375,9189800,14.4375
2001-02-06,15.875,13.5625,13.8125,15.8125,19075900,15.8125
2001-02-07,15.8125,14.5625,15.1875,15.0,7567900,15.0
2001-02-08,15.875,14.375,15.3125,14.375,5295200,14.375
2001-02-09,14.75,13.375,14.3125,13.375,7454000,13.375
2001-02-12,15.0,13.703125,14.125,14.5,5295300,14.5
2001-02-13,15.0625,13.75,15.0,13.75,4795400,13.75
2001-02-14,14.75,13.5,14.125,14.4375,8123400,14.4375
2001-02-15,14.625,13.5,13.5,14.5,16384500,14.5
2001-02-16,14.125,13.3125,13.625,13.6875,6490600,13.6875
2001-02-20,13.6875,12.4375,13.625,12.5,6589100,12.5
2001-02-21,12.5,11.3125,12.25,11.9375,7552600,11.9375
2001-02-22,12.125,11.375,12.0,11.9375,8249200,11.9375
2001-02-23,12.0625,11.0625,11.875,11.8125,5149900,11.8125
2001-02-26,12.25,11.5,12.0625,11.9375,6229100,11.9375
2001-02-27,12.125,11.625,11.8125,11.75,7732600,11.75
2001-02-28,11.75,9.9375,11.25,10.1875,14629800,10.1875
