Date,High,Low,Open,Close,Volume,Adj Close
2006-12-01,40.540000915527344,39.09000015258789,40.2599983215332,39.40999984741211,8306100,39.40999984741211
2006-12-04,39.47999954223633,38.869998931884766,39.310001373291016,39.099998474121094,9720700,39.099998474121094
2006-12-05,39.29999923706055,38.720001220703125,39.130001068115234,38.97999954223633,5737700,38.97999954223633
2006-12-06,39.58000183105469,38.63999938964844,38.77000045776367,38.900001525878906,5776900,38.900001525878906
2006-12-07,39.09000015258789,38.04999923706055,38.93000030517578,38.119998931884766,6621500,38.119998931884766
2006-12-08,38.95000076293945,37.70000076293945,37.91999816894531,38.459999084472656,5139700,38.459999084472656
2006-12-11,39.150001525878906,38.08000183105469,38.220001220703125,38.689998626708984,4848600,38.689998626708984
2006-12-12,38.939998626708984,38.150001525878906,38.439998626708984,38.459999084472656,5083200,38.459999084472656
2006-12-13,39.189998626708984,38.189998626708984,38.61000061035156,38.5,4677800,38.5
2006-12-14,39.540000915527344,38.599998474121094,38.7400016784668,39.02000045776367,6296100,39.02000045776367
2006-12-15,40.189998626708984,39.22999954223633,39.380001068115234,40.0099983215332,8153500,40.0099983215332
2006-12-18,40.63999938964844,38.86000061035156,40.20000076293945,39.2599983215332,6486700,39.2599983215332
2006-12-19,39.720001220703125,38.22999954223633,38.779998779296875,39.41999816894531,7520000,39.41999816894531
2006-12-20,40.29999923706055,39.38999938964844,39.43000030517578,40.0099983215332,7784300,40.0099983215332
2006-12-21,40.34000015258789,39.650001525878906,39.869998931884766,39.88999938964844,6550200,39.88999938964844
2006-12-22,40.5099983215332,39.90999984741211,39.97999954223633,40.2400016784668,5585100,40.2400016784668
2006-12-26,40.130001068115234,39.41999816894531,40.130001068115234,39.79999923706055,4473600,39.79999923706055
2006-12-27,40.470001220703125,39.79999923706055,39.86000061035156,40.290000915527344,3536500,40.290000915527344
2006-12-28,40.630001068115234,39.91999816894531,40.380001068115234,40.209999084472656,4545500,40.209999084472656
2006-12-29,40.25,39.349998474121094,40.060001373291016,39.459999084472656,4197000,39.459999084472656
