Date,High,Low,Open,Close,Volume,Adj Close
2016-11-01,800.8400268554688,776.7100219726562,799.0,785.4099731445312,5305400,785.4099731445312
2016-11-02,784.75,763.5499877929688,783.9299926757812,765.5599975585938,5026500,765.5599975585938
2016-11-03,777.0,764.0,765.0499877929688,767.030029296875,3872500,767.030029296875
2016-11-04,766.0,753.22998046875,762.7899780273438,755.0499877929688,5122100,755.0499877929688
2016-11-07,787.72998046875,770.9400024414062,771.6400146484375,784.9299926757812,5984400,784.9299926757812
2016-11-08,791.739990234375,779.0999755859375,784.969970703125,787.75,3412600,787.75
2016-11-09,777.5,760.0900268554688,764.0,771.8800048828125,8562900,771.8800048828125
2016-11-10,778.8300170898438,717.7000122070312,778.8099975585938,742.3800048828125,12747000,742.3800048828125
2016-11-11,743.260009765625,728.9000244140625,735.72998046875,739.010009765625,6622800,739.010009765625
2016-11-14,746.0,710.0999755859375,745.510009765625,719.0700073242188,7321300,719.0700073242188
2016-11-15,746.780029296875,725.989990234375,730.0,743.239990234375,6755800,743.239990234375
2016-11-16,749.8699951171875,735.6099853515625,739.8800048828125,746.489990234375,3648800,746.489990234375
2016-11-17,757.5,748.0,749.3200073242188,756.4000244140625,3690100,756.4000244140625
2016-11-18,767.739990234375,757.6400146484375,761.0,760.1599731445312,4373400,760.1599731445312
2016-11-21,780.3499755859375,765.1099853515625,766.0,780.0,4614600,780.0
2016-11-22,792.4000244140625,781.0,788.1699829101562,785.3300170898438,5311300,785.3300170898438
2016-11-23,781.75,773.1199951171875,781.72998046875,780.1199951171875,3540300,780.1199951171875
2016-11-25,786.75,777.9000244140625,786.5,780.3699951171875,1837100,780.3699951171875
2016-11-28,777.0,764.239990234375,776.989990234375,766.77001953125,4438800,766.77001953125
2016-11-29,769.8900146484375,761.3200073242188,768.0,762.52001953125,3272300,762.52001953125
2016-11-30,768.0900268554688,750.25,762.0,750.5700073242188,4625900,750.5700073242188
