Date,High,Low,Open,Close,Volume,Adj Close
2011-09-01,217.63999938964844,211.6199951171875,215.27999877929688,212.5399932861328,5275300,212.5399932861328
2011-09-02,210.69000244140625,207.0,208.94000244140625,210.0,4232000,210.0
2011-09-06,216.60000610351562,204.47000122070312,204.77000427246094,216.17999267578125,6216200,216.17999267578125
2011-09-07,220.19000244140625,214.22000122070312,218.8000030517578,219.89999389648438,5295800,219.89999389648438
2011-09-08,220.63999938964844,216.33999633789062,218.3000030517578,217.25999450683594,4397900,217.25999450683594
2011-09-09,216.9600067138672,209.75,215.0500030517578,211.38999938964844,4574300,211.38999938964844
2011-09-12,216.66000366210938,208.64999389648438,208.75,216.55999755859375,5342100,216.55999755859375
2011-09-13,219.9499969482422,215.00999450683594,217.7899932861328,219.52999877929688,4835900,219.52999877929688
2011-09-14,224.99000549316406,216.72000122070312,220.22000122070312,222.57000732421875,5881700,222.57000732421875
2011-09-15,227.1999969482422,221.25,223.99000549316406,226.77999877929688,5608800,226.77999877929688
2011-09-16,240.44000244140625,226.74000549316406,227.57000732421875,239.3000030517578,11753000,239.3000030517578
2011-09-19,244.0,232.8800048828125,237.11000061035156,241.69000244140625,8223300,241.69000244140625
2011-09-20,241.0500030517578,231.02999877929688,240.8000030517578,233.25,7385500,233.25
2011-09-21,240.52000427246094,231.80999755859375,234.50999450683594,231.8699951171875,5881500,231.8699951171875
2011-09-22,228.7899932861328,219.0,224.72000122070312,223.22999572753906,8254600,223.22999572753906
2011-09-23,224.49000549316406,219.05999755859375,220.50999450683594,223.61000061035156,6468100,223.61000061035156
2011-09-26,230.24000549316406,221.39999389648438,227.47999572753906,229.85000610351562,5794100,229.85000610351562
2011-09-27,234.75,222.39999389648438,234.22000122070312,224.2100067138672,7837500,224.2100067138672
2011-09-28,235.80999755859375,225.60000610351562,226.35000610351562,229.7100067138672,14436900,229.7100067138672
2011-09-29,234.3000030517578,216.2899932861328,234.1699981689453,222.44000244140625,9378500,222.44000244140625
2011-09-30,223.0,215.2100067138672,218.19000244140625,216.22999572753906,6550300,216.22999572753906
