Date,High,Low,Open,Close,Volume,Adj Close
2007-02-01,39.29999923706055,37.849998474121094,37.95000076293945,38.70000076293945,26123100,38.70000076293945
2007-02-02,37.7400016784668,36.68000030517578,37.22999954223633,37.38999938964844,25850700,37.38999938964844
2007-02-05,37.41999816894531,36.77000045776367,37.25,37.15999984741211,6110900,37.15999984741211
2007-02-06,38.40999984741211,37.08000183105469,37.20000076293945,38.27000045776367,8612700,38.27000045776367
2007-02-07,39.52000045776367,38.400001525878906,38.4900016784668,38.97999954223633,10503200,38.97999954223633
2007-02-08,39.5099983215332,38.66999816894531,38.95000076293945,39.099998474121094,5483600,39.099998474121094
2007-02-09,39.310001373291016,38.65999984741211,39.189998626708984,38.720001220703125,5960100,38.720001220703125
2007-02-12,38.9900016784668,38.36000061035156,38.790000915527344,38.849998474121094,3835700,38.849998474121094
2007-02-13,39.61000061035156,38.849998474121094,38.849998474121094,39.310001373291016,4505500,39.310001373291016
2007-02-14,40.279998779296875,39.13999938964844,39.22999954223633,40.13999938964844,6814100,40.13999938964844
2007-02-15,40.31999969482422,39.86000061035156,40.13999938964844,40.060001373291016,5088200,40.060001373291016
2007-02-16,40.439998626708984,39.869998931884766,39.900001525878906,40.33000183105469,4679000,40.33000183105469
2007-02-20,41.7400016784668,40.0,40.130001068115234,41.5099983215332,8903400,41.5099983215332
2007-02-21,41.31999969482422,40.91999816894531,41.189998626708984,41.2599983215332,4508400,41.2599983215332
2007-02-22,42.0,40.88999938964844,41.400001525878906,41.0,4926100,41.0
2007-02-23,41.20000076293945,40.7400016784668,41.0,40.779998779296875,5497400,40.779998779296875
2007-02-26,41.20000076293945,40.400001525878906,40.86000061035156,40.880001068115234,4035200,40.880001068115234
2007-02-27,40.540000915527344,38.779998779296875,40.189998626708984,38.83000183105469,8850700,38.83000183105469
2007-02-28,39.58000183105469,38.08000183105469,38.90999984741211,39.13999938964844,7687400,39.13999938964844
