Date,High,Low,Open,Close,Volume,Adj Close
2019-02-01,1673.06005859375,1622.010009765625,1638.8800048828125,1626.22998046875,11506200,1626.22998046875
2019-02-04,1649.6300048828125,1613.5,1623.0,1633.31005859375,4929100,1633.31005859375
2019-02-05,1665.260009765625,1642.5,1643.3399658203125,1658.81005859375,4453100,1658.81005859375
2019-02-06,1672.260009765625,1633.3399658203125,1670.75,1640.260009765625,3939900,1640.260009765625
2019-02-07,1625.5400390625,1592.9100341796875,1625.0,1614.3699951171875,4626600,1614.3699951171875
2019-02-08,1588.5899658203125,1566.760009765625,1586.0,1588.219970703125,5657500,1588.219970703125
2019-02-11,1609.2900390625,1586.0,1600.97998046875,1591.0,3317300,1591.0
2019-02-12,1639.4000244140625,1598.8800048828125,1604.0,1638.010009765625,4858600,1638.010009765625
2019-02-13,1656.3800048828125,1637.1099853515625,1647.0,1640.0,3560300,1640.0
2019-02-14,1637.9000244140625,1606.06005859375,1624.5,1622.6500244140625,4120500,1622.6500244140625
2019-02-15,1628.9100341796875,1604.5,1627.8599853515625,1607.949951171875,4343900,1607.949951171875
2019-02-19,1634.0,1600.56005859375,1601.0,1627.5799560546875,3681700,1627.5799560546875
2019-02-20,1634.9300537109375,1610.1199951171875,1630.0,1622.0999755859375,3337600,1622.0999755859375
2019-02-21,1623.56005859375,1600.9100341796875,1619.8499755859375,1619.43994140625,3483400,1619.43994140625
2019-02-22,1634.93994140625,1621.1700439453125,1623.5,1631.56005859375,3096200,1631.56005859375
2019-02-25,1654.5999755859375,1630.3900146484375,1641.449951171875,1633.0,3184500,1633.0
2019-02-26,1639.989990234375,1616.1300048828125,1625.97998046875,1636.4000244140625,2665800,1636.4000244140625
2019-02-27,1641.81005859375,1615.0999755859375,1628.1800537109375,1641.0899658203125,3148800,1641.0899658203125
2019-02-28,1651.77001953125,1633.8299560546875,1635.25,1639.8299560546875,3025900,1639.8299560546875
