Date,High,Low,Open,Close,Volume,Adj Close
2018-05-01,1585.0,1552.1800537109375,1563.219970703125,1582.260009765625,4572100,1582.260009765625
2018-05-02,1588.5,1566.3599853515625,1580.97998046875,1569.6800537109375,4360300,1569.6800537109375
2018-05-03,1574.800048828125,1546.02001953125,1560.010009765625,1572.0799560546875,4251900,1572.0799560546875
2018-05-04,1584.9000244140625,1562.18994140625,1562.449951171875,1580.949951171875,3443600,1580.949951171875
2018-05-07,1606.949951171875,1587.8299560546875,1589.3399658203125,1600.1400146484375,3801900,1600.1400146484375
2018-05-08,1596.8800048828125,1582.510009765625,1595.0,1592.3900146484375,3067900,1592.3900146484375
2018-05-09,1608.0,1592.0,1600.0,1608.0,3637300,1608.0
2018-05-10,1615.5999755859375,1603.43994140625,1608.47998046875,1609.0799560546875,2817500,1609.0799560546875
2018-05-11,1611.0999755859375,1597.8900146484375,1610.989990234375,1602.9100341796875,2263900,1602.9100341796875
2018-05-14,1611.1800537109375,1600.050048828125,1604.0,1601.5400390625,2509500,1601.5400390625
2018-05-15,1587.800048828125,1565.219970703125,1587.800048828125,1576.1199951171875,5077500,1576.1199951171875
2018-05-16,1594.4300537109375,1576.6700439453125,1577.5,1587.280029296875,2570600,1587.280029296875
2018-05-17,1594.0400390625,1573.0,1580.56005859375,1581.760009765625,2147600,1581.760009765625
2018-05-18,1583.5899658203125,1572.0999755859375,1581.3299560546875,1574.3699951171875,2642600,1574.3699951171875
2018-05-21,1592.050048828125,1575.0,1585.0,1585.4599609375,2925200,1585.4599609375
2018-05-22,1589.8900146484375,1575.25,1589.8900146484375,1581.4000244140625,2115600,1581.4000244140625
2018-05-23,1601.8599853515625,1566.3399658203125,1571.050048828125,1601.8599853515625,3361900,1601.8599853515625
2018-05-24,1608.239990234375,1588.3800048828125,1598.030029296875,1603.0699462890625,3430000,1603.0699462890625
2018-05-25,1614.1199951171875,1600.449951171875,1603.0,1610.1500244140625,2698400,1610.1500244140625
2018-05-29,1621.7900390625,1600.1500244140625,1600.7099609375,1612.8699951171875,3846500,1612.8699951171875
2018-05-30,1626.0,1612.9300537109375,1618.0999755859375,1624.8900146484375,2907400,1624.8900146484375
2018-05-31,1635.0,1621.3499755859375,1623.0,1629.6199951171875,3166300,1629.6199951171875
