Date,High,Low,Open,Close,Volume,Adj Close
2004-10-01,41.29999923706055,40.38999938964844,41.290000915527344,40.470001220703125,11268900,40.470001220703125
2004-10-04,41.68000030517578,40.7400016784668,41.36000061035156,41.0099983215332,8792600,41.0099983215332
2004-10-05,41.25,40.56999969482422,40.84000015258789,40.959999084472656,5134000,40.959999084472656
2004-10-06,41.40999984741211,40.400001525878906,40.72999954223633,41.36000061035156,5128100,41.36000061035156
2004-10-07,42.70000076293945,40.849998474121094,41.41999816894531,41.150001525878906,9394400,41.150001525878906
2004-10-08,41.189998626708984,39.630001068115234,40.939998626708984,40.0,8546200,40.0
2004-10-11,40.75,39.40999984741211,39.83000183105469,40.150001525878906,7928300,40.150001525878906
2004-10-12,40.58000183105469,39.470001220703125,39.54999923706055,40.220001220703125,6421000,40.220001220703125
2004-10-13,41.54999923706055,39.75,41.41999816894531,39.97999954223633,9220200,39.97999954223633
2004-10-14,39.54999923706055,38.72999954223633,39.45000076293945,39.099998474121094,9026200,39.099998474121094
2004-10-15,39.66999816894531,37.880001068115234,39.290000915527344,38.54999923706055,8205600,38.54999923706055
2004-10-18,39.470001220703125,37.88999938964844,38.22999954223633,39.27000045776367,8093200,39.27000045776367
2004-10-19,39.849998474121094,38.16999816894531,39.7400016784668,38.33000183105469,8802600,38.33000183105469
2004-10-20,38.59000015258789,37.790000915527344,38.11000061035156,38.349998474121094,6798500,38.349998474121094
2004-10-21,40.189998626708984,38.5,39.29999923706055,39.470001220703125,19217100,39.470001220703125
2004-10-22,36.79999923706055,33.0,36.220001220703125,34.599998474121094,33544300,34.599998474121094
2004-10-25,34.40999984741211,33.720001220703125,34.0,33.970001220703125,10531800,33.970001220703125
2004-10-26,34.2599983215332,33.5099983215332,34.150001525878906,33.83000183105469,9742500,33.83000183105469
2004-10-27,34.630001068115234,33.619998931884766,33.630001068115234,34.22999954223633,9060700,34.22999954223633
2004-10-28,34.77000045776367,34.13999938964844,34.2400016784668,34.45000076293945,7220600,34.45000076293945
2004-10-29,34.45000076293945,34.0,34.36000061035156,34.130001068115234,6491600,34.130001068115234
