Date,High,Low,Open,Close,Volume,Adj Close
2016-06-01,726.4299926757812,718.219970703125,720.9000244140625,719.4400024414062,3263100,719.4400024414062
2016-06-02,728.280029296875,715.5,720.969970703125,728.239990234375,3026600,728.239990234375
2016-06-03,727.0,718.4299926757812,726.739990234375,725.5399780273438,3367300,725.5399780273438
2016-06-06,731.5,724.4199829101562,726.5,726.72998046875,2704800,726.72998046875
2016-06-07,730.0,720.5499877929688,729.8900146484375,723.739990234375,2732500,723.739990234375
2016-06-08,729.4199829101562,721.5999755859375,726.4000244140625,726.6400146484375,2223400,726.6400146484375
2016-06-09,728.9099731445312,722.2999877929688,723.0999755859375,727.6500244140625,2170300,727.6500244140625
2016-06-10,724.97998046875,714.2100219726562,722.3499755859375,717.9099731445312,3425700,717.9099731445312
2016-06-13,721.989990234375,711.1599731445312,714.010009765625,715.239990234375,3352200,715.239990234375
2016-06-14,720.8099975585938,712.27001953125,712.3300170898438,719.2999877929688,2506900,719.2999877929688
2016-06-15,722.5599975585938,713.3499755859375,722.0,714.260009765625,2709400,714.260009765625
2016-06-16,718.0,705.2999877929688,712.0499877929688,717.510009765625,3098000,717.510009765625
2016-06-17,718.2000122070312,699.1799926757812,718.1900024414062,706.3900146484375,5897800,706.3900146484375
2016-06-20,721.3099975585938,710.8099975585938,713.5,714.010009765625,3677200,714.010009765625
2016-06-21,718.4000244140625,712.719970703125,715.719970703125,715.8200073242188,2137500,715.8200073242188
2016-06-22,717.0,707.5700073242188,716.5800170898438,710.5999755859375,2260500,710.5999755859375
2016-06-23,722.1199951171875,712.5,715.5,722.0800170898438,2825000,722.0800170898438
2016-06-24,712.530029296875,692.2000122070312,693.0,698.9600219726562,7632500,698.9600219726562
2016-06-27,696.8200073242188,682.1199951171875,692.010009765625,691.3599853515625,5568000,691.3599853515625
2016-06-28,708.0,698.1699829101562,700.0,707.9500122070312,4037000,707.9500122070312
2016-06-29,719.5,713.5399780273438,715.75,715.5999755859375,3070100,715.5999755859375
2016-06-30,719.3699951171875,712.5399780273438,717.2000122070312,715.6199951171875,2855100,715.6199951171875
