Date,High,Low,Open,Close,Volume,Adj Close
2008-02-01,79.4000015258789,73.37000274658203,79.0199966430664,74.62999725341797,16361000,74.62999725341797
2008-02-04,76.66000366210938,73.9000015258789,74.5,73.94999694824219,9155200,73.94999694824219
2008-02-05,74.20999908447266,72.0,72.80000305175781,72.08999633789062,9633900,72.08999633789062
2008-02-06,72.43000030517578,68.16999816894531,72.30000305175781,68.48999786376953,12399500,68.48999786376953
2008-02-07,72.70999908447266,67.22000122070312,67.37000274658203,70.91000366210938,14501700,70.91000366210938
2008-02-08,74.5999984741211,72.5199966430664,73.4000015258789,73.5,11700400,73.5
2008-02-11,75.95999908447266,72.7699966430664,73.13999938964844,75.19000244140625,7763700,75.19000244140625
2008-02-12,77.05000305175781,73.79000091552734,75.43000030517578,74.44999694824219,9449000,74.44999694824219
2008-02-13,78.8499984741211,73.2699966430664,74.98999786376953,77.7300033569336,11070300,77.7300033569336
2008-02-14,77.87999725341797,75.18000030517578,77.7300033569336,75.80000305175781,7497200,75.80000305175781
2008-02-15,75.19000244140625,71.94000244140625,75.0,72.95999908447266,11120100,72.95999908447266
2008-02-19,74.0,71.55000305175781,73.54000091552734,72.08000183105469,7109200,72.08000183105469
2008-02-20,73.87999725341797,71.0999984741211,71.9000015258789,73.63999938964844,6450700,73.63999938964844
2008-02-21,74.20999908447266,69.37000274658203,73.94000244140625,69.9000015258789,13150800,69.9000015258789
2008-02-22,72.20999908447266,69.86000061035156,70.54000091552734,72.08000183105469,12342700,72.08000183105469
2008-02-25,73.5,71.41000366210938,72.3499984741211,73.2699966430664,7858200,73.2699966430664
2008-02-26,73.5,70.27999877929688,71.91000366210938,71.69000244140625,9891300,71.69000244140625
2008-02-27,71.4800033569336,69.56999969482422,70.68000030517578,70.87000274658203,8930500,70.87000274658203
2008-02-28,70.5999984741211,67.11000061035156,70.30000305175781,67.8499984741211,13167800,67.8499984741211
2008-02-29,67.5,63.970001220703125,67.01000213623047,64.47000122070312,11664600,64.47000122070312
