Date,High,Low,Open,Close,Volume,Adj Close
2012-03-01,180.49000549316406,176.5800018310547,179.88999938964844,180.0399932861328,4936000,180.0399932861328
2012-03-02,181.83999633789062,178.9199981689453,179.47999572753906,179.3000030517578,3657800,179.3000030517578
2012-03-05,181.82000732421875,178.17999267578125,179.0,180.25999450683594,4682700,180.25999450683594
2012-03-06,183.5,178.0399932861328,178.67999267578125,181.08999633789062,5612200,181.08999633789062
2012-03-07,185.5,182.39999389648438,182.64999389648438,183.77000427246094,4951500,183.77000427246094
2012-03-08,188.3800048828125,183.8000030517578,184.1699981689453,187.63999938964844,4221500,187.63999938964844
2012-03-09,187.1999969482422,183.44000244140625,186.7899932861328,184.32000732421875,4510600,184.32000732421875
2012-03-12,185.39999389648438,182.1999969482422,184.1300048828125,183.38999938964844,2587600,183.38999938964844
2012-03-13,184.8699951171875,180.77000427246094,183.9199981689453,184.58999633789062,4405800,184.58999633789062
2012-03-14,184.32000732421875,181.13999938964844,183.64999389648438,182.25999450683594,3699700,182.25999450683594
2012-03-15,184.42999267578125,180.3000030517578,182.02000427246094,184.42999267578125,4160100,184.42999267578125
2012-03-16,185.67999267578125,182.35000610351562,183.27999877929688,185.0500030517578,4934000,185.0500030517578
2012-03-19,186.67999267578125,183.0,183.4499969482422,185.52000427246094,3903400,185.52000427246094
2012-03-20,194.41000366210938,182.8800048828125,184.8800048828125,192.3300018310547,9165400,192.3300018310547
2012-03-21,194.27999877929688,191.25999450683594,192.5,191.72999572753906,4214400,191.72999572753906
2012-03-22,194.05999755859375,190.25999450683594,190.5399932861328,192.39999389648438,3739600,192.39999389648438
2012-03-23,196.1999969482422,191.8000030517578,192.00999450683594,195.0399932861328,5984000,195.0399932861328
2012-03-26,202.97000122070312,195.5,196.47999572753906,202.8699951171875,7613700,202.8699951171875
2012-03-27,209.85000610351562,202.8800048828125,203.58999633789062,205.44000244140625,9600800,205.44000244140625
2012-03-28,207.0,200.30999755859375,206.13999938964844,201.16000366210938,6245000,201.16000366210938
2012-03-29,205.30999755859375,200.6300048828125,201.27999877929688,204.61000061035156,5711200,204.61000061035156
2012-03-30,206.85000610351562,201.8699951171875,205.02000427246094,202.50999450683594,4438100,202.50999450683594
