Date,High,Low,Open,Close,Volume,Adj Close
2016-04-01,599.030029296875,588.2999877929688,590.489990234375,598.5,2917400,598.5
2016-04-04,599.5,590.5499877929688,599.0,593.1900024414062,2470800,593.1900024414062
2016-04-05,593.469970703125,585.25,590.77001953125,586.1400146484375,2308900,586.1400146484375
2016-04-06,602.3900146484375,587.5,587.52001953125,602.0800170898438,2849900,602.0800170898438
2016-04-07,599.5999755859375,589.0800170898438,598.760009765625,591.4299926757812,3189000,591.4299926757812
2016-04-08,597.8599853515625,589.0,594.3200073242188,594.5999755859375,2591900,594.5999755859375
2016-04-11,604.0,594.9099731445312,596.1400146484375,595.9299926757812,2704300,595.9299926757812
2016-04-12,604.0599975585938,592.3099975585938,598.4000244140625,603.1699829101562,2641100,603.1699829101562
2016-04-13,616.8099975585938,605.2899780273438,607.6799926757812,614.8200073242188,4228300,614.8200073242188
2016-04-14,624.3800048828125,615.0700073242188,615.0700073242188,620.75,3512100,620.75
2016-04-15,626.77001953125,618.1099853515625,621.9199829101562,625.8900146484375,2887700,625.8900146484375
2016-04-18,637.6400146484375,624.9600219726562,625.3499755859375,635.3499755859375,4360900,635.3499755859375
2016-04-19,638.010009765625,620.7999877929688,637.1400146484375,627.9000244140625,4055900,627.9000244140625
2016-04-20,636.5499877929688,623.0,630.0,632.989990234375,2609400,632.989990234375
2016-04-21,637.8200073242188,628.5,631.0,631.0,2596300,631.0
2016-04-22,628.25,611.5599975585938,624.469970703125,620.5,5083900,620.5
2016-04-25,626.97998046875,616.25,616.6099853515625,626.2000122070312,2682900,626.2000122070312
2016-04-26,626.75,614.8800048828125,626.1699829101562,616.8800048828125,2521400,616.8800048828125
2016-04-27,615.9500122070312,601.280029296875,611.7999877929688,606.5700073242188,4068800,606.5700073242188
2016-04-28,626.7999877929688,599.2000122070312,615.5399780273438,602.0,7872600,602.0
2016-04-29,669.97998046875,654.0,666.0,659.5900268554688,10310700,659.5900268554688
