Date,High,Low,Open,Close,Volume,Adj Close
2001-01-02,16.0,13.625,15.8125,13.875,9203500,13.875
2001-01-03,17.875,13.5625,13.625,17.5625,14680400,17.5625
2001-01-04,17.5625,15.4375,17.0,15.5,10620500,15.5
2001-01-05,15.875,13.5625,15.5,14.5625,8798800,14.5625
2001-01-08,15.5625,13.75,14.4375,14.9375,10444700,14.9375
2001-01-09,16.625,14.5625,14.5625,16.375,23455200,16.375
2001-01-10,17.0,15.5625,15.84375,16.5,11002500,16.5
2001-01-11,17.3125,15.625,15.75,17.0,12756600,17.0
2001-01-12,18.5,17.125,17.34375,17.6875,8434200,17.6875
2001-01-16,18.375,17.25,18.3125,18.0625,6017000,18.0625
2001-01-17,19.5625,17.75,18.875,18.375,9166000,18.375
2001-01-18,19.5,17.9375,18.375,19.5,4115800,19.5
2001-01-19,20.375,18.6875,20.375,19.9375,6177500,19.9375
2001-01-22,19.9375,18.5,19.5,18.5,4398600,18.5
2001-01-23,19.3125,18.25,18.375,18.953125,4744300,18.953125
2001-01-24,22.375,19.0,19.1875,21.875,13848100,21.875
2001-01-25,21.75,19.0,21.6875,19.0,7066400,19.0
2001-01-26,20.5,18.875,18.9375,19.5,5094600,19.5
2001-01-29,20.75,18.8125,19.125,20.125,7713000,20.125
2001-01-30,20.6875,18.671875,20.5625,18.9375,12273300,18.9375
2001-01-31,19.5625,17.0625,18.9375,17.3125,20475800,17.3125
