Date,High,Low,Open,Close,Volume,Adj Close
2004-01-02,53.130001068115234,51.43000030517578,52.7599983215332,51.900001525878906,6639900,51.900001525878906
2004-01-05,53.599998474121094,51.369998931884766,52.0,53.27000045776367,11284100,53.27000045776367
2004-01-06,53.5,52.7400016784668,53.11000061035156,53.029998779296875,5985500,53.029998779296875
2004-01-07,52.65999984741211,50.939998626708984,52.18000030517578,51.900001525878906,9242700,51.900001525878906
2004-01-08,52.099998474121094,50.029998779296875,52.09000015258789,50.2400016784668,10320300,50.2400016784668
2004-01-09,52.150001525878906,49.099998474121094,49.77000045776367,51.59000015258789,12779200,51.59000015258789
2004-01-12,53.029998779296875,50.79999923706055,51.61000061035156,52.95000076293945,9450900,52.95000076293945
2004-01-13,54.9900016784668,52.40999984741211,52.66999816894531,54.90999984741211,14522300,54.90999984741211
2004-01-14,55.9900016784668,54.150001525878906,54.619998931884766,55.79999923706055,11134100,55.79999923706055
2004-01-15,56.779998779296875,54.619998931884766,54.72999954223633,56.18000030517578,12217300,56.18000030517578
2004-01-16,56.369998931884766,55.27000045776367,56.27000045776367,55.720001220703125,9114200,55.720001220703125
2004-01-20,56.84000015258789,55.40999984741211,55.56999969482422,56.61000061035156,7748400,56.61000061035156
2004-01-21,56.939998626708984,55.63999938964844,56.15999984741211,56.20000076293945,6783600,56.20000076293945
2004-01-22,57.81999969482422,56.2400016784668,56.810001373291016,57.18000030517578,10672200,57.18000030517578
2004-01-23,57.61000061035156,56.619998931884766,57.099998474121094,57.11000061035156,6039000,57.11000061035156
2004-01-26,57.20000076293945,56.29999923706055,56.79999923706055,57.029998779296875,5566000,57.029998779296875
2004-01-27,57.7400016784668,55.65999984741211,56.72999954223633,55.7400016784668,12964100,55.7400016784668
2004-01-28,54.45000076293945,51.619998931884766,53.63999938964844,51.959999084472656,21581300,51.959999084472656
2004-01-29,52.060001373291016,48.599998474121094,52.040000915527344,49.220001220703125,22485100,49.220001220703125
2004-01-30,51.369998931884766,49.29999923706055,49.4900016784668,50.400001525878906,11404500,50.400001525878906
