Date,High,Low,Open,Close,Volume,Adj Close
2006-05-01,35.56999969482422,34.439998626708984,35.189998626708984,34.59000015258789,7072700,34.59000015258789
2006-05-02,34.939998626708984,34.22999954223633,34.63999938964844,34.380001068115234,5857000,34.380001068115234
2006-05-03,34.38999938964844,33.5099983215332,34.290000915527344,33.959999084472656,7585900,33.959999084472656
2006-05-04,34.720001220703125,34.380001068115234,34.619998931884766,34.470001220703125,5997900,34.470001220703125
2006-05-05,35.040000915527344,34.150001525878906,34.650001525878906,35.040000915527344,5740900,35.040000915527344
2006-05-08,35.310001373291016,34.470001220703125,34.9900016784668,34.689998626708984,4236800,34.689998626708984
2006-05-09,35.2599983215332,34.209999084472656,34.41999816894531,34.84000015258789,5484700,34.84000015258789
2006-05-10,35.0,34.099998474121094,34.68000030517578,34.15999984741211,3300300,34.15999984741211
2006-05-11,34.150001525878906,33.08000183105469,34.119998931884766,33.529998779296875,7696000,33.529998779296875
2006-05-12,33.779998779296875,32.54999923706055,33.560001373291016,32.72999954223633,4873600,32.72999954223633
2006-05-15,32.849998474121094,32.209999084472656,32.54999923706055,32.779998779296875,4305000,32.779998779296875
2006-05-16,33.02000045776367,32.31999969482422,32.84000015258789,32.7599983215332,5221600,32.7599983215332
2006-05-17,32.70000076293945,31.530000686645508,32.45000076293945,31.610000610351562,6704100,31.610000610351562
2006-05-18,33.63999938964844,31.520000457763672,31.709999084472656,32.61000061035156,12027200,32.61000061035156
2006-05-19,34.0,32.029998779296875,32.65999984741211,33.939998626708984,9817200,33.939998626708984
2006-05-22,34.9900016784668,33.18000030517578,33.959999084472656,34.83000183105469,11122900,34.83000183105469
2006-05-23,36.0,33.7599983215332,35.0,33.7599983215332,8822700,33.7599983215332
2006-05-24,35.22999954223633,33.369998931884766,33.40999984741211,35.189998626708984,9542100,35.189998626708984
2006-05-25,35.689998626708984,34.599998474121094,35.36000061035156,35.630001068115234,5845700,35.630001068115234
2006-05-26,36.5,35.459999084472656,35.65999984741211,36.06999969482422,4524300,36.06999969482422
2006-05-30,35.75,34.439998626708984,35.72999954223633,34.63999938964844,5920800,34.63999938964844
2006-05-31,34.939998626708984,33.72999954223633,34.7400016784668,34.61000061035156,5196600,34.61000061035156
