Date,High,Low,Open,Close,Volume,Adj Close
2007-08-01,78.1500015258789,75.05999755859375,78.0999984741211,77.30999755859375,16918000,77.30999755859375
2007-08-02,79.76000213623047,76.12000274658203,77.86000061035156,79.70999908447266,10361600,79.70999908447266
2007-08-03,80.75,76.70999908447266,79.54000091552734,76.80000305175781,7987500,76.80000305175781
2007-08-06,79.0,76.5999984741211,77.05999755859375,79.0,9002900,79.0
2007-08-07,80.0,77.88999938964844,78.55000305175781,79.13999938964844,8059300,79.13999938964844
2007-08-08,79.87999725341797,76.55999755859375,79.7699966430664,77.77999877929688,8244800,77.77999877929688
2007-08-09,77.26000213623047,74.11000061035156,76.4000015258789,74.11000061035156,8348400,74.11000061035156
2007-08-10,76.5,72.37000274658203,73.1500015258789,74.77999877929688,9067600,74.77999877929688
2007-08-13,76.31999969482422,74.69999694824219,76.08999633789062,74.87000274658203,6068600,74.87000274658203
2007-08-14,74.79000091552734,72.91999816894531,74.79000091552734,73.44999694824219,5946200,73.44999694824219
2007-08-15,75.1500015258789,72.26000213623047,73.0199966430664,72.37999725341797,6375900,72.37999725341797
2007-08-16,73.23999786376953,70.05000305175781,72.0,72.79000091552734,10787300,72.79000091552734
2007-08-17,75.04000091552734,73.11000061035156,74.48999786376953,75.0199966430664,7240600,75.0199966430664
2007-08-20,75.27999877929688,73.80000305175781,74.9800033569336,74.69999694824219,5916100,74.69999694824219
2007-08-21,77.83000183105469,74.08999633789062,74.20999908447266,77.48999786376953,8429100,77.48999786376953
2007-08-22,79.48999786376953,77.83999633789062,78.23999786376953,78.5,6848100,78.5
2007-08-23,79.0,76.51000213623047,78.94000244140625,77.30000305175781,5665000,77.30000305175781
2007-08-24,79.4000015258789,76.69000244140625,76.80000305175781,79.25,5665700,79.25
2007-08-27,80.80000305175781,78.41999816894531,80.55999755859375,78.6500015258789,6951300,78.6500015258789
2007-08-28,78.6500015258789,76.08000183105469,77.86000061035156,76.22000122070312,5767000,76.22000122070312
2007-08-29,79.05000305175781,76.86000061035156,76.95999908447266,79.05000305175781,5076800,79.05000305175781
2007-08-30,80.11000061035156,78.30000305175781,78.4000015258789,78.68000030517578,4628800,78.68000030517578
2007-08-31,80.52999877929688,79.69999694824219,80.0,79.91000366210938,6157400,79.91000366210938
