Date,High,Low,Open,Close,Volume,Adj Close
2008-10-01,71.98999786376953,68.41000366210938,71.77999877929688,69.58000183105469,9622200,69.58000183105469
2008-10-02,68.95999908447266,65.41000366210938,67.62999725341797,67.36000061035156,8726100,67.36000061035156
2008-10-03,70.94999694824219,66.58999633789062,69.41999816894531,67.0,11228100,67.0
2008-10-06,65.88999938964844,60.470001220703125,64.05999755859375,65.2300033569336,13385500,65.2300033569336
2008-10-07,66.43000030517578,58.5,65.79000091552734,58.52000045776367,12756000,58.52000045776367
2008-10-08,62.75,55.349998474121094,55.63999938964844,61.02000045776367,14324500,61.02000045776367
2008-10-09,63.5,56.0,61.970001220703125,56.0,13930900,56.0
2008-10-10,59.75,51.04999923706055,52.9900016784668,56.25,18021700,56.25
2008-10-13,62.209999084472656,57.369998931884766,58.959999084472656,62.02000045776367,11194800,62.02000045776367
2008-10-14,64.0,54.79999923706055,63.5,55.86000061035156,17306600,55.86000061035156
2008-10-15,54.689998626708984,48.349998474121094,54.459999084472656,48.720001220703125,16257600,48.720001220703125
2008-10-16,50.70000076293945,43.38999938964844,46.400001525878906,50.290000915527344,22081100,50.290000915527344
2008-10-17,62.33000183105469,48.40999984741211,48.83000183105469,50.650001525878906,12946400,50.650001525878906
2008-10-20,53.099998474121094,49.90999984741211,52.16999816894531,52.970001220703125,8452100,52.970001220703125
2008-10-21,52.95000076293945,49.91999816894531,51.86000061035156,50.22999954223633,8669600,50.22999954223633
2008-10-22,52.470001220703125,47.900001525878906,50.04999923706055,49.9900016784668,19513200,49.9900016784668
2008-10-23,50.90999984741211,43.310001373291016,43.369998931884766,50.31999969482422,32601900,50.31999969482422
2008-10-24,52.31999969482422,44.5,44.75,48.959999084472656,19605900,48.959999084472656
2008-10-27,52.59000015258789,48.43000030517578,49.0,49.58000183105469,11759200,49.58000183105469
2008-10-28,56.29999923706055,49.06999969482422,51.5,56.040000915527344,14834700,56.040000915527344
2008-10-29,59.790000915527344,54.52000045776367,55.529998779296875,56.88999938964844,15196300,56.88999938964844
2008-10-30,59.88999938964844,55.08000183105469,58.7599983215332,56.709999084472656,11125700,56.709999084472656
2008-10-31,57.25,55.0099983215332,56.0099983215332,57.2400016784668,8534600,57.2400016784668
