Date,High,Low,Open,Close,Volume,Adj Close
2003-07-01,37.290000915527344,35.70000076293945,36.33000183105469,37.25,7242800,37.25
2003-07-02,37.88999938964844,37.13999938964844,37.599998474121094,37.849998474121094,6086100,37.849998474121094
2003-07-03,38.15999984741211,37.02000045776367,37.02000045776367,37.91999816894531,3846000,37.91999816894531
2003-07-07,39.099998474121094,37.95000076293945,38.29999923706055,39.04999923706055,6697300,39.04999923706055
2003-07-08,40.83000183105469,38.75,38.7599983215332,40.5099983215332,12145400,40.5099983215332
2003-07-09,40.72999954223633,39.869998931884766,40.540000915527344,40.5,7832200,40.5
2003-07-10,39.5,38.20000076293945,39.119998931884766,38.25,8825600,38.25
2003-07-11,38.29999923706055,37.099998474121094,38.29999923706055,37.650001525878906,11559900,37.650001525878906
2003-07-14,39.61000061035156,38.2400016784668,38.5,39.27000045776367,8690300,39.27000045776367
2003-07-15,39.61000061035156,37.619998931884766,39.61000061035156,38.43000030517578,5851500,38.43000030517578
2003-07-16,38.52000045776367,37.31999969482422,38.52000045776367,37.68000030517578,5625600,37.68000030517578
2003-07-17,37.29999923706055,36.040000915527344,37.150001525878906,36.31999969482422,7642000,36.31999969482422
2003-07-18,36.849998474121094,34.790000915527344,36.31999969482422,34.97999954223633,13402900,34.97999954223633
2003-07-21,36.0,34.599998474121094,34.709999084472656,35.33000183105469,9825700,35.33000183105469
2003-07-22,36.0,34.0,35.70000076293945,34.869998931884766,15896800,34.869998931884766
2003-07-23,40.25,37.349998474121094,37.75,40.11000061035156,32178100,40.11000061035156
2003-07-24,43.099998474121094,40.58000183105469,41.04999923706055,41.310001373291016,23828000,41.310001373291016
2003-07-25,41.650001525878906,39.75,40.7400016784668,41.599998474121094,10647600,41.599998474121094
2003-07-28,42.18000030517578,40.869998931884766,41.4900016784668,42.08000183105469,7453200,42.08000183105469
2003-07-29,42.5,41.060001373291016,41.9900016784668,41.38999938964844,7825500,41.38999938964844
2003-07-30,41.27000045776367,40.45000076293945,41.150001525878906,40.65999984741211,7166300,40.65999984741211
2003-07-31,41.970001220703125,40.66999816894531,41.349998474121094,41.63999938964844,8970700,41.63999938964844
