Date,High,Low,Open,Close,Volume,Adj Close
2003-04-01,25.59000015258789,25.059999465942383,25.549999237060547,25.540000915527344,9774000,25.540000915527344
2003-04-02,26.479999542236328,25.84000015258789,25.979999542236328,26.3799991607666,6623000,26.3799991607666
2003-04-03,27.09000015258789,26.020000457763672,26.510000228881836,26.649999618530273,7324400,26.649999618530273
2003-04-04,26.829999923706055,25.950000762939453,26.709999084472656,26.219999313354492,6072800,26.219999313354492
2003-04-07,27.559999465942383,26.75,27.209999084472656,26.81999969482422,7230400,26.81999969482422
2003-04-08,26.799999237060547,26.450000762939453,26.790000915527344,26.520000457763672,5403600,26.520000457763672
2003-04-09,26.3700008392334,24.84000015258789,26.350000381469727,25.059999465942383,11958900,25.059999465942383
2003-04-10,25.940000534057617,24.780000686645508,25.43000030517578,25.670000076293945,9311200,25.670000076293945
2003-04-11,26.239999771118164,25.420000076293945,25.850000381469727,25.75,6899000,25.75
2003-04-14,25.149999618530273,24.5,24.799999237060547,25.049999237060547,10417100,25.049999237060547
2003-04-15,25.43000030517578,24.81999969482422,24.889999389648438,25.1299991607666,6341400,25.1299991607666
2003-04-16,25.5,24.1299991607666,25.299999237060547,24.3799991607666,9294500,24.3799991607666
2003-04-17,25.010000228881836,24.350000381469727,24.469999313354492,24.989999771118164,6789900,24.989999771118164
2003-04-21,26.170000076293945,24.899999618530273,25.030000686645508,25.25,7132300,25.25
2003-04-22,25.690000534057617,24.81999969482422,25.09000015258789,25.579999923706055,6868600,25.579999923706055
2003-04-23,26.549999237060547,25.360000610351562,26.399999618530273,25.43000030517578,8850100,25.43000030517578
2003-04-24,26.719999313354492,24.770000457763672,25.399999618530273,25.1200008392334,17603300,25.1200008392334
2003-04-25,29.0,27.81999969482422,28.0,28.969999313354492,39972400,28.969999313354492
2003-04-28,29.190000534057617,28.600000381469727,28.639999389648438,29.110000610351562,15801000,29.110000610351562
2003-04-29,29.040000915527344,28.610000610351562,28.90999984741211,28.889999389648438,10526400,28.889999389648438
2003-04-30,29.0,28.3799991607666,28.600000381469727,28.690000534057617,9450000,28.690000534057617
