Date,High,Low,Open,Close,Volume,Adj Close
2000-01-03,89.5625,79.046875,81.5,89.375,16117600,89.375
2000-01-04,91.5,81.75,85.375,81.9375,17487400,81.9375
2000-01-05,75.125,68.0,70.5,69.75,38457400,69.75
2000-01-06,72.6875,64.0,71.3125,65.5625,18752000,65.5625
2000-01-07,70.5,66.1875,67.0,69.5625,10505400,69.5625
2000-01-10,72.625,65.5625,72.5625,69.1875,14757900,69.1875
2000-01-11,70.0,65.0,66.875,66.75,10532700,66.75
2000-01-12,68.0,63.0,67.875,63.5625,10804500,63.5625
2000-01-13,67.1875,63.125,64.9375,65.9375,10448100,65.9375
2000-01-14,68.625,64.0,66.75,64.25,6853600,64.25
2000-01-18,65.1875,63.0,63.4375,64.125,5384900,64.125
2000-01-19,67.5,63.0,64.125,66.8125,8245500,66.8125
2000-01-20,67.0,63.9375,66.9375,64.75,5978000,64.75
2000-01-21,64.625,60.0,64.625,62.0625,11461900,62.0625
2000-01-24,73.375,67.5,67.5625,70.125,29170200,70.125
2000-01-25,71.25,66.0,70.0,69.25,9434100,69.25
2000-01-26,70.0,64.75,68.625,64.8125,6558000,64.8125
2000-01-27,67.75,64.625,65.1875,66.9375,6784000,66.9375
2000-01-28,66.4375,60.0,65.0,61.6875,13777900,61.6875
2000-01-31,64.75,58.4375,60.375,64.5625,10697900,64.5625
