Date,High,Low,Open,Close,Volume,Adj Close
2002-12-02,25.0,24.0,24.149999618530273,24.110000610351562,11152500,24.110000610351562
2002-12-03,23.979999542236328,23.3799991607666,23.829999923706055,23.739999771118164,5901100,23.739999771118164
2002-12-04,23.799999237060547,22.959999084472656,23.479999542236328,23.389999389648438,7878900,23.389999389648438
2002-12-05,23.68000030517578,22.200000762939453,23.65999984741211,22.579999923706055,10642600,22.579999923706055
2002-12-06,22.690000534057617,21.510000228881836,21.700000762939453,22.610000610351562,9393500,22.610000610351562
2002-12-09,22.350000381469727,21.600000381469727,22.229999542236328,21.68000030517578,7454700,21.68000030517578
2002-12-10,21.989999771118164,21.239999771118164,21.959999084472656,21.860000610351562,7093700,21.860000610351562
2002-12-11,22.3799991607666,21.6200008392334,21.670000076293945,22.1299991607666,6387300,22.1299991607666
2002-12-12,22.6200008392334,21.809999465942383,22.469999313354492,22.299999237060547,5977500,22.299999237060547
2002-12-13,22.350000381469727,21.8700008392334,21.950000762939453,22.18000030517578,3859200,22.18000030517578
2002-12-16,22.530000686645508,22.040000915527344,22.229999542236328,22.510000228881836,4940700,22.510000228881836
2002-12-17,22.559999465942383,22.31999969482422,22.329999923706055,22.459999084472656,3419500,22.459999084472656
2002-12-18,22.260000228881836,21.979999542236328,22.25,22.100000381469727,3992800,22.100000381469727
2002-12-19,22.200000762939453,21.530000686645508,21.6299991607666,21.690000534057617,5814400,21.690000534057617
2002-12-20,22.010000228881836,21.600000381469727,21.790000915527344,21.93000030517578,4935300,21.93000030517578
2002-12-23,22.469999313354492,21.780000686645508,21.780000686645508,22.239999771118164,4424500,22.239999771118164
2002-12-24,22.280000686645508,21.8799991607666,22.18000030517578,21.8799991607666,2348600,21.8799991607666
2002-12-26,21.600000381469727,20.0,21.59000015258789,20.299999237060547,14199300,20.299999237060547
2002-12-27,20.100000381469727,18.43000030517578,19.969999313354492,18.860000610351562,21972800,18.860000610351562
2002-12-30,19.399999618530273,18.739999771118164,18.850000381469727,19.25,8284700,19.25
2002-12-31,19.559999465942383,18.829999923706055,19.25,18.889999389648438,5537000,18.889999389648438
