Date,High,Low,Open,Close,Volume,Adj Close
2005-05-02,33.279998779296875,32.099998474121094,32.29999923706055,33.099998474121094,9098000,33.099998474121094
2005-05-03,33.560001373291016,32.88999938964844,32.939998626708984,33.209999084472656,6777900,33.209999084472656
2005-05-04,34.119998931884766,33.27000045776367,33.349998474121094,33.959999084472656,7756600,33.959999084472656
2005-05-05,34.18000030517578,33.59000015258789,33.959999084472656,33.959999084472656,4616900,33.959999084472656
2005-05-06,34.689998626708984,34.13999938964844,34.2400016784668,34.52000045776367,6713500,34.52000045776367
2005-05-09,34.79999923706055,34.25,34.400001525878906,34.63999938964844,4431600,34.63999938964844
2005-05-10,34.470001220703125,34.02000045776367,34.400001525878906,34.22999954223633,5475000,34.22999954223633
2005-05-11,34.5099983215332,33.650001525878906,34.29999923706055,33.81999969482422,6048000,33.81999969482422
2005-05-12,34.119998931884766,33.54999923706055,33.70000076293945,33.849998474121094,6005000,33.849998474121094
2005-05-13,34.349998474121094,33.79999923706055,33.9900016784668,33.900001525878906,3991800,33.900001525878906
2005-05-16,34.77000045776367,33.91999816894531,34.029998779296875,34.540000915527344,4280700,34.540000915527344
2005-05-17,34.81999969482422,34.09000015258789,34.45000076293945,34.72999954223633,3315700,34.72999954223633
2005-05-18,35.970001220703125,34.72999954223633,34.810001373291016,35.33000183105469,9557500,35.33000183105469
2005-05-19,35.90999984741211,35.33000183105469,35.369998931884766,35.59000015258789,5343500,35.59000015258789
2005-05-20,35.599998474121094,34.959999084472656,35.45000076293945,35.5,5042800,35.5
2005-05-23,36.02000045776367,35.38999938964844,35.56999969482422,35.68000030517578,5701400,35.68000030517578
2005-05-24,35.56999969482422,35.130001068115234,35.47999954223633,35.540000915527344,5914600,35.540000915527344
2005-05-25,35.45000076293945,35.189998626708984,35.27000045776367,35.25,3872900,35.25
2005-05-26,35.68000030517578,35.16999816894531,35.279998779296875,35.45000076293945,4787100,35.45000076293945
2005-05-27,35.54999923706055,35.150001525878906,35.220001220703125,35.5,3287100,35.5
2005-05-31,36.040000915527344,35.290000915527344,35.36000061035156,35.5099983215332,4930200,35.5099983215332
