Date,High,Low,Open,Close,Volume,Adj Close
2000-12-01,26.75,23.0,24.9375,24.625,7757400,24.625
2000-12-04,27.1875,23.25,25.1875,26.5625,8255500,26.5625
2000-12-05,27.625,24.75,27.125,25.375,9969900,25.375
2000-12-06,26.0,23.625,24.6875,23.625,8825800,23.625
2000-12-07,23.4375,20.125,23.0625,21.375,10647500,21.375
2000-12-08,24.6875,21.25,23.3125,23.4375,12969800,23.4375
2000-12-11,26.125,21.75,22.875,25.3125,10904200,25.3125
2000-12-12,27.5,24.3125,24.5,25.875,7306800,25.875
2000-12-13,26.625,23.5,26.5625,23.75,6281800,23.75
2000-12-14,24.6875,22.59375,24.0625,22.6875,7020800,22.6875
2000-12-15,24.25,22.0,22.25,22.875,8713700,22.875
2000-12-18,21.1875,18.9375,20.75,19.875,16035200,19.875
2000-12-19,20.875,17.375,20.3125,18.25,13218500,18.25
2000-12-20,17.875,15.625,16.1875,16.6875,22050700,16.6875
2000-12-21,17.75,14.875,16.375,15.1875,8851400,15.1875
2000-12-22,16.546875,15.25,15.3125,15.5625,9387000,15.5625
2000-12-26,18.5,16.25,16.3125,16.9375,9012800,16.9375
2000-12-27,17.4375,15.5625,16.0,16.875,6598800,16.875
2000-12-28,18.25,16.625,16.625,17.375,8455600,17.375
2000-12-29,17.125,15.0,16.75,15.5625,9849700,15.5625
