Date,High,Low,Open,Close,Volume,Adj Close
2013-09-03,291.3900146484375,284.1700134277344,284.7300109863281,288.79998779296875,2897600,288.79998779296875
2013-09-04,295.2300109863281,287.5799865722656,288.3299865722656,293.6400146484375,2438600,293.6400146484375
2013-09-05,297.0,292.7099914550781,293.6300048828125,294.1000061035156,1816600,294.1000061035156
2013-09-06,298.8800048828125,290.79998779296875,295.3299865722656,295.8599853515625,2292000,295.8599853515625
2013-09-09,299.9599914550781,296.6000061035156,297.2200012207031,299.7099914550781,1643600,299.7099914550781
2013-09-10,301.0,297.2200012207031,300.54998779296875,300.3599853515625,1778400,300.3599853515625
2013-09-11,301.8599853515625,297.8399963378906,298.9100036621094,299.6400146484375,1742600,299.6400146484375
2013-09-12,302.0,297.6600036621094,299.3900146484375,298.8599853515625,1606200,298.8599853515625
2013-09-13,300.2200012207031,296.20001220703125,300.1400146484375,297.9200134277344,1350600,297.9200134277344
2013-09-16,301.0,295.260009765625,299.82000732421875,296.05999755859375,1808400,296.05999755859375
2013-09-17,304.6499938964844,296.010009765625,297.6300048828125,304.1700134277344,2296500,304.1700134277344
2013-09-18,312.739990234375,302.9100036621094,304.05999755859375,312.0299987792969,2946400,312.0299987792969
2013-09-19,314.5400085449219,311.0400085449219,313.7699890136719,312.05999755859375,2350900,312.05999755859375
2013-09-20,320.57000732421875,312.4100036621094,312.5400085449219,316.3399963378906,5302300,316.3399963378906
2013-09-23,315.8999938964844,308.7699890136719,314.010009765625,311.489990234375,1884900,311.489990234375
2013-09-24,318.0799865722656,311.2799987792969,312.42999267578125,314.1300048828125,2033600,314.1300048828125
2013-09-25,316.7099914550781,310.75,314.5299987792969,312.6499938964844,2008600,312.6499938964844
2013-09-26,319.3699951171875,313.260009765625,313.8999938964844,318.1199951171875,1989900,318.1199951171875
2013-09-27,317.2099914550781,313.3500061035156,316.9200134277344,316.010009765625,1657500,316.010009765625
2013-09-30,315.30999755859375,311.05999755859375,313.4100036621094,312.6400146484375,1623600,312.6400146484375
