Date,High,Low,Open,Close,Volume,Adj Close
2008-05-01,80.01000213623047,77.97000122070312,78.4000015258789,79.36000061035156,7197000,79.36000061035156
2008-05-02,81.19999694824219,76.4000015258789,80.30000305175781,77.30999755859375,8154900,77.30999755859375
2008-05-05,77.7699966430664,75.87000274658203,77.2699966430664,75.91999816894531,5647400,75.91999816894531
2008-05-06,76.7699966430664,75.05000305175781,75.51000213623047,75.70999908447266,6545700,75.70999908447266
2008-05-07,76.63999938964844,73.08999633789062,75.26000213623047,73.18000030517578,8376600,73.18000030517578
2008-05-08,74.16000366210938,71.55999755859375,73.7300033569336,72.79000091552734,8131300,72.79000091552734
2008-05-09,73.33999633789062,71.66000366210938,72.19999694824219,72.41000366210938,4243500,72.41000366210938
2008-05-12,74.93000030517578,71.77999877929688,73.0,74.52999877929688,7215400,74.52999877929688
2008-05-13,74.95999908447266,73.30999755859375,74.56999969482422,74.55999755859375,5020800,74.55999755859375
2008-05-14,75.75,73.9800033569336,74.91999816894531,74.19999694824219,4589200,74.19999694824219
2008-05-15,76.31999969482422,73.55000305175781,73.88999938964844,76.12000274658203,6917700,76.12000274658203
2008-05-16,76.83000183105469,74.86000061035156,76.41999816894531,76.45999908447266,6206700,76.45999908447266
2008-05-19,84.75,78.86000061035156,79.01000213623047,82.29000091552734,18684800,82.29000091552734
2008-05-20,82.69999694824219,80.02999877929688,82.16999816894531,80.72000122070312,7912200,80.72000122070312
2008-05-21,81.1500015258789,77.5,80.37000274658203,78.30000305175781,7070500,78.30000305175781
2008-05-22,79.69000244140625,78.0,78.68000030517578,79.26000213623047,5390600,79.26000213623047
2008-05-23,78.87000274658203,77.43000030517578,78.55000305175781,78.3499984741211,6331900,78.3499984741211
2008-05-27,80.9000015258789,77.97000122070312,78.26000213623047,80.62000274658203,10108200,80.62000274658203
2008-05-28,80.79000091552734,78.98999786376953,80.7300033569336,80.08000183105469,6700600,80.08000183105469
2008-05-29,81.95999908447266,80.16999816894531,80.61000061035156,80.3499984741211,6857600,80.3499984741211
2008-05-30,81.7699966430664,80.30000305175781,80.58000183105469,81.62000274658203,5270600,81.62000274658203
