Date,High,Low,Open,Close,Volume,Adj Close
2008-11-03,57.25,55.02000045776367,56.349998474121094,55.77000045776367,7170100,55.77000045776367
2008-11-04,58.72999954223633,55.220001220703125,57.15999984741211,58.45000076293945,7663800,58.45000076293945
2008-11-05,58.0,51.619998931884766,57.470001220703125,51.97999954223633,11498400,51.97999954223633
2008-11-06,51.040000915527344,46.29999923706055,49.79999923706055,47.220001220703125,15487800,47.220001220703125
2008-11-07,49.790000915527344,47.0099983215332,47.7599983215332,49.209999084472656,7439600,49.209999084472656
2008-11-10,50.68000030517578,46.86000061035156,49.97999954223633,48.459999084472656,8964900,48.459999084472656
2008-11-11,48.060001373291016,44.810001373291016,47.099998474121094,46.29999923706055,9939200,46.29999923706055
2008-11-12,45.439998626708984,40.900001525878906,43.9900016784668,41.560001373291016,14768600,41.560001373291016
2008-11-13,45.0,38.47999954223633,41.400001525878906,44.93000030517578,16935300,44.93000030517578
2008-11-14,44.5,41.5,43.61000061035156,41.75,11949700,41.75
2008-11-17,41.2599983215332,39.06999969482422,39.90999984741211,39.689998626708984,10711800,39.689998626708984
2008-11-18,40.65999984741211,36.08000183105469,39.72999954223633,38.439998626708984,15049200,38.439998626708984
2008-11-19,39.0,35.75,37.970001220703125,35.84000015258789,12521100,35.84000015258789
2008-11-20,39.720001220703125,34.68000030517578,35.290000915527344,35.029998779296875,18423900,35.029998779296875
2008-11-21,39.0,35.720001220703125,36.38999938964844,37.869998931884766,15042700,37.869998931884766
2008-11-24,43.439998626708984,38.70000076293945,38.790000915527344,42.5,14549700,42.5
2008-11-25,42.88999938964844,39.61000061035156,42.09000015258789,42.189998626708984,13015000,42.189998626708984
2008-11-26,44.0,40.290000915527344,40.869998931884766,43.959999084472656,13439700,43.959999084472656
2008-11-28,44.099998474121094,42.220001220703125,44.029998779296875,42.70000076293945,3481000,42.70000076293945
