Date,High,Low,Open,Close,Volume,Adj Close
2009-01-02,54.529998779296875,51.06999969482422,51.349998474121094,54.36000061035156,7296400,54.36000061035156
2009-01-05,55.7400016784668,53.029998779296875,55.72999954223633,54.060001373291016,9509800,54.060001373291016
2009-01-06,58.220001220703125,53.75,54.54999923706055,57.36000061035156,11080100,57.36000061035156
2009-01-07,56.95000076293945,55.349998474121094,56.290000915527344,56.20000076293945,7942700,56.20000076293945
2009-01-08,57.31999969482422,54.58000183105469,54.9900016784668,57.15999984741211,6577900,57.15999984741211
2009-01-09,57.0,54.70000076293945,56.91999816894531,55.5099983215332,6684100,55.5099983215332
2009-01-12,54.29999923706055,50.869998931884766,54.119998931884766,51.91999816894531,9556300,51.91999816894531
2009-01-13,53.290000915527344,50.75,50.959999084472656,51.45000076293945,7883200,51.45000076293945
2009-01-14,50.099998474121094,48.13999938964844,50.099998474121094,48.4900016784668,10442600,48.4900016784668
2009-01-15,52.22999954223633,47.630001068115234,48.560001373291016,51.439998626708984,11617300,51.439998626708984
2009-01-16,52.33000183105469,49.529998779296875,51.79999923706055,51.59000015258789,8258200,51.59000015258789
2009-01-20,51.70000076293945,48.27000045776367,50.75,48.439998626708984,6767200,48.439998626708984
2009-01-21,50.689998626708984,48.25,49.310001373291016,50.540000915527344,5829500,50.540000915527344
2009-01-22,50.880001068115234,48.2599983215332,49.41999816894531,49.939998626708984,7133300,49.939998626708984
2009-01-23,51.41999816894531,48.45000076293945,48.900001525878906,50.630001068115234,5793300,50.630001068115234
2009-01-26,50.88999938964844,48.52000045776367,50.18000030517578,49.630001068115234,7155700,49.630001068115234
2009-01-27,50.41999816894531,47.720001220703125,49.29999923706055,48.439998626708984,8738200,48.439998626708984
2009-01-28,51.4900016784668,48.970001220703125,49.720001220703125,50.36000061035156,8056600,50.36000061035156
2009-01-29,51.849998474121094,49.13999938964844,49.959999084472656,50.0,17966800,50.0
2009-01-30,59.7400016784668,57.2400016784668,57.36000061035156,58.81999969482422,39783100,58.81999969482422
