Date,High,Low,Open,Close,Volume,Adj Close
2018-06-01,1646.72998046875,1635.0899658203125,1637.030029296875,1641.5400390625,3313400,1641.5400390625
2018-06-04,1665.6800537109375,1645.489990234375,1648.9000244140625,1665.27001953125,3187700,1665.27001953125
2018-06-05,1699.0,1670.06005859375,1672.989990234375,1696.3499755859375,4782200,1696.3499755859375
2018-06-06,1714.5,1686.469970703125,1704.510009765625,1695.75,5473200,1695.75
2018-06-07,1699.9000244140625,1676.1099853515625,1698.56005859375,1689.300048828125,3765700,1689.300048828125
2018-06-08,1689.43994140625,1673.010009765625,1681.1199951171875,1683.989990234375,2955100,1683.989990234375
2018-06-11,1694.239990234375,1680.5899658203125,1681.510009765625,1689.1199951171875,2335500,1689.1199951171875
2018-06-12,1699.510009765625,1691.52001953125,1693.0,1698.75,2259200,1698.75
2018-06-13,1713.75,1700.1199951171875,1702.81005859375,1704.8599853515625,3327500,1704.8599853515625
2018-06-14,1724.800048828125,1708.8699951171875,1713.47998046875,1723.8599853515625,3174400,1723.8599853515625
2018-06-15,1720.8699951171875,1708.52001953125,1714.0,1715.969970703125,4777600,1715.969970703125
2018-06-18,1726.739990234375,1702.56005859375,1706.260009765625,1723.7900390625,3107700,1723.7900390625
2018-06-19,1736.1099853515625,1700.3900146484375,1709.0400390625,1734.780029296875,4290100,1734.780029296875
2018-06-20,1762.9300537109375,1741.3599853515625,1742.5,1750.0799560546875,4332600,1750.0799560546875
2018-06-21,1763.0999755859375,1717.56005859375,1760.0,1730.219970703125,4941100,1730.219970703125
2018-06-22,1743.0,1711.9000244140625,1742.6199951171875,1715.6700439453125,4075100,1715.6700439453125
2018-06-25,1705.0,1646.31005859375,1702.510009765625,1663.1500244140625,7511200,1663.1500244140625
2018-06-26,1701.5699462890625,1663.3399658203125,1672.3699951171875,1691.0899658203125,4386600,1691.0899658203125
2018-06-27,1711.949951171875,1660.0,1708.1099853515625,1660.510009765625,4872200,1660.510009765625
2018-06-28,1705.5,1661.1700439453125,1672.5400390625,1701.449951171875,4529700,1701.449951171875
2018-06-29,1723.4100341796875,1694.3199462890625,1717.0,1699.800048828125,4543500,1699.800048828125
