Date,High,Low,Open,Close,Volume,Adj Close
2008-12-01,43.2599983215332,40.380001068115234,42.0,40.470001220703125,11178900,40.470001220703125
2008-12-02,41.709999084472656,38.81999969482422,41.38999938964844,41.189998626708984,8713700,41.189998626708984
2008-12-03,45.880001068115234,40.04999923706055,40.15999984741211,45.209999084472656,15675600,45.209999084472656
2008-12-04,50.5,45.75,45.939998626708984,47.31999969482422,19782300,47.31999969482422
2008-12-05,48.4900016784668,43.29999923706055,45.88999938964844,48.2599983215332,14608800,48.2599983215332
2008-12-08,52.13999938964844,47.36000061035156,49.150001525878906,51.40999984741211,10940700,51.40999984741211
2008-12-09,54.47999954223633,49.70000076293945,49.810001373291016,51.25,13314800,51.25
2008-12-10,51.5,48.34000015258789,51.459999084472656,49.70000076293945,7753800,49.70000076293945
2008-12-11,50.4900016784668,48.16999816894531,49.33000183105469,48.25,7583600,48.25
2008-12-12,51.380001068115234,47.52000045776367,47.52000045776367,51.25,8664800,51.25
2008-12-15,50.95000076293945,48.150001525878906,50.650001525878906,48.849998474121094,7285400,48.849998474121094
2008-12-16,52.959999084472656,49.290000915527344,49.619998931884766,52.630001068115234,8862900,52.630001068115234
2008-12-17,54.77000045776367,51.529998779296875,52.2599983215332,53.18000030517578,9183100,53.18000030517578
2008-12-18,54.849998474121094,51.20000076293945,53.0,52.08000183105469,7518100,52.08000183105469
2008-12-19,52.9900016784668,50.91999816894531,51.59000015258789,51.560001373291016,10963200,51.560001373291016
2008-12-22,52.150001525878906,48.470001220703125,51.599998474121094,49.84000015258789,8925000,49.84000015258789
2008-12-23,51.61000061035156,50.119998931884766,50.119998931884766,51.08000183105469,5845400,51.08000183105469
2008-12-24,51.95000076293945,51.0099983215332,51.65999984741211,51.439998626708984,1645500,51.439998626708984
2008-12-26,53.95000076293945,51.54999923706055,53.790000915527344,51.779998779296875,6847300,51.779998779296875
2008-12-29,51.77000045776367,48.560001373291016,51.43000030517578,49.400001525878906,6507900,49.400001525878906
2008-12-30,51.209999084472656,48.7400016784668,49.5099983215332,50.7599983215332,6601300,50.7599983215332
2008-12-31,51.689998626708984,49.90999984741211,50.7400016784668,51.279998779296875,7792200,51.279998779296875
