Date,High,Low,Open,Close,Volume,Adj Close
2013-06-03,269.1099853515625,262.95001220703125,268.9599914550781,266.8800048828125,2543900,266.8800048828125
2013-06-04,268.8800048828125,263.0199890136719,267.0,265.70001220703125,2088600,265.70001220703125
2013-06-05,271.6600036621094,265.0199890136719,265.80999755859375,267.1700134277344,3512300,267.1700134277344
2013-06-06,270.5,264.2099914550781,267.75,267.8299865722656,2476300,267.8299865722656
2013-06-07,280.1000061035156,269.1300048828125,269.739990234375,276.8699951171875,4632600,276.8699951171875
2013-06-10,282.4700012207031,275.239990234375,276.67999267578125,281.07000732421875,3086500,281.07000732421875
2013-06-11,278.4100036621094,274.239990234375,276.0,274.7799987792969,3097800,274.7799987792969
2013-06-12,276.79998779296875,270.45001220703125,276.6000061035156,271.6700134277344,2238900,271.6700134277344
2013-06-13,276.79998779296875,270.2900085449219,271.5,275.7900085449219,2649800,275.7900085449219
2013-06-14,277.07000732421875,273.44000244140625,275.0,273.989990234375,2150800,273.989990234375
2013-06-17,280.20001220703125,275.6499938964844,276.3500061035156,278.05999755859375,2884000,278.05999755859375
2013-06-18,282.9100036621094,278.1099853515625,279.0799865722656,281.760009765625,2146100,281.760009765625
2013-06-19,283.3399963378906,277.8699951171875,281.260009765625,278.1600036621094,2827500,278.1600036621094
2013-06-20,278.6000061035156,272.3900146484375,275.1400146484375,273.44000244140625,2984000,273.44000244140625
2013-06-21,275.8399963378906,269.7900085449219,274.57000732421875,273.3599853515625,4201000,273.3599853515625
2013-06-24,273.1600036621094,265.0,271.2900085449219,270.6099853515625,3863800,270.6099853515625
2013-06-25,273.4700012207031,269.0,272.29998779296875,272.0899963378906,2449600,272.0899963378906
2013-06-26,277.9800109863281,273.5,273.9800109863281,277.57000732421875,3029500,277.57000732421875
2013-06-27,280.20001220703125,274.5400085449219,279.17999267578125,277.54998779296875,2519500,277.54998779296875
2013-06-28,279.8299865722656,276.19000244140625,276.19000244140625,277.69000244140625,3193300,277.69000244140625
