Date,High,Low,Open,Close,Volume,Adj Close
2016-12-01,753.3699951171875,738.030029296875,752.4099731445312,743.6500244140625,4666000,743.6500244140625
2016-12-02,748.489990234375,736.7000122070312,743.4000244140625,740.3400268554688,3561300,740.3400268554688
2016-12-05,761.489990234375,742.0,745.0,759.3599853515625,4314700,759.3599853515625
2016-12-06,768.239990234375,757.25,763.989990234375,764.719970703125,3794700,764.719970703125
2016-12-07,770.4199829101562,755.8200073242188,764.5499877929688,770.4199829101562,3684900,770.4199829101562
2016-12-08,773.7899780273438,765.1900024414062,771.8699951171875,767.3300170898438,3189600,767.3300170898438
2016-12-09,770.25,765.3400268554688,770.0,768.6599731445312,2470900,768.6599731445312
2016-12-12,766.8900146484375,757.2000122070312,766.4000244140625,760.1199951171875,2963900,760.1199951171875
2016-12-13,782.4600219726562,762.0,764.9600219726562,774.3400268554688,5285300,774.3400268554688
2016-12-14,780.8599853515625,762.8099975585938,778.25,768.8200073242188,5454800,768.8200073242188
2016-12-15,769.0999755859375,760.3099975585938,766.280029296875,761.0,3801900,761.0
2016-12-16,765.1300048828125,754.0,765.0,757.77001953125,4848200,757.77001953125
2016-12-19,770.5,756.1599731445312,758.8900146484375,766.0,3113200,766.0
2016-12-20,774.3900146484375,767.7100219726562,768.6500244140625,771.219970703125,2703600,771.219970703125
2016-12-21,771.219970703125,765.7000122070312,770.0,770.5999755859375,2044600,770.5999755859375
2016-12-22,771.2100219726562,763.02001953125,768.1199951171875,766.3400268554688,2543600,766.3400268554688
2016-12-23,766.5,757.989990234375,764.5499877929688,760.5900268554688,1981600,760.5900268554688
2016-12-27,774.6500244140625,761.2000122070312,763.4000244140625,771.4000244140625,2638700,771.4000244140625
2016-12-28,780.0,770.5,776.25,772.1300048828125,3301000,772.1300048828125
2016-12-29,773.4000244140625,760.8499755859375,772.4000244140625,765.1500244140625,3158300,765.1500244140625
2016-12-30,767.4000244140625,748.280029296875,766.469970703125,749.8699951171875,4139400,749.8699951171875
