Date,High,Low,Open,Close,Volume,Adj Close
2002-04-01,14.800000190734863,14.140000343322754,14.279999732971191,14.800000190734863,4767900,14.800000190734863
2002-04-02,15.09000015258789,14.1899995803833,14.640000343322754,14.25,4771400,14.25
2002-04-03,14.449999809265137,13.600000381469727,14.369999885559082,13.670000076293945,4534100,13.670000076293945
2002-04-04,13.800000190734863,13.229999542236328,13.729999542236328,13.539999961853027,5731700,13.539999961853027
2002-04-05,14.039999961853027,13.3100004196167,13.670000076293945,13.5,4500000,13.5
2002-04-08,13.960000038146973,12.960000038146973,12.970000267028809,13.949999809265137,5277800,13.949999809265137
2002-04-09,14.59000015258789,13.5600004196167,14.069999694824219,13.600000381469727,6459000,13.600000381469727
2002-04-10,14.0,13.050000190734863,13.760000228881836,13.479999542236328,5256700,13.479999542236328
2002-04-11,13.279999732971191,12.520000457763672,13.279999732971191,12.739999771118164,5957600,12.739999771118164
2002-04-12,13.609999656677246,12.850000381469727,12.899999618530273,13.3100004196167,5379100,13.3100004196167
2002-04-15,14.100000381469727,13.350000381469727,13.420000076293945,13.890000343322754,4753700,13.890000343322754
2002-04-16,14.289999961853027,13.720000267028809,14.180000305175781,14.010000228881836,3681000,14.010000228881836
2002-04-17,15.0,14.239999771118164,14.239999771118164,14.819999694824219,7756100,14.819999694824219
2002-04-18,14.859999656677246,13.949999809265137,14.699999809265137,14.260000228881836,3876400,14.260000228881836
2002-04-19,14.739999771118164,14.149999618530273,14.380000114440918,14.529999732971191,3727600,14.529999732971191
2002-04-22,14.850000381469727,14.149999618530273,14.579999923706055,14.3100004196167,5290300,14.3100004196167
2002-04-23,14.75,13.880000114440918,14.350000381469727,14.0600004196167,8076900,14.0600004196167
2002-04-24,16.850000381469727,15.050000190734863,15.229999542236328,16.790000915527344,34459400,16.790000915527344
2002-04-25,17.049999237060547,16.40999984741211,16.510000228881836,16.81999969482422,11730200,16.81999969482422
2002-04-26,16.950000762939453,16.31999969482422,16.860000610351562,16.90999984741211,8135700,16.90999984741211
2002-04-29,17.0,15.899999618530273,16.75,16.18000030517578,8415200,16.18000030517578
2002-04-30,16.760000228881836,15.930000305175781,16.1299991607666,16.690000534057617,6420800,16.690000534057617
