Date,High,Low,Open,Close,Volume,Adj Close
2011-08-01,227.4499969482422,217.66000366210938,225.0,221.32000732421875,5789300,221.32000732421875
2011-08-02,222.42999267578125,211.3000030517578,220.32000732421875,211.6999969482422,6586700,211.6999969482422
2011-08-03,214.8300018310547,205.5399932861328,212.97000122070312,209.9600067138672,8197100,209.9600067138672
2011-08-04,208.0,201.4499969482422,206.72999572753906,201.47999572753906,6579500,201.47999572753906
2011-08-05,207.32000732421875,194.83999633789062,204.6699981689453,202.6999969482422,10024000,202.6999969482422
2011-08-08,200.38999938964844,190.0500030517578,196.39999389648438,193.6999969482422,10427500,193.6999969482422
2011-08-09,205.08999633789062,190.4600067138672,196.6999969482422,205.08999633789062,10491200,205.08999633789062
2011-08-10,202.39999389648438,193.60000610351562,200.75999450683594,194.1300048828125,8757600,194.1300048828125
2011-08-11,200.85000610351562,191.36000061035156,197.00999450683594,198.36000061035156,7401900,198.36000061035156
2011-08-12,204.55999755859375,197.2100067138672,200.27999877929688,202.3000030517578,5620400,202.3000030517578
2011-08-15,205.27999877929688,198.32000732421875,202.05999755859375,202.9499969482422,4785900,202.9499969482422
2011-08-16,201.38999938964844,194.75,201.13999938964844,197.67999267578125,5205900,197.67999267578125
2011-08-17,199.60000610351562,193.74000549316406,198.52999877929688,195.92999267578125,3991100,195.92999267578125
2011-08-18,191.33999633789062,179.72000122070312,191.2100067138672,182.52000427246094,8275200,182.52000427246094
2011-08-19,190.0,177.5500030517578,180.2899932861328,178.92999267578125,7244200,178.92999267578125
2011-08-22,184.1999969482422,177.10000610351562,182.8300018310547,177.5399932861328,5313700,177.5399932861328
2011-08-23,194.83999633789062,178.52000427246094,178.9199981689453,193.5500030517578,7351600,193.5500030517578
2011-08-24,196.30999755859375,190.1699981689453,193.88999938964844,193.72999572753906,6248700,193.72999572753906
2011-08-25,196.99000549316406,191.07000732421875,194.41000366210938,192.02999877929688,3760800,192.02999877929688
2011-08-26,199.72000122070312,189.60000610351562,191.24000549316406,199.27000427246094,5310700,199.27000427246094
2011-08-29,206.6699981689453,202.5500030517578,202.82000732421875,206.52999877929688,4511000,206.52999877929688
2011-08-30,212.49000549316406,204.32000732421875,205.77999877929688,210.9199981689453,5915700,210.9199981689453
2011-08-31,216.1699981689453,211.35000610351562,212.27000427246094,215.22999572753906,7405000,215.22999572753906
