Date,High,Low,Open,Close,Volume,Adj Close
2002-01-02,11.0,10.479999542236328,10.930000305175781,10.960000038146973,6519600,10.960000038146973
2002-01-03,11.9399995803833,11.050000190734863,11.130000114440918,11.899999618530273,10875700,11.899999618530273
2002-01-04,12.399999618530273,11.949999809265137,12.020000457763672,12.25,12687300,12.25
2002-01-07,12.510000228881836,12.079999923706055,12.079999923706055,12.34000015258789,12182900,12.34000015258789
2002-01-08,12.319999694824219,11.75,12.270000457763672,11.850000381469727,6041100,11.850000381469727
2002-01-09,12.170000076293945,11.300000190734863,11.960000038146973,11.529999732971191,10879600,11.529999732971191
2002-01-10,11.670000076293945,10.869999885559082,11.65999984741211,11.039999961853027,8125900,11.039999961853027
2002-01-11,11.34000015258789,10.930000305175781,11.029999732971191,11.029999732971191,4276800,11.029999732971191
2002-01-14,10.829999923706055,10.09000015258789,10.800000190734863,10.109999656677246,5973300,10.109999656677246
2002-01-15,10.420000076293945,10.15999984741211,10.34000015258789,10.289999961853027,5092300,10.289999961853027
2002-01-16,10.010000228881836,9.029999732971191,10.010000228881836,9.130000114440918,15039900,9.130000114440918
2002-01-17,9.850000381469727,9.399999618530273,9.819999694824219,9.739999771118164,16630700,9.739999771118164
2002-01-18,10.550000190734863,9.390000343322754,9.600000381469727,10.15999984741211,11493500,10.15999984741211
2002-01-22,12.789999961853027,12.140000343322754,12.739999771118164,12.600000381469727,56645900,12.600000381469727
2002-01-23,12.600000381469727,11.899999618530273,12.489999771118164,12.470000267028809,18031600,12.470000267028809
2002-01-24,14.0600004196167,12.710000038146973,12.75,14.010000228881836,23468600,14.010000228881836
2002-01-25,15.390000343322754,13.390000343322754,13.5600004196167,14.4399995803833,30276500,14.4399995803833
2002-01-28,15.770000457763672,14.760000228881836,14.859999656677246,15.5,23016000,15.5
2002-01-29,15.550000190734863,13.970000267028809,15.539999961853027,14.220000267028809,20244900,14.220000267028809
2002-01-30,14.25,13.199999809265137,13.979999542236328,13.899999618530273,14751800,13.899999618530273
2002-01-31,14.489999771118164,13.40999984741211,14.119999885559082,14.1899995803833,10485300,14.1899995803833
