Date,High,Low,Open,Close,Volume,Adj Close
2009-07-01,84.5,81.37000274658203,84.41999816894531,81.5999984741211,6981200,81.5999984741211
2009-07-02,81.37000274658203,78.51000213623047,81.11000061035156,79.31999969482422,7218600,79.31999969482422
2009-07-06,78.88999938964844,76.54000091552734,78.44999694824219,78.0999984741211,7368800,78.0999984741211
2009-07-07,78.69000244140625,75.41000366210938,78.52999877929688,75.62999725341797,6491500,75.62999725341797
2009-07-08,77.93000030517578,75.69999694824219,76.45999908447266,77.36000061035156,8540700,77.36000061035156
2009-07-09,78.54000091552734,76.81999969482422,78.25,78.0999984741211,6359500,78.0999984741211
2009-07-10,78.81999969482422,76.16999816894531,77.5199966430664,77.62999725341797,5976100,77.62999725341797
2009-07-13,81.6500015258789,78.01000213623047,78.06999969482422,81.47000122070312,8050200,81.47000122070312
2009-07-14,82.41999816894531,80.41999816894531,81.4800033569336,81.94999694824219,4543600,81.94999694824219
2009-07-15,84.63999938964844,82.77999877929688,83.0,84.55000305175781,6339000,84.55000305175781
2009-07-16,86.23999786376953,83.72000122070312,84.41999816894531,86.11000061035156,5361900,86.11000061035156
2009-07-17,86.5,85.19999694824219,85.80000305175781,85.8499984741211,5051600,85.8499984741211
2009-07-20,88.87999725341797,86.26000213623047,86.2699966430664,88.2300033569336,6056600,88.2300033569336
2009-07-21,89.01000213623047,87.4000015258789,88.5199966430664,89.01000213623047,7728600,89.01000213623047
2009-07-22,89.2300033569336,87.77999877929688,88.6500015258789,88.79000091552734,5329600,88.79000091552734
2009-07-23,94.4000015258789,89.58999633789062,89.83999633789062,93.87000274658203,19162100,93.87000274658203
2009-07-24,88.9000015258789,85.5,87.5999984741211,86.48999786376953,19204600,86.48999786376953
2009-07-27,86.48999786376953,83.55999755859375,86.23999786376953,84.23999786376953,11279300,84.23999786376953
2009-07-28,85.63999938964844,82.5999984741211,83.83999633789062,84.9800033569336,8774900,84.9800033569336
2009-07-29,85.5,83.5199966430664,84.47000122070312,84.33999633789062,6502900,84.33999633789062
2009-07-30,87.25,85.16999816894531,85.63999938964844,86.08999633789062,7253200,86.08999633789062
2009-07-31,86.75,84.62000274658203,85.76000213623047,85.76000213623047,5886900,85.76000213623047
