Date,High,Low,Open,Close,Volume,Adj Close
2000-04-03,65.6875,62.0,65.4375,63.5625,4865400,63.5625
2000-04-04,65.4375,55.75,62.875,63.9375,14318000,63.9375
2000-04-05,64.9375,60.5,61.75,62.1875,4900000,62.1875
2000-04-06,65.5,61.875,63.4375,64.25,6032700,64.25
2000-04-07,68.625,64.125,65.125,67.5625,6052300,67.5625
2000-04-10,68.4375,63.25,67.25,63.375,4523600,63.375
2000-04-11,66.0,61.25,62.5,63.375,4706600,63.375
2000-04-12,64.375,56.25,64.0,56.375,8695500,56.375
2000-04-13,58.75,47.9375,57.875,48.0,10679000,48.0
2000-04-14,52.375,40.8125,47.875,46.875,20074500,46.875
2000-04-17,52.0,44.625,45.25,47.0625,12180900,47.0625
2000-04-18,56.25,47.125,47.625,54.9375,10735000,54.9375
2000-04-19,55.3125,51.6875,55.3125,53.4375,5373800,53.4375
2000-04-20,53.6875,49.875,53.375,52.375,4925300,52.375
2000-04-24,51.5625,44.875,49.375,49.8125,6693300,49.8125
2000-04-25,54.125,50.25,51.8125,52.4375,7150400,52.4375
2000-04-26,57.4375,52.453125,53.3125,53.5,12006400,53.5
2000-04-27,55.25,48.5,49.3125,52.875,11266000,52.875
2000-04-28,55.625,53.125,54.0,55.1875,6833800,55.1875
