Date,High,Low,Open,Close,Volume,Adj Close
2013-10-01,321.0,313.6499938964844,314.2200012207031,320.95001220703125,2396400,320.95001220703125
2013-10-02,321.7300109863281,317.5199890136719,318.0400085449219,320.510009765625,2217400,320.510009765625
2013-10-03,322.9200134277344,313.0199890136719,320.3900146484375,314.760009765625,2674800,314.760009765625
2013-10-04,319.20001220703125,312.6199951171875,315.1300048828125,319.0400085449219,1815000,319.0400085449219
2013-10-07,315.3399963378906,309.739990234375,315.239990234375,310.0299987792969,2083200,310.0299987792969
2013-10-08,311.54998779296875,300.2699890136719,311.5,303.2300109863281,3166200,303.2300109863281
2013-10-09,303.5,296.5,303.4200134277344,298.2300109863281,3247400,298.2300109863281
2013-10-10,306.70001220703125,302.5899963378906,304.6300048828125,305.1700134277344,2555100,305.1700134277344
2013-10-11,310.92999267578125,303.8399963378906,304.7699890136719,310.8900146484375,2163100,310.8900146484375
2013-10-14,311.6499938964844,307.0,309.2200012207031,310.70001220703125,1939100,310.70001220703125
2013-10-15,310.7900085449219,305.260009765625,309.8699951171875,306.3999938964844,2261100,306.3999938964844
2013-10-16,310.79998779296875,305.54998779296875,308.3800048828125,310.489990234375,2170700,310.489990234375
2013-10-17,311.0,305.239990234375,307.07000732421875,310.7699890136719,2648400,310.7699890136719
2013-10-18,331.8900146484375,316.75,319.3599853515625,328.92999267578125,5969800,328.92999267578125
2013-10-21,330.0,323.79998779296875,329.8900146484375,326.44000244140625,2522300,326.44000244140625
2013-10-22,337.1099853515625,325.67999267578125,327.7200012207031,332.5400085449219,3935500,332.5400085449219
2013-10-23,331.7200012207031,324.05999755859375,330.8399963378906,326.760009765625,2818200,326.760009765625
2013-10-24,332.6499938964844,326.75,329.6300048828125,332.2099914550781,5884700,332.2099914550781
2013-10-25,368.3999938964844,352.6199951171875,358.6000061035156,363.3900146484375,12036800,363.3900146484375
2013-10-28,362.75,357.20001220703125,359.9200134277344,358.1600036621094,3635800,358.1600036621094
2013-10-29,362.8900146484375,356.2900085449219,358.9599914550781,362.70001220703125,2185400,362.70001220703125
2013-10-30,365.0,358.6499938964844,362.6199951171875,361.0799865722656,4502200,361.0799865722656
2013-10-31,366.0,359.0,361.7300109863281,364.0299987792969,2466800,364.0299987792969
