Date,High,Low,Open,Close,Volume,Adj Close
2010-08-02,120.37999725341797,117.56999969482422,119.1500015258789,120.06999969482422,5443700,120.06999969482422
2010-08-03,122.87000274658203,119.68000030517578,120.0,122.41999816894531,5953800,122.41999816894531
2010-08-04,128.47000122070312,123.0,123.05999755859375,127.58000183105469,9270800,127.58000183105469
2010-08-05,128.0,125.81999969482422,126.7699966430664,127.83000183105469,4282300,127.83000183105469
2010-08-06,128.39999389648438,125.9000015258789,126.72000122070312,128.32000732421875,5065200,128.32000732421875
2010-08-09,129.92999267578125,127.8499984741211,128.4600067138672,128.8300018310547,5085800,128.8300018310547
2010-08-10,130.0,127.37999725341797,127.94999694824219,130.0,5706900,130.0
2010-08-11,128.1199951171875,125.19999694824219,128.10000610351562,125.88999938964844,5541700,125.88999938964844
2010-08-12,127.0,123.55000305175781,123.76000213623047,126.55999755859375,4367900,126.55999755859375
2010-08-13,127.4800033569336,124.26000213623047,126.05999755859375,124.69000244140625,3976600,124.69000244140625
2010-08-16,127.37000274658203,123.04000091552734,123.61000061035156,126.06999969482422,4024700,126.06999969482422
2010-08-17,129.97999572753906,126.79000091552734,127.33999633789062,128.86000061035156,5044700,128.86000061035156
2010-08-18,130.80999755859375,128.25999450683594,129.25,129.64999389648438,7901500,129.64999389648438
2010-08-19,130.02000427246094,126.81999969482422,129.22000122070312,127.56999969482422,5582500,127.56999969482422
2010-08-20,128.0399932861328,126.0199966430664,127.19999694824219,127.76000213623047,4170100,127.76000213623047
2010-08-23,129.22000122070312,126.5,127.86000061035156,126.5999984741211,3861300,126.5999984741211
2010-08-24,125.44000244140625,123.18000030517578,125.41000366210938,124.52999877929688,5369700,124.52999877929688
2010-08-25,127.37000274658203,123.83000183105469,123.8499984741211,126.8499984741211,5344500,126.8499984741211
2010-08-26,127.58999633789062,124.81999969482422,127.1500015258789,124.86000061035156,4694500,124.86000061035156
2010-08-27,126.63999938964844,122.25,125.45999908447266,126.63999938964844,5080000,126.63999938964844
2010-08-30,126.94999694824219,123.69000244140625,126.02999877929688,123.79000091552734,3426000,123.79000091552734
2010-08-31,125.9000015258789,122.5,122.8499984741211,124.83000183105469,4225600,124.83000183105469
