Date,High,Low,Open,Close,Volume,Adj Close
2015-05-01,425.6400146484375,416.0,423.82000732421875,422.8699951171875,3565800,422.8699951171875
2015-05-04,429.7699890136719,422.4200134277344,424.79998779296875,423.0400085449219,2270400,423.0400085449219
2015-05-05,427.510009765625,421.0199890136719,422.8500061035156,421.19000244140625,2856400,421.19000244140625
2015-05-06,422.7200012207031,414.54998779296875,421.42999267578125,419.1000061035156,2552500,419.1000061035156
2015-05-07,428.5,422.8500061035156,424.1499938964844,426.8800048828125,2766100,426.8800048828125
2015-05-08,435.20001220703125,430.1700134277344,430.75,433.69000244140625,2908800,433.69000244140625
2015-05-11,439.0,431.3699951171875,432.510009765625,432.8500061035156,2393700,432.8500061035156
2015-05-12,433.25,426.7099914550781,431.0799865722656,431.0199890136719,1947800,431.0199890136719
2015-05-13,433.5299987792969,425.79998779296875,429.9800109863281,426.8699951171875,1996300,426.8699951171875
2015-05-14,433.0,427.010009765625,429.45001220703125,432.2799987792969,1888500,432.2799987792969
2015-05-15,430.3999938964844,424.29998779296875,428.0,426.0,4240300,426.0
2015-05-18,427.2699890136719,421.4599914550781,426.0,425.239990234375,2390200,425.239990234375
2015-05-19,428.239990234375,420.6300048828125,424.8699951171875,421.7099914550781,2464200,421.7099914550781
2015-05-20,427.1000061035156,418.3599853515625,420.6000061035156,423.8599853515625,2196200,423.8599853515625
2015-05-21,436.8999938964844,428.0,428.0,431.6300048828125,4121400,431.6300048828125
2015-05-22,432.44000244140625,427.6099853515625,431.54998779296875,427.6300048828125,2020600,427.6300048828125
2015-05-26,427.0,422.0,426.20001220703125,425.4700012207031,2244200,425.4700012207031
2015-05-27,431.8500061035156,425.010009765625,427.45001220703125,431.4200134277344,2231100,431.4200134277344
2015-05-28,431.3500061035156,425.4700012207031,429.7099914550781,426.57000732421875,1912400,426.57000732421875
2015-05-29,432.5,427.2300109863281,427.2300109863281,429.2300109863281,3016100,429.2300109863281
