Date,High,Low,Open,Close,Volume,Adj Close
2011-03-01,173.9600067138672,168.6699981689453,173.52999877929688,169.44000244140625,5847100,169.44000244140625
2011-03-02,173.3000030517578,168.35000610351562,169.08999633789062,172.02000427246094,5185700,172.02000427246094
2011-03-03,174.4600067138672,172.0500030517578,173.7100067138672,172.7899932861328,4138200,172.7899932861328
2011-03-04,172.75,169.50999450683594,172.6199951171875,171.6699981689453,4924300,171.6699981689453
2011-03-07,172.08999633789062,166.24000549316406,171.9199981689453,169.0800018310547,5932900,169.0800018310547
2011-03-08,169.7100067138672,166.72000122070312,169.38999938964844,166.88999938964844,4219000,166.88999938964844
2011-03-09,169.75,163.89999389648438,166.6699981689453,169.0500030517578,7108900,169.0500030517578
2011-03-10,168.47000122070312,164.82000732421875,167.07000732421875,166.13999938964844,5998400,166.13999938964844
2011-03-11,169.1999969482422,164.1199951171875,165.5,168.07000732421875,4609900,168.07000732421875
2011-03-14,168.0800018310547,164.57000732421875,166.60000610351562,166.72999572753906,4022000,166.72999572753906
2011-03-15,166.8800048828125,160.75999450683594,161.38999938964844,165.0800018310547,4934500,165.0800018310547
2011-03-16,168.13999938964844,162.8699951171875,164.6999969482422,164.6999969482422,5208100,164.6999969482422
2011-03-17,166.3000030517578,160.77999877929688,165.91000366210938,160.97000122070312,6471400,160.97000122070312
2011-03-18,163.5399932861328,160.58999633789062,161.19000244140625,161.82000732421875,7442700,161.82000732421875
2011-03-21,165.7899932861328,161.72000122070312,163.3699951171875,164.52000427246094,4055100,164.52000427246094
2011-03-22,164.44000244140625,162.25,164.07000732421875,162.60000610351562,3611400,162.60000610351562
2011-03-23,166.25999450683594,160.82000732421875,162.3000030517578,165.32000732421875,4721300,165.32000732421875
2011-03-24,172.0,167.36000061035156,168.2100067138672,171.10000610351562,6283200,171.10000610351562
2011-03-25,173.49000549316406,170.3000030517578,171.63999938964844,170.97999572753906,4293800,170.97999572753906
2011-03-28,172.5,169.25,171.8000030517578,169.35000610351562,3400800,169.35000610351562
2011-03-29,174.83999633789062,170.07000732421875,170.72999572753906,174.6199951171875,4884600,174.6199951171875
2011-03-30,181.16000366210938,177.66000366210938,177.77999877929688,179.4199981689453,6859300,179.4199981689453
2011-03-31,181.57000732421875,178.5,179.30999755859375,180.1300048828125,4826500,180.1300048828125
