Date,High,Low,Open,Close,Volume,Adj Close
2003-11-03,56.79999923706055,54.310001373291016,54.79999923706055,56.7400016784668,9131100,56.7400016784668
2003-11-04,57.4900016784668,56.060001373291016,56.70000076293945,56.86000061035156,7009500,56.86000061035156
2003-11-05,56.9900016784668,56.08000183105469,56.130001068115234,56.7400016784668,5307400,56.7400016784668
2003-11-06,56.869998931884766,54.75,56.810001373291016,54.9900016784668,8791800,54.9900016784668
2003-11-07,55.70000076293945,54.0,55.61000061035156,54.310001373291016,8500400,54.310001373291016
2003-11-10,54.0,51.7400016784668,53.95000076293945,51.97999954223633,9120500,51.97999954223633
2003-11-11,52.75,50.7599983215332,51.84000015258789,52.22999954223633,10920100,52.22999954223633
2003-11-12,54.290000915527344,52.11000061035156,52.56999969482422,54.130001068115234,9259300,54.130001068115234
2003-11-13,55.130001068115234,53.56999969482422,54.040000915527344,54.79999923706055,7073000,54.79999923706055
2003-11-14,54.779998779296875,52.209999084472656,54.43000030517578,52.45000076293945,8365300,52.45000076293945
2003-11-17,52.189998626708984,49.58000183105469,51.91999816894531,50.36000061035156,12996900,50.36000061035156
2003-11-18,50.97999954223633,48.45000076293945,50.72999954223633,48.5,12600200,48.5
2003-11-19,49.849998474121094,47.66999816894531,48.709999084472656,49.529998779296875,14079000,49.529998779296875
2003-11-20,50.459999084472656,48.34000015258789,49.099998474121094,48.849998474121094,12337600,48.849998474121094
2003-11-21,49.20000076293945,47.7599983215332,49.0,48.58000183105469,9193400,48.58000183105469
2003-11-24,51.45000076293945,48.650001525878906,49.279998779296875,51.33000183105469,10631500,51.33000183105469
2003-11-25,53.29999923706055,51.25,51.349998474121094,52.470001220703125,13771300,52.470001220703125
2003-11-26,53.540000915527344,51.869998931884766,52.83000183105469,52.959999084472656,8907700,52.959999084472656
2003-11-28,54.060001373291016,52.83000183105469,52.84000015258789,53.970001220703125,3983000,53.970001220703125
