Date,High,Low,Open,Close,Volume,Adj Close
2018-12-03,1778.3399658203125,1730.0,1769.4599609375,1772.3599853515625,6862300,1772.3599853515625
2018-12-04,1770.3399658203125,1665.0,1756.0,1668.4000244140625,8694500,1668.4000244140625
2018-12-06,1701.050048828125,1609.8499755859375,1614.8699951171875,1699.18994140625,8789400,1699.18994140625
2018-12-07,1718.9300537109375,1625.4599609375,1705.0699462890625,1629.1300048828125,7576100,1629.1300048828125
2018-12-10,1657.989990234375,1590.8699951171875,1623.8399658203125,1641.030029296875,7494800,1641.030029296875
2018-12-11,1679.469970703125,1619.5999755859375,1678.0,1643.239990234375,6244700,1643.239990234375
2018-12-12,1704.989990234375,1660.27001953125,1669.0,1663.5400390625,6598000,1663.5400390625
2018-12-13,1692.1199951171875,1641.5,1680.0,1658.3800048828125,5271300,1658.3800048828125
2018-12-14,1642.5699462890625,1585.0,1638.0,1591.9100341796875,6367200,1591.9100341796875
2018-12-17,1576.1300048828125,1505.010009765625,1566.0,1520.9100341796875,8829800,1520.9100341796875
2018-12-18,1567.550048828125,1523.010009765625,1540.0,1551.47998046875,6523000,1551.47998046875
2018-12-19,1584.530029296875,1483.1800537109375,1543.050048828125,1495.0799560546875,8792200,1495.0799560546875
2018-12-20,1509.5,1432.68994140625,1484.0,1460.8299560546875,9991800,1460.8299560546875
2018-12-21,1480.0,1363.9599609375,1464.989990234375,1377.449951171875,13640300,1377.449951171875
2018-12-24,1396.030029296875,1307.0,1346.0,1343.9599609375,7220000,1343.9599609375
2018-12-26,1473.1600341796875,1363.010009765625,1368.8900146484375,1470.9000244140625,10411800,1470.9000244140625
2018-12-27,1469.0,1390.31005859375,1454.199951171875,1461.6400146484375,9722000,1461.6400146484375
2018-12-28,1513.469970703125,1449.0,1473.3499755859375,1478.02001953125,8829000,1478.02001953125
2018-12-31,1520.760009765625,1487.0,1510.800048828125,1501.969970703125,6954500,1501.969970703125
