Date,High,Low,Open,Close,Volume,Adj Close
2005-01-03,45.439998626708984,44.209999084472656,44.95000076293945,44.52000045776367,10446500,44.52000045776367
2005-01-04,43.2599983215332,41.5,42.66999816894531,42.13999938964844,19418500,42.13999938964844
2005-01-05,42.7599983215332,41.560001373291016,41.56999969482422,41.77000045776367,8354200,41.77000045776367
2005-01-06,42.25,40.900001525878906,41.810001373291016,41.04999923706055,8700900,41.04999923706055
2005-01-07,42.689998626708984,41.15999984741211,41.380001068115234,42.31999969482422,9836600,42.31999969482422
2005-01-10,42.959999084472656,41.709999084472656,41.939998626708984,41.84000015258789,7347900,41.84000015258789
2005-01-11,42.15999984741211,41.0099983215332,41.400001525878906,41.63999938964844,7920300,41.63999938964844
2005-01-12,42.47999954223633,40.81999969482422,41.4900016784668,42.29999923706055,8072300,42.29999923706055
2005-01-13,44.58000183105469,42.34000015258789,42.45000076293945,42.599998474121094,17393600,42.599998474121094
2005-01-14,44.65999984741211,42.36000061035156,42.900001525878906,44.54999923706055,12533000,44.54999923706055
2005-01-18,45.0,44.150001525878906,44.290000915527344,44.58000183105469,7131600,44.58000183105469
2005-01-19,44.7400016784668,43.43000030517578,44.470001220703125,43.959999084472656,7396700,43.959999084472656
2005-01-20,43.959999084472656,41.63999938964844,41.709999084472656,42.36000061035156,12830600,42.36000061035156
2005-01-21,42.54999923706055,41.02000045776367,41.9900016784668,41.15999984741211,10602700,41.15999984741211
2005-01-24,41.95000076293945,40.310001373291016,41.439998626708984,40.380001068115234,9695900,40.380001068115234
2005-01-25,41.439998626708984,40.45000076293945,40.63999938964844,40.939998626708984,9027900,40.939998626708984
2005-01-26,41.79999923706055,40.2599983215332,41.18000030517578,41.34000015258789,7714900,41.34000015258789
2005-01-27,42.400001525878906,41.13999938964844,41.27000045776367,42.310001373291016,8038400,42.310001373291016
2005-01-28,43.0,41.529998779296875,42.09000015258789,42.220001220703125,6152400,42.220001220703125
2005-01-31,43.41999816894531,42.43000030517578,42.439998626708984,43.220001220703125,6320300,43.220001220703125
