Date,High,Low,Open,Close,Volume,Adj Close
2005-11-01,40.7400016784668,39.650001525878906,39.970001220703125,40.369998931884766,5383000,40.369998931884766
2005-11-02,41.22999954223633,39.79999923706055,40.290000915527344,40.75,4861800,40.75
2005-11-03,42.0,40.849998474121094,40.88999938964844,41.560001373291016,7000000,41.560001373291016
2005-11-04,41.79999923706055,40.90999984741211,41.4900016784668,41.09000015258789,4445400,41.09000015258789
2005-11-07,41.470001220703125,40.54999923706055,41.08000183105469,41.38999938964844,3386100,41.38999938964844
2005-11-08,42.11000061035156,41.029998779296875,41.33000183105469,41.95000076293945,4950800,41.95000076293945
2005-11-09,42.0,41.279998779296875,41.790000915527344,41.400001525878906,3471600,41.400001525878906
2005-11-10,42.45000076293945,40.86000061035156,41.470001220703125,42.18000030517578,5585500,42.18000030517578
2005-11-11,43.040000915527344,42.25,42.369998931884766,42.68000030517578,3982200,42.68000030517578
2005-11-14,43.0,42.34000015258789,42.52000045776367,42.529998779296875,3103100,42.529998779296875
2005-11-15,45.650001525878906,44.43000030517578,45.459999084472656,44.45000076293945,21277900,44.45000076293945
2005-11-16,45.400001525878906,44.2400016784668,44.27000045776367,45.29999923706055,7967000,45.29999923706055
2005-11-17,46.7599983215332,45.36000061035156,45.43000030517578,46.7400016784668,11687600,46.7400016784668
2005-11-18,48.0,46.65999984741211,46.900001525878906,47.97999954223633,59332800,47.97999954223633
2005-11-21,48.310001373291016,47.279998779296875,47.56999969482422,47.9900016784668,17869900,47.9900016784668
2005-11-22,49.0099983215332,47.34000015258789,47.5,48.849998474121094,12990700,48.849998474121094
2005-11-23,48.959999084472656,48.09000015258789,48.77000045776367,48.2400016784668,7483200,48.2400016784668
2005-11-25,48.47999954223633,47.619998931884766,48.04999923706055,48.060001373291016,2695800,48.060001373291016
2005-11-28,49.119998931884766,47.619998931884766,48.150001525878906,48.349998474121094,10670900,48.349998474121094
2005-11-29,49.43000030517578,48.119998931884766,48.310001373291016,48.54999923706055,10384400,48.54999923706055
2005-11-30,48.68000030517578,47.54999923706055,48.47999954223633,48.459999084472656,7925600,48.459999084472656
