Date,High,Low,Open,Close,Volume,Adj Close
2000-08-01,32.25,30.25,30.625,30.25,8156400,30.25
2000-08-02,32.0,30.21875,30.25,30.8125,4952900,30.8125
2000-08-03,31.75,29.3125,29.4375,31.5,5144100,31.5
2000-08-04,34.1875,31.5,31.9375,32.5,4871100,32.5
2000-08-07,34.25,31.625,32.0,33.8125,4403100,33.8125
2000-08-08,33.375,32.4375,33.25,32.9375,5050600,32.9375
2000-08-09,32.375,30.375,32.375,30.875,8874400,30.875
2000-08-10,31.75,29.75,31.5,30.4375,6073000,30.4375
2000-08-11,34.0,30.3125,30.5,33.6875,9116200,33.6875
2000-08-14,35.1875,32.6875,33.5,34.875,6217200,34.875
2000-08-15,38.3125,34.375,34.625,37.5625,8497200,37.5625
2000-08-16,39.875,37.53125,37.5625,38.625,9833200,38.625
2000-08-17,39.0625,36.875,38.0,38.25,4974100,38.25
2000-08-18,40.125,38.9375,39.25,39.0,7371100,39.0
2000-08-21,39.875,36.5,39.09375,37.5,4037500,37.5
2000-08-22,38.1875,36.0625,38.125,36.5,3508200,36.5
2000-08-23,39.5,35.0,36.375,38.8125,4721300,38.8125
2000-08-24,40.5,38.8125,39.5625,39.375,4719000,39.375
2000-08-25,40.0625,38.5625,39.125,39.9375,2708600,39.9375
2000-08-28,42.5,38.5625,38.8125,39.125,9178500,39.125
2000-08-29,40.875,38.875,39.5,39.625,4521100,39.625
2000-08-30,43.96875,42.0,42.375,42.9375,12919600,42.9375
2000-08-31,43.1875,41.4375,43.125,41.5,4616300,41.5
