Date,High,Low,Open,Close,Volume,Adj Close
2010-11-01,164.5800018310547,161.52000427246094,164.4499969482422,162.5800018310547,5239900,162.5800018310547
2010-11-02,165.94000244140625,163.36000061035156,163.75,164.61000061035156,4260000,164.61000061035156
2010-11-03,168.61000061035156,162.2899932861328,165.39999389648438,168.47000122070312,6112100,168.47000122070312
2010-11-04,172.52999877929688,168.39999389648438,169.86000061035156,168.92999267578125,7395900,168.92999267578125
2010-11-05,171.64999389648438,168.58999633789062,169.35000610351562,170.77000427246094,5212200,170.77000427246094
2010-11-08,173.1999969482422,168.77999877929688,170.83999633789062,171.99000549316406,5706000,171.99000549316406
2010-11-09,173.13999938964844,169.05999755859375,172.6699981689453,170.27000427246094,3978600,170.27000427246094
2010-11-10,173.3699951171875,169.41000366210938,170.58999633789062,173.3300018310547,5440300,173.3300018310547
2010-11-11,172.0500030517578,169.4199981689453,171.0,170.3699951171875,5691700,170.3699951171875
2010-11-12,171.25999450683594,165.0500030517578,170.1199951171875,165.67999267578125,7160600,165.67999267578125
2010-11-15,165.35000610351562,158.55999755859375,165.16000366210938,158.89999389648438,9648600,158.89999389648438
2010-11-16,160.91000366210938,156.77000427246094,158.74000549316406,157.77999877929688,6571400,157.77999877929688
2010-11-17,160.85000610351562,157.5500030517578,157.83999633789062,158.35000610351562,4524900,158.35000610351562
2010-11-18,165.0,160.74000549316406,160.74000549316406,164.1699981689453,6225300,164.1699981689453
2010-11-19,164.99000549316406,162.83999633789062,163.9499969482422,164.82000732421875,4464800,164.82000732421875
2010-11-22,170.60000610351562,165.0,165.10000610351562,170.38999938964844,6142500,170.38999938964844
2010-11-23,168.80999755859375,164.6199951171875,168.61000061035156,168.1999969482422,6465300,168.1999969482422
2010-11-24,177.88999938964844,171.52999877929688,171.52999877929688,177.25,10042500,177.25
2010-11-26,178.3800048828125,176.16000366210938,177.36000061035156,177.1999969482422,4271600,177.1999969482422
2010-11-29,181.83999633789062,177.57000732421875,179.99000549316406,179.49000549316406,9695000,179.49000549316406
2010-11-30,177.6999969482422,174.89999389648438,176.9499969482422,175.39999389648438,6762200,175.39999389648438
