Date,High,Low,Open,Close,Volume,Adj Close
2004-09-01,39.0099983215332,38.02000045776367,38.22999954223633,38.2400016784668,5252500,38.2400016784668
2004-09-02,39.63999938964844,37.90999984741211,38.040000915527344,39.18000030517578,5722300,39.18000030517578
2004-09-03,40.0099983215332,38.63999938964844,39.0099983215332,38.7400016784668,5228900,38.7400016784668
2004-09-07,39.36000061035156,38.11000061035156,39.150001525878906,38.5099983215332,5833000,38.5099983215332
2004-09-08,38.810001373291016,37.709999084472656,38.4900016784668,38.0099983215332,6611300,38.0099983215332
2004-09-09,38.310001373291016,37.36000061035156,38.2400016784668,38.06999969482422,6956700,38.06999969482422
2004-09-10,38.79999923706055,37.900001525878906,38.130001068115234,38.56999969482422,4634500,38.56999969482422
2004-09-13,40.040000915527344,38.81999969482422,39.130001068115234,40.0099983215332,8065200,40.0099983215332
2004-09-14,42.75,39.900001525878906,40.20000076293945,42.66999816894531,15872100,42.66999816894531
2004-09-15,43.18000030517578,41.869998931884766,42.04999923706055,42.209999084472656,11135800,42.209999084472656
2004-09-16,44.279998779296875,42.349998474121094,42.38999938964844,42.56999969482422,11596600,42.56999969482422
2004-09-17,43.2599983215332,42.38999938964844,42.849998474121094,42.959999084472656,7884200,42.959999084472656
2004-09-20,43.9900016784668,42.61000061035156,42.709999084472656,43.27000045776367,9222400,43.27000045776367
2004-09-21,43.77000045776367,42.77000045776367,43.56999969482422,43.290000915527344,6695500,43.290000915527344
2004-09-22,43.2400016784668,41.16999816894531,43.150001525878906,41.380001068115234,12216800,41.380001068115234
2004-09-23,42.20000076293945,41.11000061035156,41.33000183105469,41.83000183105469,7411000,41.83000183105469
2004-09-24,41.90999984741211,40.849998474121094,41.810001373291016,40.939998626708984,6205700,40.939998626708984
2004-09-27,41.0099983215332,39.75,40.90999984741211,39.93000030517578,8397400,39.93000030517578
2004-09-28,40.33000183105469,38.970001220703125,40.150001525878906,39.43000030517578,11902900,39.43000030517578
2004-09-29,40.91999816894531,39.36000061035156,39.45000076293945,40.84000015258789,9918800,40.84000015258789
2004-09-30,41.279998779296875,40.209999084472656,40.54999923706055,40.86000061035156,9413300,40.86000061035156
