Date,High,Low,Open,Close,Volume,Adj Close
2015-12-01,681.0,667.8599853515625,673.75,679.0599975585938,4751200,679.0599975585938
2015-12-02,684.8200073242188,674.25,681.0,676.010009765625,4273500,676.010009765625
2015-12-03,682.7899780273438,661.47998046875,679.4400024414062,666.25,5064700,666.25
2015-12-04,674.780029296875,661.4000244140625,666.0,672.6400146484375,4534800,672.6400146484375
2015-12-07,675.4600219726562,660.5,674.739990234375,669.8300170898438,3732800,669.8300170898438
2015-12-08,679.989990234375,659.7899780273438,663.1300048828125,677.3300170898438,3651900,677.3300170898438
2015-12-09,679.0,655.6799926757812,678.0,664.7899780273438,5158200,664.7899780273438
2015-12-10,668.530029296875,659.5599975585938,665.5900268554688,662.3200073242188,3455500,662.3200073242188
2015-12-11,657.8800048828125,639.6199951171875,651.22998046875,640.1500244140625,5474400,640.1500244140625
2015-12-14,658.5900268554688,635.27001953125,641.75,657.9099731445312,4329700,657.9099731445312
2015-12-15,671.5,657.3499755859375,665.030029296875,658.6400146484375,4753400,658.6400146484375
2015-12-16,677.3499755859375,659.3200073242188,663.5599975585938,675.77001953125,3964500,675.77001953125
2015-12-17,682.5,670.6500244140625,680.0,670.6500244140625,3681600,670.6500244140625
2015-12-18,676.8400268554688,664.1300048828125,668.6500244140625,664.1400146484375,6841300,664.1400146484375
2015-12-21,669.9000244140625,658.9299926757812,668.5,664.510009765625,3250900,664.510009765625
2015-12-22,668.489990234375,659.260009765625,666.8300170898438,663.1500244140625,2667800,663.1500244140625
2015-12-23,666.5999755859375,656.6300048828125,666.5,663.7000122070312,2722900,663.7000122070312
2015-12-24,664.6799926757812,660.5999755859375,663.3499755859375,662.7899780273438,1091200,662.7899780273438
2015-12-28,675.5,665.5,665.5599975585938,675.2000122070312,3783600,675.2000122070312
2015-12-29,696.4400024414062,677.8900146484375,677.97998046875,693.969970703125,5735000,693.969970703125
2015-12-30,695.489990234375,686.3800048828125,691.8900146484375,689.0700073242188,3519000,689.0700073242188
2015-12-31,687.75,675.8900146484375,686.0800170898438,675.8900146484375,3749600,675.8900146484375
