Date,High,Low,Open,Close,Volume,Adj Close
2006-10-02,32.029998779296875,30.829999923706055,31.979999542236328,30.8700008392334,6815000,30.8700008392334
2006-10-03,32.0,30.579999923706055,30.899999618530273,31.700000762939453,8034000,31.700000762939453
2006-10-04,32.83000183105469,31.299999237060547,31.75,32.7599983215332,7064800,32.7599983215332
2006-10-05,33.400001525878906,32.400001525878906,32.68000030517578,33.31999969482422,8455900,33.31999969482422
2006-10-06,33.220001220703125,32.5,33.150001525878906,32.59000015258789,4219200,32.59000015258789
2006-10-09,33.47999954223633,32.45000076293945,32.4900016784668,33.380001068115234,5289200,33.380001068115234
2006-10-10,33.58000183105469,32.4900016784668,33.27000045776367,32.619998931884766,6333400,32.619998931884766
2006-10-11,33.150001525878906,32.27000045776367,32.61000061035156,32.90999984741211,6728500,32.90999984741211
2006-10-12,33.709999084472656,32.630001068115234,33.099998474121094,33.54999923706055,5989700,33.54999923706055
2006-10-13,33.58000183105469,33.08000183105469,33.349998474121094,33.31999969482422,4067300,33.31999969482422
2006-10-16,33.20000076293945,32.54999923706055,32.849998474121094,32.599998474121094,6769400,32.599998474121094
2006-10-17,32.61000061035156,31.75,32.20000076293945,32.470001220703125,6635700,32.470001220703125
2006-10-18,32.779998779296875,32.0,32.56999969482422,32.310001373291016,5349300,32.310001373291016
2006-10-19,32.84000015258789,32.099998474121094,32.16999816894531,32.540000915527344,4037600,32.540000915527344
2006-10-20,32.689998626708984,32.209999084472656,32.689998626708984,32.56999969482422,5839400,32.56999969482422
2006-10-23,32.90999984741211,32.13999938964844,32.470001220703125,32.880001068115234,8059300,32.880001068115234
2006-10-24,38.0,32.86000061035156,32.869998931884766,33.630001068115234,23155300,33.630001068115234
2006-10-25,37.97999954223633,36.040000915527344,37.29999923706055,37.68000030517578,46522500,37.68000030517578
2006-10-26,38.4900016784668,37.18000030517578,37.25,38.29999923706055,17073300,38.29999923706055
2006-10-27,38.380001068115234,37.65999984741211,38.150001525878906,38.2400016784668,9953400,38.2400016784668
2006-10-30,38.34000015258789,37.68000030517578,38.04999923706055,38.150001525878906,6882400,38.150001525878906
2006-10-31,38.59000015258789,37.79999923706055,38.220001220703125,38.09000015258789,6210400,38.09000015258789
