Date,High,Low,Open,Close,Volume,Adj Close
2009-04-01,75.08999633789062,71.70999908447266,73.0199966430664,73.5,7041400,73.5
2009-04-02,77.23999786376953,73.44000244140625,73.62999725341797,76.33999633789062,11066900,76.33999633789062
2009-04-03,78.31999969482422,75.5,76.41999816894531,78.16999816894531,5809900,78.16999816894531
2009-04-06,78.36000061035156,76.0,77.26000213623047,77.98999786376953,5751300,77.98999786376953
2009-04-07,77.08000183105469,74.87999725341797,76.97000122070312,75.51000213623047,5748800,75.51000213623047
2009-04-08,77.11000061035156,74.56999969482422,75.93000030517578,76.9800033569336,5653000,76.9800033569336
2009-04-09,80.0,77.26000213623047,77.51000213623047,79.7699966430664,7082300,79.7699966430664
2009-04-13,79.97000122070312,77.8499984741211,79.83999633789062,78.94000244140625,6212200,78.94000244140625
2009-04-14,79.45999908447266,76.94000244140625,78.0,77.22000122070312,6160400,77.22000122070312
2009-04-15,75.80999755859375,73.51000213623047,75.5,74.70999908447266,9412800,74.70999908447266
2009-04-16,77.4800033569336,75.16000366210938,75.33000183105469,77.25,7467800,77.25
2009-04-17,78.72000122070312,75.87999725341797,76.77999877929688,78.05000305175781,7426000,78.05000305175781
2009-04-20,79.79000091552734,76.83000183105469,78.44000244140625,77.56999969482422,8686900,77.56999969482422
2009-04-21,79.0999984741211,77.29000091552734,77.33000183105469,78.73999786376953,7162200,78.73999786376953
2009-04-22,82.18000030517578,77.80999755859375,78.16999816894531,79.19999694824219,8775500,79.19999694824219
2009-04-23,82.05999755859375,79.08000183105469,81.33000183105469,80.61000061035156,16187700,80.61000061035156
2009-04-24,86.68000030517578,80.7300033569336,82.02999877929688,84.45999908447266,23484300,84.45999908447266
2009-04-27,84.9800033569336,82.20999908447266,83.87999725341797,83.12000274658203,9705900,83.12000274658203
2009-04-28,85.3499984741211,82.4000015258789,82.68000030517578,82.4000015258789,7924000,82.4000015258789
2009-04-29,82.98999786376953,79.26000213623047,82.98999786376953,79.79000091552734,9735100,79.79000091552734
2009-04-30,82.66999816894531,79.88999938964844,80.93000030517578,80.5199966430664,8537600,80.5199966430664
