Date,High,Low,Open,Close,Volume,Adj Close
2003-10-01,49.279998779296875,47.5099983215332,48.369998931884766,49.119998931884766,12563800,49.119998931884766
2003-10-02,50.20000076293945,48.68000030517578,48.939998626708984,50.09000015258789,8219900,50.09000015258789
2003-10-03,53.220001220703125,51.029998779296875,51.130001068115234,52.88999938964844,14175600,52.88999938964844
2003-10-06,54.2400016784668,52.59000015258789,52.88999938964844,54.150001525878906,7773100,54.150001525878906
2003-10-07,56.25,53.95000076293945,54.0,54.90999984741211,20299900,54.90999984741211
2003-10-08,56.279998779296875,55.119998931884766,55.439998626708984,55.70000076293945,13558000,55.70000076293945
2003-10-09,59.099998474121094,57.400001525878906,57.40999984741211,57.86000061035156,21606900,57.86000061035156
2003-10-10,58.33000183105469,57.439998626708984,57.70000076293945,58.060001373291016,11435400,58.060001373291016
2003-10-13,58.689998626708984,57.439998626708984,57.939998626708984,58.29999923706055,8329000,58.29999923706055
2003-10-14,59.97999954223633,57.79999923706055,58.099998474121094,59.90999984741211,9986600,59.90999984741211
2003-10-15,60.40999984741211,58.43000030517578,60.38999938964844,58.54999923706055,10228900,58.54999923706055
2003-10-16,59.90999984741211,58.09000015258789,58.15999984741211,59.90999984741211,10211100,59.90999984741211
2003-10-17,59.900001525878906,58.650001525878906,59.29999923706055,59.689998626708984,11932900,59.689998626708984
2003-10-20,60.2400016784668,58.91999816894531,59.560001373291016,59.59000015258789,11086100,59.59000015258789
2003-10-21,61.150001525878906,59.0099983215332,59.72999954223633,59.349998474121094,17114900,59.349998474121094
2003-10-22,56.150001525878906,53.72999954223633,56.04999923706055,54.029998779296875,32701900,54.029998779296875
2003-10-23,54.52000045776367,52.90999984741211,52.97999954223633,54.31999969482422,14611700,54.31999969482422
2003-10-24,54.939998626708984,53.0,54.54999923706055,54.5099983215332,10438200,54.5099983215332
2003-10-27,55.25,54.5,54.900001525878906,54.81999969482422,6391900,54.81999969482422
2003-10-28,56.900001525878906,54.54999923706055,55.189998626708984,56.72999954223633,9230900,56.72999954223633
2003-10-29,57.150001525878906,56.0,56.650001525878906,56.689998626708984,8776500,56.689998626708984
2003-10-30,57.52000045776367,55.56999969482422,57.400001525878906,55.83000183105469,9825400,55.83000183105469
2003-10-31,56.130001068115234,54.380001068115234,55.900001525878906,54.43000030517578,7726700,54.43000030517578
