Date,High,Low,Open,Close,Volume,Adj Close
2003-02-03,22.440000534057617,21.81999969482422,21.940000534057617,22.15999984741211,5195500,22.15999984741211
2003-02-04,22.139999389648438,21.56999969482422,21.940000534057617,22.049999237060547,4817600,22.049999237060547
2003-02-05,22.5,22.030000686645508,22.18000030517578,22.170000076293945,5343100,22.170000076293945
2003-02-06,22.479999542236328,21.93000030517578,22.15999984741211,22.09000015258789,4037700,22.09000015258789
2003-02-07,22.110000610351562,21.200000762939453,22.100000381469727,21.440000534057617,6942900,21.440000534057617
2003-02-10,21.40999984741211,20.56999969482422,21.399999618530273,21.399999618530273,8096500,21.399999618530273
2003-02-11,21.600000381469727,20.690000534057617,21.559999465942383,20.780000686645508,6679000,20.780000686645508
2003-02-12,21.200000762939453,20.65999984741211,20.790000915527344,21.1299991607666,5433900,21.1299991607666
2003-02-13,21.0,19.610000610351562,20.950000762939453,20.059999465942383,11576800,20.059999465942383
2003-02-14,20.229999542236328,19.709999084472656,19.989999771118164,20.059999465942383,6625300,20.059999465942383
2003-02-18,21.40999984741211,20.149999618530273,20.149999618530273,21.389999389648438,7899900,21.389999389648438
2003-02-19,21.25,21.020000457763672,21.149999618530273,21.190000534057617,5470800,21.190000534057617
2003-02-20,21.5,21.09000015258789,21.190000534057617,21.360000610351562,4169800,21.360000610351562
2003-02-21,21.829999923706055,21.040000915527344,21.350000381469727,21.780000686645508,7207800,21.780000686645508
2003-02-24,22.18000030517578,21.639999389648438,21.639999389648438,21.780000686645508,6936600,21.780000686645508
2003-02-25,22.0,21.399999618530273,21.5,21.8799991607666,5624000,21.8799991607666
2003-02-26,21.979999542236328,21.6200008392334,21.6299991607666,21.639999389648438,4121300,21.639999389648438
2003-02-27,21.770000457763672,20.25,21.65999984741211,21.6200008392334,5076300,21.6200008392334
2003-02-28,22.020000457763672,21.43000030517578,21.56999969482422,22.010000228881836,4687100,22.010000228881836
