Date,High,Low,Open,Close,Volume,Adj Close
2012-02-01,179.9499969482422,172.0,173.80999755859375,179.4600067138672,21336600,179.4600067138672
2012-02-02,181.94000244140625,176.8000030517578,179.64999389648438,181.72000122070312,8736300,181.72000122070312
2012-02-03,187.89999389648438,181.88999938964844,182.8300018310547,187.67999267578125,8120500,187.67999267578125
2012-02-06,186.55999755859375,182.9199981689453,186.27999877929688,183.13999938964844,5310000,183.13999938964844
2012-02-07,184.94000244140625,182.05999755859375,182.64999389648438,184.19000244140625,5103900,184.19000244140625
2012-02-08,186.49000549316406,182.91000366210938,184.9499969482422,185.47999572753906,5476600,185.47999572753906
2012-02-09,185.69000244140625,181.75999450683594,184.5,184.97999572753906,7189200,184.97999572753906
2012-02-10,187.6300048828125,182.52000427246094,183.4199981689453,185.5399932861328,5797100,185.5399932861328
2012-02-13,192.5,185.67999267578125,187.1699981689453,191.58999633789062,6071400,191.58999633789062
2012-02-14,193.57000732421875,186.10000610351562,191.0800018310547,191.3000030517578,9527100,191.3000030517578
2012-02-15,191.5399932861328,183.25999450683594,191.2899932861328,184.47000122070312,7794400,184.47000122070312
2012-02-16,181.67999267578125,175.13999938964844,177.7899932861328,179.92999267578125,12563800,179.92999267578125
2012-02-17,183.41000366210938,179.36000061035156,180.08999633789062,182.5,7418100,182.5
2012-02-21,184.75,180.5800018310547,182.64999389648438,182.25999450683594,6756500,182.25999450683594
2012-02-22,182.99000549316406,180.2899932861328,181.9499969482422,180.5800018310547,5785400,180.5800018310547
2012-02-23,180.75,176.9600067138672,179.63999938964844,178.88999938964844,5153800,178.88999938964844
2012-02-24,180.74000549316406,178.3699951171875,179.6999969482422,179.1300048828125,3668700,179.1300048828125
2012-02-27,179.19000244140625,176.5,177.5399932861328,178.52999877929688,3706200,178.52999877929688
2012-02-28,184.2899932861328,177.9499969482422,178.89999389648438,183.8000030517578,5764500,183.8000030517578
2012-02-29,184.0,179.00999450683594,183.88999938964844,179.69000244140625,5300300,179.69000244140625
