Date,High,Low,Open,Close,Volume,Adj Close
2008-01-02,97.43000030517578,94.69999694824219,95.3499984741211,96.25,13858700,96.25
2008-01-03,97.25,94.5199966430664,96.05999755859375,95.20999908447266,9122500,95.20999908447266
2008-01-04,93.4000015258789,88.5,93.26000213623047,88.79000091552734,10270000,88.79000091552734
2008-01-07,90.56999969482422,85.47000122070312,88.62000274658203,88.81999969482422,9981600,88.81999969482422
2008-01-08,91.83000183105469,86.93000030517578,87.55000305175781,87.87999725341797,12283300,87.87999725341797
2008-01-09,87.80000305175781,80.23999786376953,87.55999755859375,85.22000122070312,16410900,85.22000122070312
2008-01-10,85.97000122070312,82.97000122070312,83.9800033569336,84.26000213623047,11609900,84.26000213623047
2008-01-11,84.02999877929688,80.29000091552734,84.02999877929688,81.08000183105469,10624300,81.08000183105469
2008-01-14,83.31999969482422,78.87000274658203,82.18000030517578,82.87000274658203,9056100,82.87000274658203
2008-01-15,81.01000213623047,78.51000213623047,80.48999786376953,80.23999786376953,9655900,80.23999786376953
2008-01-16,82.36000061035156,78.44000244140625,79.58000183105469,80.3499984741211,12407000,80.3499984741211
2008-01-17,82.25,79.54000091552734,80.16000366210938,80.12000274658203,9900900,80.12000274658203
2008-01-18,82.30999755859375,78.04000091552734,79.93000030517578,79.76000213623047,13364300,79.76000213623047
2008-01-22,79.72000122070312,72.22000122070312,73.58000183105469,78.4800033569336,12822200,78.4800033569336
2008-01-23,76.80000305175781,69.94999694824219,75.5999984741211,73.97000122070312,20405700,73.97000122070312
2008-01-24,77.87999725341797,74.19000244140625,74.52999877929688,77.66999816894531,9886600,77.66999816894531
2008-01-25,81.43000030517578,76.33000183105469,78.69000244140625,77.5999984741211,10027600,77.5999984741211
2008-01-28,77.4000015258789,74.33999633789062,76.91000366210938,75.81999969482422,8505300,75.81999969482422
2008-01-29,75.9000015258789,72.05999755859375,75.7699966430664,73.94999694824219,9958000,73.94999694824219
2008-01-30,77.41999816894531,73.25,73.54000091552734,74.20999908447266,25298700,74.20999908447266
2008-01-31,78.87000274658203,68.83999633789062,68.91000366210938,77.69999694824219,42885900,77.69999694824219
