Date,High,Low,Open,Close,Volume,Adj Close
2003-09-02,47.45000076293945,46.0099983215332,46.52000045776367,47.33000183105469,9459400,47.33000183105469
2003-09-03,47.75,45.86000061035156,47.58000183105469,46.189998626708984,10697900,46.189998626708984
2003-09-04,47.38999938964844,46.040000915527344,46.20000076293945,47.290000915527344,10255000,47.290000915527344
2003-09-05,47.47999954223633,46.099998474121094,46.95000076293945,46.52000045776367,8102900,46.52000045776367
2003-09-08,47.349998474121094,46.060001373291016,46.5,47.279998779296875,7408200,47.279998779296875
2003-09-09,47.380001068115234,46.29999923706055,47.099998474121094,46.68000030517578,8100800,46.68000030517578
2003-09-10,47.22999954223633,46.060001373291016,46.2599983215332,46.220001220703125,8002900,46.220001220703125
2003-09-11,46.349998474121094,44.77000045776367,46.20000076293945,45.189998626708984,11613100,45.189998626708984
2003-09-12,45.779998779296875,44.72999954223633,44.849998474121094,45.68000030517578,6750100,45.68000030517578
2003-09-15,45.77000045776367,45.22999954223633,45.36000061035156,45.5099983215332,4427000,45.5099983215332
2003-09-16,46.25,45.04999923706055,45.400001525878906,46.2400016784668,7755200,46.2400016784668
2003-09-17,46.86000061035156,45.540000915527344,46.209999084472656,46.15999984741211,7334100,46.15999984741211
2003-09-18,48.2400016784668,45.939998626708984,46.15999984741211,47.88999938964844,9038500,47.88999938964844
2003-09-19,47.970001220703125,47.349998474121094,47.869998931884766,47.58000183105469,6249500,47.58000183105469
2003-09-22,47.529998779296875,46.20000076293945,46.560001373291016,47.470001220703125,9240000,47.470001220703125
2003-09-23,50.91999816894531,47.349998474121094,47.40999984741211,50.439998626708984,20295900,50.439998626708984
2003-09-24,51.29999923706055,49.599998474121094,50.349998474121094,49.61000061035156,15330200,49.61000061035156
2003-09-25,50.95000076293945,49.279998779296875,49.65999984741211,50.04999923706055,11033300,50.04999923706055
2003-09-26,50.459999084472656,48.29999923706055,49.900001525878906,48.560001373291016,13438500,48.560001373291016
2003-09-29,49.970001220703125,48.400001525878906,48.880001068115234,49.86000061035156,9039300,49.86000061035156
2003-09-30,49.7599983215332,48.349998474121094,49.650001525878906,48.43000030517578,9264600,48.43000030517578
