Date,High,Low,Open,Close,Volume,Adj Close
2014-11-03,308.010009765625,303.239990234375,306.239990234375,305.7200012207031,3242500,305.7200012207031
2014-11-04,304.25,300.1700134277344,303.989990234375,302.80999755859375,3427400,302.80999755859375
2014-11-05,304.0,294.1600036621094,303.010009765625,296.5199890136719,4674500,296.5199890136719
2014-11-06,297.0,292.2900085449219,296.69000244140625,296.6400146484375,3758100,296.6400146484375
2014-11-07,299.989990234375,296.2900085449219,297.82000732421875,299.8599853515625,2647400,299.8599853515625
2014-11-10,305.79998779296875,300.0,300.0,305.1099853515625,2809100,305.1099853515625
2014-11-11,312.3800048828125,303.6499938964844,305.94000244140625,312.010009765625,3803600,312.010009765625
2014-11-12,312.5799865722656,308.7900085449219,310.75,311.510009765625,2183000,311.510009765625
2014-11-13,317.8900146484375,311.510009765625,312.0,316.4800109863281,3686400,316.4800109863281
2014-11-14,332.8800048828125,316.3999938964844,317.1199951171875,327.82000732421875,8877800,327.82000732421875
2014-11-17,328.0,318.0299987792969,326.44000244140625,323.04998779296875,4784900,323.04998779296875
2014-11-18,329.55999755859375,323.25,323.989990234375,324.92999267578125,3549500,324.92999267578125
2014-11-19,328.3999938964844,324.0199890136719,327.25,326.5400085449219,3281600,326.5400085449219
2014-11-20,332.6700134277344,323.3299865722656,324.0,330.5400085449219,3436700,330.5400085449219
2014-11-21,338.3299865722656,331.4700012207031,335.4200134277344,332.6300048828125,4466600,332.6300048828125
2014-11-24,337.3900146484375,333.6000061035156,334.7799987792969,335.6400146484375,2754200,335.6400146484375
2014-11-25,336.3299865722656,331.2799987792969,335.2699890136719,335.0400085449219,2565000,335.0400085449219
2014-11-26,334.6499938964844,331.75,333.7799987792969,333.57000732421875,1983600,333.57000732421875
2014-11-28,341.260009765625,336.0299987792969,336.0299987792969,338.6400146484375,3051800,338.6400146484375
