Date,High,Low,Open,Close,Volume,Adj Close
2015-07-01,440.0,435.5799865722656,439.3500061035156,437.3900146484375,1987100,437.3900146484375
2015-07-02,438.20001220703125,433.4800109863281,437.0,437.7099914550781,1343400,437.7099914550781
2015-07-06,439.7300109863281,433.5199890136719,435.2300109863281,436.0400085449219,1903200,436.0400085449219
2015-07-07,437.7300109863281,425.57000732421875,435.67999267578125,436.7200012207031,3454200,436.7200012207031
2015-07-08,435.989990234375,428.8299865722656,434.3500061035156,429.70001220703125,2383100,429.70001220703125
2015-07-09,438.7200012207031,434.1499938964844,434.8999938964844,434.3900146484375,2271400,434.3900146484375
2015-07-10,444.7200012207031,439.0,440.489990234375,443.510009765625,2401000,443.510009765625
2015-07-13,457.8699951171875,447.5400085449219,448.2900085449219,455.57000732421875,3956800,455.57000732421875
2015-07-14,469.6000061035156,458.1600036621094,462.32000732421875,465.57000732421875,4736200,465.57000732421875
2015-07-15,464.70001220703125,460.20001220703125,463.0400085449219,461.19000244140625,2987400,461.19000244140625
2015-07-16,475.8800048828125,464.79998779296875,465.5,475.4800109863281,4095600,475.4800109863281
2015-07-17,485.4200134277344,477.25,477.70001220703125,483.010009765625,4932200,483.010009765625
2015-07-20,493.20001220703125,485.3999938964844,492.57000732421875,488.1000061035156,4752500,488.1000061035156
2015-07-21,488.8800048828125,482.54998779296875,487.8999938964844,488.0,3181800,488.0
2015-07-22,492.5,484.8999938964844,485.989990234375,488.2699890136719,3114900,488.2699890136719
2015-07-23,491.6600036621094,475.70001220703125,491.6600036621094,482.17999267578125,9374400,482.17999267578125
2015-07-24,580.5700073242188,529.3499755859375,578.989990234375,529.4199829101562,21909400,529.4199829101562
2015-07-27,544.9500122070312,526.5999755859375,527.75,531.4099731445312,7491000,531.4099731445312
2015-07-28,536.3900146484375,523.1199951171875,536.0,526.030029296875,5273100,526.030029296875
2015-07-29,532.969970703125,525.02001953125,530.9199829101562,529.0,3752600,529.0
2015-07-30,539.2000122070312,524.2899780273438,527.6500244140625,536.760009765625,3743100,536.760009765625
2015-07-31,542.8400268554688,534.52001953125,539.0900268554688,536.1500244140625,3025600,536.1500244140625
