Date,High,Low,Open,Close,Volume,Adj Close
2018-11-01,1670.449951171875,1598.43994140625,1623.530029296875,1665.530029296875,8135500,1665.530029296875
2018-11-02,1697.43994140625,1651.8299560546875,1678.5899658203125,1665.530029296875,6955500,1665.530029296875
2018-11-05,1658.0899658203125,1596.3599853515625,1657.5699462890625,1627.800048828125,5624700,1627.800048828125
2018-11-06,1665.0,1614.550048828125,1618.3499755859375,1642.81005859375,4257400,1642.81005859375
2018-11-07,1759.22998046875,1664.0799560546875,1673.0,1755.489990234375,8192200,1755.489990234375
2018-11-08,1784.0,1725.1099853515625,1755.0,1754.9100341796875,6534900,1754.9100341796875
2018-11-09,1743.9200439453125,1701.8699951171875,1732.5,1712.4300537109375,5902200,1712.4300537109375
2018-11-12,1708.550048828125,1630.010009765625,1698.239990234375,1636.8499755859375,6806200,1636.8499755859375
2018-11-13,1677.06005859375,1613.75,1649.2900390625,1631.1700439453125,5933300,1631.1700439453125
2018-11-14,1673.0,1597.0699462890625,1656.3199462890625,1599.010009765625,6486900,1599.010009765625
2018-11-15,1624.8199462890625,1546.510009765625,1581.010009765625,1619.43994140625,8427300,1619.43994140625
2018-11-16,1614.47998046875,1573.1199951171875,1587.5,1593.4100341796875,6066100,1593.4100341796875
2018-11-19,1581.18994140625,1503.3599853515625,1577.010009765625,1512.2900390625,7790000,1512.2900390625
2018-11-20,1534.75,1420.0,1437.5,1495.4599609375,10878800,1495.4599609375
2018-11-21,1550.0,1515.0,1542.989990234375,1516.72998046875,5716800,1516.72998046875
2018-11-23,1536.199951171875,1501.81005859375,1517.0,1502.06005859375,2707600,1502.06005859375
2018-11-26,1584.81005859375,1524.219970703125,1539.0,1581.3299560546875,6257700,1581.3299560546875
2018-11-27,1597.6500244140625,1558.010009765625,1575.989990234375,1581.4200439453125,5783200,1581.4200439453125
2018-11-28,1681.449951171875,1601.219970703125,1613.9200439453125,1677.75,8458700,1677.75
2018-11-29,1689.989990234375,1652.3299560546875,1674.989990234375,1673.5699462890625,6613200,1673.5699462890625
2018-11-30,1696.0,1666.5,1679.5,1690.1700439453125,5761800,1690.1700439453125
