Date,High,Low,Open,Close,Volume,Adj Close
2003-08-01,41.630001068115234,39.779998779296875,41.40999984741211,40.029998779296875,8805200,40.029998779296875
2003-08-04,40.290000915527344,38.95000076293945,39.70000076293945,39.650001525878906,7054400,39.650001525878906
2003-08-05,39.849998474121094,38.630001068115234,39.2400016784668,38.66999816894531,6816200,38.66999816894531
2003-08-06,39.95000076293945,38.279998779296875,38.619998931884766,38.939998626708984,9192600,38.939998626708984
2003-08-07,39.34000015258789,38.59000015258789,39.0,39.0099983215332,6395500,39.0099983215332
2003-08-08,39.400001525878906,38.630001068115234,39.130001068115234,39.150001525878906,4810900,39.150001525878906
2003-08-11,39.040000915527344,38.349998474121094,38.9900016784668,38.93000030517578,5239100,38.93000030517578
2003-08-12,39.959999084472656,38.310001373291016,38.95000076293945,39.849998474121094,6128500,39.849998474121094
2003-08-13,40.470001220703125,39.709999084472656,40.25,40.209999084472656,7154500,40.209999084472656
2003-08-14,40.369998931884766,39.650001525878906,39.91999816894531,40.29999923706055,4850300,40.29999923706055
2003-08-15,40.380001068115234,39.970001220703125,40.22999954223633,40.099998474121094,2486500,40.099998474121094
2003-08-18,43.2400016784668,40.380001068115234,40.47999954223633,43.02000045776367,11174200,43.02000045776367
2003-08-19,44.189998626708984,42.91999816894531,43.45000076293945,43.56999969482422,10489300,43.56999969482422
2003-08-20,43.939998626708984,43.0099983215332,43.060001373291016,43.7599983215332,6724700,43.7599983215332
2003-08-21,45.90999984741211,43.869998931884766,44.220001220703125,45.70000076293945,11592500,45.70000076293945
2003-08-22,46.95000076293945,44.810001373291016,46.36000061035156,45.220001220703125,10473300,45.220001220703125
2003-08-25,46.15999984741211,44.529998779296875,44.849998474121094,45.849998474121094,7103500,45.849998474121094
2003-08-26,46.13999938964844,45.11000061035156,45.650001525878906,45.93000030517578,6542400,45.93000030517578
2003-08-27,46.06999969482422,45.2599983215332,45.77000045776367,45.880001068115234,4539400,45.880001068115234
2003-08-28,46.0,44.810001373291016,45.939998626708984,45.939998626708984,6987500,45.939998626708984
2003-08-29,46.439998626708984,45.720001220703125,45.81999969482422,46.31999969482422,6158400,46.31999969482422
