Date,High,Low,Open,Close,Volume,Adj Close
2019-12-02,1805.550048828125,1762.6800537109375,1804.4000244140625,1781.5999755859375,3925600,1781.5999755859375
2019-12-03,1772.8699951171875,1747.22998046875,1760.0,1769.9599609375,3380900,1769.9599609375
2019-12-04,1789.0899658203125,1760.219970703125,1774.010009765625,1760.68994140625,2670100,1760.68994140625
2019-12-05,1763.5,1740.0,1763.5,1740.47998046875,2823800,1740.47998046875
2019-12-06,1754.4000244140625,1740.1300048828125,1751.199951171875,1751.5999755859375,3117400,1751.5999755859375
2019-12-09,1766.8900146484375,1745.6099853515625,1750.6600341796875,1749.510009765625,2442800,1749.510009765625
2019-12-10,1750.6700439453125,1735.0,1747.4000244140625,1739.2099609375,2514300,1739.2099609375
2019-12-11,1750.0,1735.7099609375,1741.6700439453125,1748.719970703125,2097600,1748.719970703125
2019-12-12,1764.0,1745.43994140625,1750.0,1760.3299560546875,3095900,1760.3299560546875
2019-12-13,1768.989990234375,1755.0,1765.0,1760.93994140625,2745700,1760.93994140625
2019-12-16,1769.5,1757.050048828125,1767.0,1769.2099609375,3145200,1769.2099609375
2019-12-17,1792.0,1777.3900146484375,1778.010009765625,1790.6600341796875,3644400,1790.6600341796875
2019-12-18,1798.199951171875,1782.3599853515625,1795.02001953125,1784.030029296875,3351400,1784.030029296875
2019-12-19,1792.989990234375,1774.06005859375,1780.5,1792.280029296875,2652800,1792.280029296875
2019-12-20,1802.969970703125,1782.449951171875,1799.6199951171875,1786.5,5150800,1786.5
2019-12-23,1793.0,1784.510009765625,1788.260009765625,1793.0,2136400,1793.0
2019-12-24,1795.5699462890625,1787.5799560546875,1793.81005859375,1789.2099609375,881300,1789.2099609375
2019-12-26,1870.4599609375,1799.5,1801.010009765625,1868.77001953125,6005400,1868.77001953125
2019-12-27,1901.4000244140625,1866.010009765625,1882.9200439453125,1869.800048828125,6186600,1869.800048828125
2019-12-30,1884.0,1840.6199951171875,1874.0,1846.8900146484375,3674700,1846.8900146484375
2019-12-31,1853.260009765625,1832.22998046875,1842.0,1847.8399658203125,2506500,1847.8399658203125
