Date,High,Low,Open,Close,Volume,Adj Close
2013-03-01,266.6000061035156,261.0400085449219,263.2699890136719,265.739990234375,2957000,265.739990234375
2013-03-04,273.29998779296875,264.1400146484375,265.3599853515625,273.1099853515625,3453000,273.1099853515625
2013-03-05,276.67999267578125,269.989990234375,274.0,275.5899963378906,3686200,275.5899963378906
2013-03-06,276.489990234375,271.8299865722656,275.760009765625,273.7900085449219,2050700,273.7900085449219
2013-03-07,274.79998779296875,271.8500061035156,274.1000061035156,273.8800048828125,1939000,273.8800048828125
2013-03-08,275.44000244140625,271.5,275.0,274.19000244140625,1879800,274.19000244140625
2013-03-11,273.989990234375,270.3999938964844,273.42999267578125,271.239990234375,1904900,271.239990234375
2013-03-12,277.3999938964844,270.3599853515625,271.0,274.1300048828125,3246200,274.1300048828125
2013-03-13,276.5,272.6400146484375,275.239990234375,275.1000061035156,1884200,275.1000061035156
2013-03-14,270.0,263.5299987792969,269.6700134277344,265.739990234375,5226700,265.739990234375
2013-03-15,267.260009765625,260.04998779296875,264.9800109863281,261.82000732421875,4865900,261.82000732421875
2013-03-18,261.489990234375,257.1199951171875,259.29998779296875,257.8900146484375,2720200,257.8900146484375
2013-03-19,259.5,252.6199951171875,258.3999938964844,256.4100036621094,3738500,256.4100036621094
2013-03-20,259.760009765625,254.5500030517578,258.04998779296875,257.2799987792969,2738900,257.2799987792969
2013-03-21,257.0,252.67999267578125,256.1099853515625,253.38999938964844,2806400,253.38999938964844
2013-03-22,257.7699890136719,252.07000732421875,254.5500030517578,257.75,3124600,257.75
2013-03-25,259.42999267578125,254.5,258.5799865722656,256.0199890136719,2513900,256.0199890136719
2013-03-26,261.4800109863281,256.2799987792969,257.04998779296875,260.30999755859375,2421000,260.30999755859375
2013-03-27,265.92999267578125,257.8999938964844,258.75,265.29998779296875,2874900,265.29998779296875
2013-03-28,267.3800048828125,264.05999755859375,265.82000732421875,266.489990234375,2473700,266.489990234375
