Date,High,Low,Open,Close,Volume,Adj Close
2015-06-01,433.1600036621094,426.20001220703125,430.3999938964844,430.9200134277344,2253300,430.9200134277344
2015-06-02,433.2300109863281,426.25,430.07000732421875,430.989990234375,1668900,430.989990234375
2015-06-03,438.3900146484375,432.75,434.3999938964844,436.5899963378906,2727900,436.5899963378906
2015-06-04,436.760009765625,429.260009765625,434.3999938964844,430.7799987792969,2510800,430.7799987792969
2015-06-05,430.79998779296875,426.5,429.6600036621094,426.95001220703125,1907900,426.95001220703125
2015-06-08,426.79998779296875,421.42999267578125,425.6199951171875,423.5,2172500,423.5
2015-06-09,427.489990234375,419.1400146484375,422.9599914550781,425.4800109863281,2288700,425.4800109863281
2015-06-10,432.20001220703125,425.6600036621094,426.4599914550781,430.7699890136719,2172300,430.7699890136719
2015-06-11,438.8900146484375,431.4700012207031,432.2900085449219,432.9700012207031,2922500,432.9700012207031
2015-06-12,432.3599853515625,428.260009765625,431.25,429.9200134277344,2054400,429.9200134277344
2015-06-15,428.04998779296875,422.6400146484375,427.6600036621094,423.6700134277344,2051000,423.6700134277344
2015-06-16,427.9700012207031,422.6700134277344,424.1499938964844,427.260009765625,2296400,427.260009765625
2015-06-17,431.3500061035156,424.75,428.3599853515625,427.80999755859375,2185900,427.80999755859375
2015-06-18,439.7300109863281,429.4100036621094,430.29998779296875,439.3900146484375,3378400,439.3900146484375
2015-06-19,444.989990234375,433.239990234375,440.260009765625,434.9200134277344,4495100,434.9200134277344
2015-06-22,439.239990234375,434.17999267578125,437.0,436.2900085449219,1823600,436.2900085449219
2015-06-23,447.0400085449219,433.69000244140625,435.5899963378906,445.989990234375,3245000,445.989990234375
2015-06-24,446.4700012207031,440.2300109863281,444.9700012207031,440.8399963378906,2620800,440.8399963378906
2015-06-25,443.4700012207031,436.3900146484375,438.07000732421875,440.1000061035156,2237500,440.1000061035156
2015-06-26,443.489990234375,435.05999755859375,441.760009765625,438.1000061035156,2624500,438.1000061035156
2015-06-29,437.0,429.0,434.9800109863281,429.8599853515625,2753200,429.8599853515625
2015-06-30,435.57000732421875,430.4599914550781,434.20001220703125,434.0899963378906,2596900,434.0899963378906
