Date,High,Low,Open,Close,Volume,Adj Close
2017-04-03,893.489990234375,885.4199829101562,888.0,891.510009765625,3422300,891.510009765625
2017-04-04,908.5399780273438,890.280029296875,891.5,906.8300170898438,4984700,906.8300170898438
2017-04-05,923.719970703125,905.6199951171875,910.8200073242188,909.280029296875,7508400,909.280029296875
2017-04-06,917.1900024414062,894.489990234375,913.7999877929688,898.280029296875,6344100,898.280029296875
2017-04-07,900.0900268554688,889.3099975585938,899.6500244140625,894.8800048828125,3710900,894.8800048828125
2017-04-10,908.510009765625,899.0,899.6300048828125,907.0399780273438,3184300,907.0399780273438
2017-04-11,911.239990234375,897.5,907.0399780273438,902.3599853515625,3012700,902.3599853515625
2017-04-12,904.0900268554688,895.25,903.0900268554688,896.22998046875,2456100,896.22998046875
2017-04-13,894.969970703125,884.489990234375,891.4500122070312,884.6699829101562,3174600,884.6699829101562
2017-04-17,902.3800048828125,887.5,887.5,901.989990234375,2854700,901.989990234375
2017-04-18,909.6099853515625,900.780029296875,900.989990234375,903.780029296875,2999200,903.780029296875
2017-04-19,910.5,897.3699951171875,907.8400268554688,899.2000122070312,2870200,899.2000122070312
2017-04-20,905.3200073242188,896.2899780273438,899.7000122070312,902.0599975585938,2814400,902.0599975585938
2017-04-21,903.6500244140625,896.77001953125,902.6699829101562,898.530029296875,2420500,898.530029296875
2017-04-24,909.989990234375,903.8200073242188,908.6799926757812,907.4099731445312,3122900,907.4099731445312
2017-04-25,909.47998046875,903.0,907.0399780273438,907.6199951171875,3380600,907.6199951171875
2017-04-26,915.75,907.5599975585938,910.2999877929688,909.2899780273438,2608900,909.2899780273438
2017-04-27,921.8599853515625,912.1099853515625,914.3900146484375,918.3800048828125,5305500,918.3800048828125
2017-04-28,949.5900268554688,924.3300170898438,948.8300170898438,924.989990234375,7364700,924.989990234375
