Date,High,Low,Open,Close,Volume,Adj Close
2008-03-03,64.48999786376953,61.20000076293945,63.59000015258789,62.43000030517578,13721100,62.43000030517578
2008-03-04,66.5999984741211,61.22999954223633,61.66999816894531,65.33999633789062,16703600,65.33999633789062
2008-03-05,66.33999633789062,63.81999969482422,65.66000366210938,64.98999786376953,11126400,64.98999786376953
2008-03-06,65.45999908447266,62.5,64.75,62.7400016784668,8343300,62.7400016784668
2008-03-07,64.87000274658203,62.0099983215332,62.20000076293945,64.08999633789062,10438100,64.08999633789062
2008-03-10,65.1500015258789,62.90999984741211,63.900001525878906,63.470001220703125,9321000,63.470001220703125
2008-03-11,67.16999816894531,63.709999084472656,65.94999694824219,67.1500015258789,9742900,67.1500015258789
2008-03-12,68.2300033569336,65.63999938964844,66.7699966430664,66.51000213623047,7748800,66.51000213623047
2008-03-13,69.55000305175781,64.37000274658203,65.11000061035156,68.31999969482422,10707500,68.31999969482422
2008-03-14,70.68000030517578,66.05999755859375,68.61000061035156,68.22000122070312,12420700,68.22000122070312
2008-03-17,67.79000091552734,64.91999816894531,65.72000122070312,66.52999877929688,9709100,66.52999877929688
2008-03-18,71.93000030517578,67.58999633789062,68.25,71.69999694824219,9550700,71.69999694824219
2008-03-19,74.0,70.16999816894531,71.0999984741211,70.16999816894531,11041900,70.16999816894531
2008-03-20,73.48999786376953,69.37999725341797,70.16999816894531,73.19000244140625,11410700,73.19000244140625
2008-03-24,76.93000030517578,72.75,73.81999969482422,75.94999694824219,9395400,75.94999694824219
2008-03-25,76.29000091552734,74.05000305175781,75.83000183105469,75.16999816894531,6327500,75.16999816894531
2008-03-26,75.12000274658203,73.23999786376953,74.13999938964844,73.80000305175781,6285100,73.80000305175781
2008-03-27,74.69000244140625,70.80000305175781,74.37000274658203,70.80000305175781,7942400,70.80000305175781
2008-03-28,72.20999908447266,69.26000213623047,71.0,69.76000213623047,5279100,69.76000213623047
2008-03-31,71.63999938964844,69.62999725341797,70.25,71.30000305175781,5470300,71.30000305175781
