Date,High,Low,Open,Close,Volume,Adj Close
2011-07-01,210.27000427246094,203.61000061035156,205.5500030517578,209.49000549316406,4008700,209.49000549316406
2011-07-05,214.4499969482422,208.72999572753906,208.75999450683594,213.19000244140625,3585200,213.19000244140625
2011-07-06,214.39999389648438,211.00999450683594,212.1199951171875,214.19000244140625,2607600,214.19000244140625
2011-07-07,217.8000030517578,215.08999633789062,215.08999633789062,216.74000549316406,3144900,216.74000549316406
2011-07-08,218.32000732421875,213.25,214.3000030517578,218.27999877929688,3707900,218.27999877929688
2011-07-11,217.5,211.0,216.74000549316406,212.5500030517578,4033700,212.5500030517578
2011-07-12,215.64999389648438,211.1199951171875,214.63999938964844,211.22999572753906,3985700,211.22999572753906
2011-07-13,216.8300018310547,212.13999938964844,214.6999969482422,213.5,4229900,213.5
2011-07-14,215.91000366210938,209.3800048828125,213.5800018310547,210.3800048828125,3902500,210.3800048828125
2011-07-15,214.52999877929688,209.2899932861328,213.0800018310547,212.8699951171875,4072600,212.8699951171875
2011-07-18,213.38999938964844,208.2899932861328,212.52999877929688,211.52999877929688,2898100,211.52999877929688
2011-07-19,218.39999389648438,213.77000427246094,213.77000427246094,218.05999755859375,4437200,218.05999755859375
2011-07-20,220.1999969482422,214.41000366210938,220.0500030517578,215.5500030517578,3372900,215.5500030517578
2011-07-21,217.08999633789062,211.07000732421875,216.74000549316406,213.2100067138672,4545300,213.2100067138672
2011-07-22,217.9499969482422,211.11000061035156,213.86000061035156,216.52000427246094,3591700,216.52000427246094
2011-07-25,216.0800018310547,213.0,215.49000549316406,213.49000549316406,3342800,213.49000549316406
2011-07-26,215.60000610351562,210.35000610351562,214.99000549316406,214.17999267578125,9863600,214.17999267578125
2011-07-27,227.1999969482422,219.6199951171875,224.38999938964844,222.52000427246094,12955600,222.52000427246094
2011-07-28,225.9499969482422,220.22999572753906,223.27000427246094,223.89999389648438,5354900,223.89999389648438
2011-07-29,225.75,219.50999450683594,221.2899932861328,222.52000427246094,5167700,222.52000427246094
