Date,High,Low,Open,Close,Volume,Adj Close
2005-02-01,43.27000045776367,42.380001068115234,43.0,42.47999954223633,6761500,42.47999954223633
2005-02-02,43.540000915527344,40.86000061035156,43.04999923706055,41.880001068115234,26323600,41.880001068115234
2005-02-03,35.88999938964844,34.529998779296875,34.900001525878906,35.75,60518600,35.75
2005-02-04,35.97999954223633,35.189998626708984,35.650001525878906,35.720001220703125,17304700,35.720001220703125
2005-02-07,35.84000015258789,35.54999923706055,35.81999969482422,35.689998626708984,7112400,35.689998626708984
2005-02-08,36.52000045776367,35.529998779296875,35.540000915527344,36.29999923706055,9602500,36.29999923706055
2005-02-09,36.79999923706055,35.869998931884766,36.45000076293945,35.88999938964844,7938800,35.88999938964844
2005-02-10,36.11000061035156,35.529998779296875,36.06999969482422,35.779998779296875,7982400,35.779998779296875
2005-02-11,35.95000076293945,35.0,35.56999969482422,35.779998779296875,7841700,35.779998779296875
2005-02-14,36.630001068115234,35.5,35.650001525878906,36.029998779296875,6983100,36.029998779296875
2005-02-15,36.45000076293945,35.75,36.209999084472656,36.13999938964844,5177700,36.13999938964844
2005-02-16,36.349998474121094,35.58000183105469,35.93000030517578,35.65999984741211,5229800,35.65999984741211
2005-02-17,35.849998474121094,35.25,35.7400016784668,35.689998626708984,5298100,35.689998626708984
2005-02-18,35.75,35.099998474121094,35.61000061035156,35.310001373291016,4529700,35.310001373291016
2005-02-22,35.38999938964844,34.5099983215332,35.02000045776367,34.720001220703125,6855700,34.720001220703125
2005-02-23,34.970001220703125,33.20000076293945,34.95000076293945,34.13999938964844,10500400,34.13999938964844
2005-02-24,34.849998474121094,33.65999984741211,33.65999984741211,34.689998626708984,8389200,34.689998626708984
2005-02-25,35.22999954223633,34.47999954223633,34.720001220703125,34.9900016784668,5882300,34.9900016784668
2005-02-28,35.65999984741211,34.66999816894531,34.720001220703125,35.18000030517578,8422900,35.18000030517578
