Date,High,Low,Open,Close,Volume,Adj Close
2015-11-02,628.6300048828125,620.4099731445312,627.1300048828125,628.3499755859375,2816500,628.3499755859375
2015-11-03,629.8900146484375,622.0,629.530029296875,625.3099975585938,3246900,625.3099975585938
2015-11-04,645.9299926757812,627.3499755859375,627.760009765625,640.9500122070312,4840500,640.9500122070312
2015-11-05,657.0,643.0900268554688,647.0999755859375,655.6500244140625,4723800,655.6500244140625
2015-11-06,662.260009765625,652.0,655.0,659.3699951171875,4092200,659.3699951171875
2015-11-09,661.9600219726562,647.8499755859375,658.6500244140625,655.489990234375,4048800,655.489990234375
2015-11-10,660.0,647.260009765625,651.010009765625,659.6799926757812,3489500,659.6799926757812
2015-11-11,675.9600219726562,663.25,663.25,673.25,5387300,673.25
2015-11-12,675.6400146484375,664.219970703125,673.0,665.5999755859375,4284700,665.5999755859375
2015-11-13,667.0,640.4500122070312,663.5700073242188,642.3499755859375,6261100,642.3499755859375
2015-11-16,649.989990234375,622.2899780273438,640.9199829101562,647.8099975585938,7435900,647.8099975585938
2015-11-17,653.25,641.0,650.6500244140625,643.2999877929688,4320200,643.2999877929688
2015-11-18,664.8800048828125,646.3699951171875,646.510009765625,663.5399780273438,4469800,663.5399780273438
2015-11-19,672.8599853515625,659.0,664.989990234375,661.27001953125,4705200,661.27001953125
2015-11-20,668.8699951171875,657.5700073242188,667.9400024414062,668.4500122070312,3896100,668.4500122070312
2015-11-23,682.77001953125,670.1199951171875,671.5,678.989990234375,4385100,678.989990234375
2015-11-24,675.7999877929688,661.2100219726562,674.1400146484375,671.1500244140625,4543400,671.1500244140625
2015-11-25,679.7000122070312,671.239990234375,675.0,675.3400268554688,2697900,675.3400268554688
2015-11-27,680.989990234375,672.0999755859375,680.7999877929688,673.260009765625,1966800,673.260009765625
2015-11-30,681.2899780273438,664.5999755859375,675.9000244140625,664.7999877929688,5693200,664.7999877929688
