Date,High,Low,Open,Close,Volume,Adj Close
2016-03-01,579.25,556.0,556.2899780273438,579.0399780273438,5038500,579.0399780273438
2016-03-02,585.0,573.7000122070312,581.75,580.2100219726562,4582200,580.2100219726562
2016-03-03,579.8699951171875,573.1099853515625,577.9600219726562,577.489990234375,2741300,577.489990234375
2016-03-04,581.4000244140625,571.0700073242188,581.0700073242188,575.1400146484375,3416500,575.1400146484375
2016-03-07,573.6300048828125,555.5499877929688,573.5399780273438,562.7999877929688,4926900,562.7999877929688
2016-03-08,571.3499755859375,554.739990234375,557.8699951171875,560.260009765625,4730000,560.260009765625
2016-03-09,560.3499755859375,550.1300048828125,559.5599975585938,559.469970703125,4377300,559.469970703125
2016-03-10,567.0,547.9000244140625,566.739990234375,558.9299926757812,3919900,558.9299926757812
2016-03-11,570.0599975585938,562.72998046875,566.9500122070312,569.6099853515625,3771300,569.6099853515625
2016-03-14,576.8900146484375,563.0499877929688,567.0,573.3699951171875,3454200,573.3699951171875
2016-03-15,581.52001953125,567.0,571.0,577.02001953125,3876800,577.02001953125
2016-03-16,581.3200073242188,571.1400146484375,576.6400146484375,574.27001953125,3537700,574.27001953125
2016-03-17,571.4000244140625,555.010009765625,569.510009765625,559.4400024414062,5928100,559.4400024414062
2016-03-18,562.3300170898438,546.0900268554688,560.9400024414062,552.0800170898438,7296900,552.0800170898438
2016-03-21,555.239990234375,538.5800170898438,548.9099731445312,553.97998046875,5155700,553.97998046875
2016-03-22,562.760009765625,545.0499877929688,545.1099853515625,560.47998046875,4000600,560.47998046875
2016-03-23,572.47998046875,558.0999755859375,561.0,569.6300048828125,3983700,569.6300048828125
2016-03-24,583.5499877929688,567.0800170898438,567.1099853515625,582.9500122070312,5185500,582.9500122070312
2016-03-28,584.75,575.5599975585938,584.4000244140625,579.8699951171875,3121500,579.8699951171875
2016-03-29,595.8499755859375,576.5,580.1500244140625,593.8599853515625,4392600,593.8599853515625
2016-03-30,603.239990234375,595.0,596.7100219726562,598.6900024414062,3890500,598.6900024414062
2016-03-31,600.75,592.2100219726562,599.280029296875,593.6400146484375,2681800,593.6400146484375
