Date,High,Low,Open,Close,Volume,Adj Close
2016-05-02,685.5,662.030029296875,663.9199829101562,683.8499755859375,6578500,683.8499755859375
2016-05-03,680.2999877929688,670.4299926757812,677.3599853515625,671.3200073242188,4923400,671.3200073242188
2016-05-04,674.0,662.1400146484375,662.5900268554688,670.9000244140625,4635500,670.9000244140625
2016-05-05,676.489990234375,656.0,673.3099975585938,659.0900268554688,4884100,659.0900268554688
2016-05-06,676.9500122070312,656.010009765625,656.0499877929688,673.9500122070312,4365300,673.9500122070312
2016-05-09,686.97998046875,671.4099731445312,673.9500122070312,679.75,3982200,679.75
2016-05-10,704.5499877929688,693.5,694.0,703.0700073242188,6105600,703.0700073242188
2016-05-11,719.0,701.6500244140625,705.7899780273438,713.22998046875,7338200,713.22998046875
2016-05-12,722.4500122070312,711.510009765625,717.3800048828125,717.9299926757812,5048200,717.9299926757812
2016-05-13,719.25,706.510009765625,714.6400146484375,709.9199829101562,4763400,709.9199829101562
2016-05-16,713.25,700.280029296875,710.1300048828125,710.6599731445312,5432900,710.6599731445312
2016-05-17,714.469970703125,693.9099731445312,709.9000244140625,695.27001953125,5121400,695.27001953125
2016-05-18,702.5399780273438,688.760009765625,689.5599975585938,697.4500122070312,4283200,697.4500122070312
2016-05-19,699.4000244140625,689.5599975585938,691.8800048828125,698.52001953125,3025600,698.52001953125
2016-05-20,707.239990234375,700.0,701.0499877929688,702.7999877929688,2916200,702.7999877929688
2016-05-23,706.0,696.4199829101562,704.25,696.75,2595100,696.75
2016-05-24,707.5,698.0,698.010009765625,704.2000122070312,3033800,704.2000122070312
2016-05-25,710.8599853515625,705.52001953125,708.0,708.3499755859375,3267700,708.3499755859375
2016-05-26,715.0,707.2899780273438,708.3300170898438,714.9099731445312,2446700,714.9099731445312
2016-05-27,716.5999755859375,711.0999755859375,715.0,712.239990234375,2249200,712.239990234375
2016-05-31,724.22998046875,711.3200073242188,712.3300170898438,722.7899780273438,3618300,722.7899780273438
