Date,High,Low,Open,Close,Volume,Adj Close
2003-03-03,22.610000610351562,21.739999771118164,22.149999618530273,21.809999465942383,4480300,21.809999465942383
2003-03-04,22.350000381469727,21.360000610351562,21.700000762939453,22.270000457763672,5434300,22.270000457763672
2003-03-05,22.6200008392334,22.020000457763672,22.079999923706055,22.420000076293945,5160400,22.420000076293945
2003-03-06,22.850000381469727,22.1200008392334,22.31999969482422,22.690000534057617,5427400,22.690000534057617
2003-03-07,23.040000915527344,22.260000228881836,22.31999969482422,22.969999313354492,5848400,22.969999313354492
2003-03-10,22.959999084472656,22.549999237060547,22.600000381469727,22.8799991607666,4406000,22.8799991607666
2003-03-11,22.920000076293945,22.510000228881836,22.75,22.780000686645508,4034100,22.780000686645508
2003-03-12,23.3799991607666,22.489999771118164,22.510000228881836,23.360000610351562,5573100,23.360000610351562
2003-03-13,24.59000015258789,23.1299991607666,23.68000030517578,24.420000076293945,11208900,24.420000076293945
2003-03-14,24.899999618530273,24.200000762939453,24.540000915527344,24.709999084472656,8907800,24.709999084472656
2003-03-17,26.84000015258789,24.399999618530273,24.469999313354492,26.549999237060547,15124900,26.549999237060547
2003-03-18,26.84000015258789,26.100000381469727,26.459999084472656,26.780000686645508,8749800,26.780000686645508
2003-03-19,26.690000534057617,26.15999984741211,26.329999923706055,26.540000915527344,8481000,26.540000915527344
2003-03-20,27.6299991607666,26.1299991607666,26.34000015258789,27.450000762939453,9376200,27.450000762939453
2003-03-21,27.950000762939453,27.040000915527344,27.709999084472656,27.93000030517578,10657700,27.93000030517578
2003-03-24,27.260000228881836,26.200000762939453,27.079999923706055,26.229999542236328,10340500,26.229999542236328
2003-03-25,27.09000015258789,26.209999084472656,26.25,26.899999618530273,7213200,26.899999618530273
2003-03-26,27.8700008392334,26.709999084472656,26.8799991607666,27.760000228881836,7375700,27.760000228881836
2003-03-27,28.040000915527344,27.450000762939453,27.59000015258789,27.770000457763672,10642100,27.770000457763672
2003-03-28,27.950000762939453,27.100000381469727,27.59000015258789,27.18000030517578,6437000,27.18000030517578
2003-03-31,26.739999771118164,25.959999084472656,26.56999969482422,26.030000686645508,9214800,26.030000686645508
