Date,High,Low,Open,Close,Volume,Adj Close
2015-08-03,540.4400024414062,529.3599853515625,537.4500122070312,535.030029296875,3014200,535.030029296875
2015-08-04,536.9500122070312,529.1599731445312,529.6900024414062,531.9000244140625,2934600,531.9000244140625
2015-08-05,539.1400146484375,534.1199951171875,538.7999877929688,537.010009765625,2889400,537.010009765625
2015-08-06,542.739990234375,527.52001953125,539.2999877929688,529.4600219726562,3820500,529.4600219726562
2015-08-07,529.4600219726562,518.2100219726562,529.1599731445312,522.6199951171875,3969200,522.6199951171875
2015-08-10,532.280029296875,523.0,528.52001953125,524.0,2615900,524.0
2015-08-11,528.97998046875,522.0,523.6500244140625,527.4600219726562,2676600,527.4600219726562
2015-08-12,527.5,513.0599975585938,523.75,525.9099731445312,3962300,525.9099731445312
2015-08-13,534.6599731445312,525.489990234375,527.3699951171875,529.6599731445312,2895200,529.6599731445312
2015-08-14,534.1099853515625,528.25,528.25,531.52001953125,1994800,531.52001953125
2015-08-17,538.739990234375,527.1199951171875,531.2899780273438,535.219970703125,2581700,535.219970703125
2015-08-18,539.489990234375,533.0,535.0399780273438,535.02001953125,2071300,535.02001953125
2015-08-19,537.25,529.0,533.739990234375,532.9199829101562,2324000,532.9199829101562
2015-08-20,533.25,515.77001953125,530.3900146484375,515.780029296875,4408000,515.780029296875
2015-08-21,512.3300170898438,494.4700012207031,507.3599853515625,494.4700012207031,6706500,494.4700012207031
2015-08-24,476.5799865722656,451.0,463.5799865722656,463.3699951171875,10097600,463.3699951171875
2015-08-25,489.44000244140625,466.25,487.489990234375,466.3699951171875,5679300,466.3699951171875
2015-08-26,503.7200012207031,478.760009765625,484.0199890136719,500.7699890136719,6358600,500.7699890136719
2015-08-27,522.6900024414062,507.260009765625,513.7100219726562,518.3699951171875,6114500,518.3699951171875
2015-08-28,521.5,513.0399780273438,517.5,518.010009765625,2746700,518.010009765625
2015-08-31,519.4099731445312,509.07000732421875,516.4400024414062,512.8900146484375,3002300,512.8900146484375
