Date,High,Low,Open,Close,Volume,Adj Close
2010-04-01,136.50999450683594,131.17999267578125,135.8000030517578,131.80999755859375,8785800,131.80999755859375
2010-04-05,133.74000549316406,130.77999877929688,132.85000610351562,131.49000549316406,5816500,131.49000549316406
2010-04-06,136.0,131.17999267578125,131.22999572753906,135.55999755859375,7950300,135.55999755859375
2010-04-07,136.0800018310547,133.86000061035156,135.9600067138672,134.8699951171875,5945400,134.8699951171875
2010-04-08,141.25,134.7100067138672,134.7100067138672,140.9600067138672,12689100,140.9600067138672
2010-04-09,141.3300018310547,139.07000732421875,140.72000122070312,140.05999755859375,6011100,140.05999755859375
2010-04-12,142.91000366210938,139.67999267578125,140.0,141.1999969482422,5445300,141.1999969482422
2010-04-13,141.97999572753906,139.1199951171875,141.22999572753906,140.16000366210938,4785500,140.16000366210938
2010-04-14,144.5,139.1999969482422,140.33999633789062,144.27999877929688,7900300,144.27999877929688
2010-04-15,147.08999633789062,144.0,144.5500030517578,145.82000732421875,7829600,145.82000732421875
2010-04-16,147.1699981689453,141.4499969482422,144.8800048828125,142.1699981689453,8396800,142.1699981689453
2010-04-19,143.6699981689453,139.1300048828125,142.35000610351562,142.42999267578125,6022000,142.42999267578125
2010-04-20,144.63999938964844,142.10000610351562,143.8300018310547,144.1999969482422,4311700,144.1999969482422
2010-04-21,149.0,143.52000427246094,145.1699981689453,146.42999267578125,7374400,146.42999267578125
2010-04-22,151.08999633789062,145.8800048828125,147.00999450683594,150.08999633789062,15165800,150.08999633789062
2010-04-23,149.08999633789062,142.4199981689453,145.3800048828125,143.6300048828125,18975200,143.6300048828125
2010-04-26,147.72999572753906,142.89999389648438,143.1999969482422,147.11000061035156,9318300,147.11000061035156
2010-04-27,146.44000244140625,141.11000061035156,145.5500030517578,142.02000427246094,8639000,142.02000427246094
2010-04-28,142.75,138.69000244140625,142.58999633789062,139.35000610351562,9235300,139.35000610351562
2010-04-29,142.4499969482422,139.7899932861328,140.08999633789062,141.72999572753906,6314200,141.72999572753906
2010-04-30,141.39999389648438,136.91000366210938,141.39999389648438,137.10000610351562,6113500,137.10000610351562
