Date,High,Low,Open,Close,Volume,Adj Close
2004-06-01,50.45000076293945,47.70000076293945,47.869998931884766,50.22999954223633,12940300,50.22999954223633
2004-06-02,51.209999084472656,49.77000045776367,50.4900016784668,50.349998474121094,12473500,50.349998474121094
2004-06-03,50.349998474121094,49.31999969482422,49.849998474121094,49.400001525878906,8341400,49.400001525878906
2004-06-04,51.5099983215332,50.0,50.04999923706055,50.95000076293945,12585600,50.95000076293945
2004-06-07,51.9900016784668,50.650001525878906,51.689998626708984,51.7599983215332,7688000,51.7599983215332
2004-06-08,52.119998931884766,51.099998474121094,51.29999923706055,51.939998626708984,5994700,51.939998626708984
2004-06-09,51.83000183105469,50.0099983215332,51.619998931884766,50.2400016784668,6579400,50.2400016784668
2004-06-10,50.470001220703125,49.2599983215332,50.400001525878906,49.939998626708984,7209000,49.939998626708984
2004-06-14,49.9900016784668,49.040000915527344,49.34000015258789,49.25,5180900,49.25
2004-06-15,50.599998474121094,49.4900016784668,49.709999084472656,50.11000061035156,6912500,50.11000061035156
2004-06-16,50.75,49.90999984741211,50.09000015258789,50.56999969482422,4097600,50.56999969482422
2004-06-17,50.90999984741211,49.40999984741211,50.5099983215332,49.77000045776367,5875500,49.77000045776367
2004-06-18,50.279998779296875,49.400001525878906,49.439998626708984,49.599998474121094,4416700,49.599998474121094
2004-06-21,50.29999923706055,49.25,49.45000076293945,49.77000045776367,4490300,49.77000045776367
2004-06-22,49.790000915527344,48.2400016784668,49.66999816894531,49.0,8120500,49.0
2004-06-23,51.0,48.349998474121094,48.77000045776367,50.810001373291016,7594700,50.810001373291016
2004-06-24,51.939998626708984,50.689998626708984,51.0,51.02000045776367,6760100,51.02000045776367
2004-06-25,51.93000030517578,50.869998931884766,51.04999923706055,51.79999923706055,6998100,51.79999923706055
2004-06-28,54.040000915527344,52.20000076293945,52.380001068115234,53.38999938964844,11503900,53.38999938964844
2004-06-29,53.939998626708984,52.650001525878906,53.220001220703125,53.709999084472656,8589400,53.709999084472656
2004-06-30,54.70000076293945,53.41999816894531,53.61000061035156,54.400001525878906,6899100,54.400001525878906
