Date,High,Low,Open,Close,Volume,Adj Close
2014-01-02,399.3599853515625,394.0199890136719,398.79998779296875,397.9700012207031,2137800,397.9700012207031
2014-01-03,402.7099914550781,396.2200012207031,398.2900085449219,396.44000244140625,2210200,396.44000244140625
2014-01-06,397.0,388.4200134277344,395.8500061035156,393.6300048828125,3170600,393.6300048828125
2014-01-07,398.4700012207031,394.2900085449219,395.0400085449219,398.0299987792969,1916000,398.0299987792969
2014-01-08,403.0,396.0400085449219,398.4700012207031,401.9200134277344,2316500,401.9200134277344
2014-01-09,406.8900146484375,398.44000244140625,403.7099914550781,401.010009765625,2103000,401.010009765625
2014-01-10,403.760009765625,393.79998779296875,402.5299987792969,397.6600036621094,2679500,397.6600036621094
2014-01-13,399.7799987792969,388.45001220703125,397.9800109863281,390.9800109863281,2844900,390.9800109863281
2014-01-14,398.6300048828125,391.2900085449219,392.1300048828125,397.5400085449219,2340100,397.5400085449219
2014-01-15,399.30999755859375,392.5299987792969,398.94000244140625,395.8699951171875,2678300,395.8699951171875
2014-01-16,399.2900085449219,389.4100036621094,393.67999267578125,395.79998779296875,2601200,395.79998779296875
2014-01-17,403.489990234375,393.6600036621094,394.260009765625,399.6099853515625,4505100,399.6099853515625
2014-01-21,407.79998779296875,401.6000061035156,403.0,407.04998779296875,3122100,407.04998779296875
2014-01-22,408.05999755859375,402.0,408.0,404.5400085449219,2060500,404.5400085449219
2014-01-23,406.1700134277344,397.7900085449219,401.0,399.8699951171875,3025400,399.8699951171875
2014-01-24,400.20001220703125,387.2699890136719,398.1600036621094,387.6000061035156,4458400,387.6000061035156
2014-01-27,394.1000061035156,380.489990234375,390.5,386.2799987792969,3936800,386.2799987792969
2014-01-28,394.739990234375,387.1199951171875,387.3999938964844,394.42999267578125,2894500,394.42999267578125
2014-01-29,392.8500061035156,383.239990234375,392.1600036621094,384.20001220703125,3382300,384.20001220703125
2014-01-30,406.25,387.70001220703125,393.7699890136719,403.010009765625,10473900,403.010009765625
2014-01-31,375.45001220703125,357.760009765625,371.760009765625,358.69000244140625,16154800,358.69000244140625
