Date,High,Low,Open,Close,Volume,Adj Close
2010-10-01,157.44000244140625,152.1999969482422,157.0800018310547,153.7100067138672,8683400,153.7100067138672
2010-10-04,155.9600067138672,152.7899932861328,153.9499969482422,155.38999938964844,5346500,155.38999938964844
2010-10-05,161.2100067138672,157.00999450683594,157.0800018310547,160.8699951171875,5620000,160.8699951171875
2010-10-06,160.67999267578125,154.60000610351562,160.60000610351562,155.39999389648438,6060800,155.39999389648438
2010-10-07,157.39999389648438,153.38999938964844,156.50999450683594,156.27000427246094,4622000,156.27000427246094
2010-10-08,156.27999877929688,152.77999877929688,155.17999267578125,155.5500030517578,6918400,155.5500030517578
2010-10-11,156.6300048828125,152.33999633789062,154.88999938964844,153.02999877929688,4486400,153.02999877929688
2010-10-12,156.9499969482422,151.39999389648438,152.50999450683594,156.47999572753906,5280800,156.47999572753906
2010-10-13,156.7899932861328,153.85000610351562,156.69000244140625,155.1699981689453,5632800,155.1699981689453
2010-10-14,156.9499969482422,154.22999572753906,155.16000366210938,155.52999877929688,4024100,155.52999877929688
2010-10-15,164.8800048828125,156.75,158.4199981689453,164.63999938964844,10135500,164.63999938964844
2010-10-18,165.19000244140625,161.82000732421875,165.0,163.55999755859375,6331300,163.55999755859375
2010-10-19,162.8000030517578,157.0,160.67999267578125,158.6699981689453,7525000,158.6699981689453
2010-10-20,159.8699951171875,156.57000732421875,158.77999877929688,158.6699981689453,5790400,158.6699981689453
2010-10-21,166.1300048828125,161.2899932861328,162.6699981689453,164.97000122070312,13482500,164.97000122070312
2010-10-22,170.1699981689453,162.27000427246094,162.4499969482422,169.1300048828125,16318400,169.1300048828125
2010-10-25,171.99000549316406,168.32000732421875,171.57000732421875,169.0,6530900,169.0
2010-10-26,171.0,167.5,167.57000732421875,169.9499969482422,4689600,169.9499969482422
2010-10-27,169.75,166.5399932861328,168.91000366210938,167.50999450683594,5721800,167.50999450683594
2010-10-28,168.49000549316406,165.0500030517578,168.30999755859375,166.83999633789062,4684400,166.83999633789062
2010-10-29,168.5,164.80999755859375,165.8000030517578,165.22999572753906,4998500,165.22999572753906
