Date,High,Low,Open,Close,Volume,Adj Close
2000-02-01,70.625,64.375,67.5,67.4375,13404600,67.4375
2000-02-02,72.25,67.75,67.9375,69.4375,14025900,69.4375
2000-02-03,85.9375,77.375,81.125,84.1875,43750000,84.1875
2000-02-04,82.75,77.875,82.75,78.5625,11023000,78.5625
2000-02-07,76.875,73.125,76.1875,75.0,10129000,75.0
2000-02-08,84.0,73.4375,74.0,83.125,19472800,83.125
2000-02-09,83.734375,80.015625,80.546875,80.25,9580400,80.25
2000-02-10,79.875,75.5,78.5,76.1875,9979600,76.1875
2000-02-11,79.125,75.5,77.125,76.1875,8309000,76.1875
2000-02-14,75.75,73.5625,75.6875,74.4375,5169700,74.4375
2000-02-15,76.1875,70.625,73.4375,73.8125,6424500,73.8125
2000-02-16,73.4375,70.625,72.75,70.6875,4260200,70.6875
2000-02-17,71.3125,68.0,71.25,69.0,6129600,69.0
2000-02-18,69.0,63.875,68.4375,64.75,8726400,64.75
2000-02-22,66.5,63.0625,64.9375,63.5625,5685800,63.5625
2000-02-23,71.75,64.6875,64.875,70.4375,8441200,70.4375
2000-02-24,71.375,65.625,70.5625,68.4375,5869300,68.4375
2000-02-25,69.375,65.1875,67.4375,69.125,4870500,69.125
2000-02-28,67.1875,64.125,66.5625,65.75,5057700,65.75
2000-02-29,68.96875,65.875,66.0,68.875,7148500,68.875
