Date,High,Low,Open,Close,Volume,Adj Close
2013-04-01,267.3999938964844,261.010009765625,266.9800109863281,261.6099853515625,2524800,261.6099853515625
2013-04-02,265.8900146484375,260.54998779296875,262.3999938964844,263.32000732421875,2631100,263.32000732421875
2013-04-03,263.6700134277344,257.75,262.1199951171875,259.0299987792969,2413800,259.0299987792969
2013-04-04,260.4100036621094,256.1199951171875,259.2300109863281,259.0799865722656,1964400,259.0799865722656
2013-04-05,256.17999267578125,253.6699981689453,255.72000122070312,255.47999572753906,2557400,255.47999572753906
2013-04-08,259.67999267578125,255.6300048828125,255.9199981689453,258.95001220703125,2295600,258.95001220703125
2013-04-09,262.6099853515625,257.0,258.8500061035156,261.1400146484375,2156600,261.1400146484375
2013-04-10,265.9800109863281,259.32000732421875,261.7799987792969,264.7699890136719,2322500,264.7699890136719
2013-04-11,270.9700012207031,264.739990234375,264.739990234375,269.8500061035156,3090500,269.8500061035156
2013-04-12,273.2699890136719,267.0199890136719,270.1199951171875,272.8699951171875,2866300,272.8699951171875
2013-04-15,275.1199951171875,267.1000061035156,271.0799865722656,267.7200012207031,3326000,267.7200012207031
2013-04-16,272.79998779296875,268.05999755859375,269.30999755859375,272.3399963378906,2137200,272.3399963378906
2013-04-17,270.8500061035156,264.25,270.79998779296875,267.3999938964844,3135100,267.3999938964844
2013-04-18,266.989990234375,256.6000061035156,266.80999755859375,259.4200134277344,3137600,259.4200134277344
2013-04-19,262.8800048828125,257.5,258.1600036621094,260.32000732421875,2602500,260.32000732421875
2013-04-22,264.6000061035156,258.0299987792969,259.3500061035156,263.54998779296875,2119100,263.54998779296875
2013-04-23,269.8699951171875,264.5,264.5,268.8999938964844,2270600,268.8999938964844
2013-04-24,271.4700012207031,266.80999755859375,269.5,268.7799987792969,1852800,268.7799987792969
2013-04-25,275.79998779296875,270.5,271.5299987792969,274.70001220703125,6116500,274.70001220703125
2013-04-26,272.0199890136719,252.80999755859375,269.9700012207031,254.80999755859375,14030000,254.80999755859375
2013-04-29,257.010009765625,249.14999389648438,254.89999389648438,249.74000549316406,7117000,249.74000549316406
2013-04-30,254.67999267578125,248.55999755859375,249.3699951171875,253.80999755859375,4248800,253.80999755859375
