Date,High,Low,Open,Close,Volume,Adj Close
2011-06-01,197.25999450683594,192.0500030517578,196.05999755859375,192.39999389648438,3445200,192.39999389648438
2011-06-02,194.44000244140625,190.55999755859375,192.27999877929688,193.64999389648438,3044900,193.64999389648438
2011-06-03,193.2100067138672,187.6199951171875,191.22999572753906,188.32000732421875,4974500,188.32000732421875
2011-06-06,189.85000610351562,185.17999267578125,188.00999450683594,185.69000244140625,3716000,185.69000244140625
2011-06-07,190.6300048828125,185.52000427246094,185.72000122070312,187.5500030517578,4866500,187.5500030517578
2011-06-08,189.80999755859375,186.32000732421875,187.4499969482422,188.0500030517578,3716600,188.0500030517578
2011-06-09,191.75999450683594,185.7100067138672,189.74000549316406,189.67999267578125,4187300,189.67999267578125
2011-06-10,190.77000427246094,186.27999877929688,189.25,186.52999877929688,3760400,186.52999877929688
2011-06-13,189.30999755859375,184.86000061035156,186.80999755859375,186.2899932861328,3868900,186.2899932861328
2011-06-14,190.72000122070312,187.07000732421875,188.99000549316406,189.9600067138672,3960300,189.9600067138672
2011-06-15,192.4499969482422,185.3000030517578,188.0399932861328,185.97999572753906,6317700,185.97999572753906
2011-06-16,187.0,181.58999633789062,185.74000549316406,183.64999389648438,6032100,183.64999389648438
2011-06-17,187.38999938964844,184.63999938964844,186.50999450683594,186.3699951171875,6322200,186.3699951171875
2011-06-20,188.85000610351562,185.57000732421875,185.9600067138672,187.72000122070312,2831700,187.72000122070312
2011-06-21,195.0,187.1199951171875,188.3000030517578,194.22999572753906,4182600,194.22999572753906
2011-06-22,195.1999969482422,191.32000732421875,193.9600067138672,191.6300048828125,3129700,191.6300048828125
2011-06-23,194.4600067138672,188.3000030517578,189.5,194.16000366210938,4609600,194.16000366210938
2011-06-24,194.9199981689453,191.35000610351562,193.8800048828125,192.5500030517578,3614500,192.5500030517578
2011-06-27,202.5800018310547,194.02999877929688,194.5,201.25,6100700,201.25
2011-06-28,202.8800048828125,200.60000610351562,201.9199981689453,202.35000610351562,3825300,202.35000610351562
2011-06-29,206.25,201.02999877929688,202.6699981689453,204.17999267578125,4608900,204.17999267578125
2011-06-30,205.1999969482422,200.5,200.77999877929688,204.49000549316406,4448100,204.49000549316406
