Date,High,Low,Open,Close,Volume,Adj Close
2002-10-01,17.059999465942383,16.010000228881836,16.229999542236328,16.950000762939453,9217300,16.950000762939453
2002-10-02,17.639999389648438,16.700000762939453,16.809999465942383,17.010000228881836,8223600,17.010000228881836
2002-10-03,17.25,16.65999984741211,16.790000915527344,16.75,6354100,16.75
2002-10-04,17.149999618530273,16.3799991607666,16.950000762939453,16.549999237060547,7649400,16.549999237060547
2002-10-07,16.959999084472656,16.3700008392334,16.549999237060547,16.639999389648438,5748100,16.639999389648438
2002-10-08,17.059999465942383,16.459999084472656,16.8799991607666,16.940000534057617,6098000,16.940000534057617
2002-10-09,17.1299991607666,16.600000381469727,16.700000762939453,16.860000610351562,6083500,16.860000610351562
2002-10-10,17.969999313354492,17.149999618530273,17.15999984741211,17.959999084472656,10528600,17.959999084472656
2002-10-11,18.739999771118164,18.100000381469727,18.18000030517578,18.459999084472656,9628500,18.459999084472656
2002-10-14,19.229999542236328,18.170000076293945,18.18000030517578,19.200000762939453,9872400,19.200000762939453
2002-10-15,20.139999389648438,18.649999618530273,19.84000015258789,18.940000534057617,14009200,18.940000534057617
2002-10-16,19.65999984741211,18.25,18.270000457763672,19.489999771118164,8742100,19.489999771118164
2002-10-17,20.219999313354492,18.43000030517578,20.100000381469727,18.739999771118164,14180900,18.739999771118164
2002-10-18,19.290000915527344,18.360000610351562,18.479999542236328,19.040000915527344,6568300,19.040000915527344
2002-10-21,19.530000686645508,18.719999313354492,18.889999389648438,19.260000228881836,6757700,19.260000228881836
2002-10-22,19.90999984741211,18.899999618530273,19.010000228881836,19.3799991607666,8645700,19.3799991607666
2002-10-23,19.81999969482422,19.3700008392334,19.520000457763672,19.75,6648100,19.75
2002-10-24,20.260000228881836,19.799999237060547,19.950000762939453,19.860000610351562,12929900,19.860000610351562
2002-10-25,19.360000610351562,18.479999542236328,18.84000015258789,19.299999237060547,15900000,19.299999237060547
2002-10-28,19.729999542236328,18.399999618530273,19.280000686645508,18.59000015258789,8799800,18.59000015258789
2002-10-29,18.920000076293945,18.06999969482422,18.510000228881836,18.56999969482422,7242000,18.56999969482422
2002-10-30,19.219999313354492,18.469999313354492,18.850000381469727,19.079999923706055,6888800,19.079999923706055
2002-10-31,19.479999542236328,18.850000381469727,19.030000686645508,19.360000610351562,6822600,19.360000610351562
