Date,High,Low,Open,Close,Volume,Adj Close
2010-09-01,132.60000610351562,126.16999816894531,126.36000061035156,132.49000549316406,7138300,132.49000549316406
2010-09-02,135.2100067138672,132.0500030517578,132.1699981689453,135.2100067138672,5407400,135.2100067138672
2010-09-03,139.5,136.6300048828125,136.88999938964844,138.7899932861328,6581200,138.7899932861328
2010-09-07,138.60000610351562,136.88999938964844,137.55999755859375,137.22000122070312,3883000,137.22000122070312
2010-09-08,139.6999969482422,136.4499969482422,137.92999267578125,139.13999938964844,5828500,139.13999938964844
2010-09-09,141.3699951171875,139.25999450683594,140.38999938964844,140.3800048828125,4958000,140.3800048828125
2010-09-10,142.60000610351562,140.0399932861328,140.75,142.44000244140625,5043600,142.44000244140625
2010-09-13,145.74000549316406,143.75999450683594,144.07000732421875,145.07000732421875,5077400,145.07000732421875
2010-09-14,146.6999969482422,143.8300018310547,144.5,145.75,4319400,145.75
2010-09-15,145.6199951171875,143.55999755859375,144.8800048828125,145.4499969482422,4903600,145.4499969482422
2010-09-16,148.22999572753906,145.16000366210938,145.39999389648438,148.1300048828125,5827000,148.1300048828125
2010-09-17,148.97999572753906,146.5,148.89999389648438,148.32000732421875,7259600,148.32000732421875
2010-09-20,151.9499969482422,147.35000610351562,148.6999969482422,151.3000030517578,6449400,151.3000030517578
2010-09-21,153.30999755859375,149.60000610351562,150.75999450683594,150.72999572753906,7542000,150.72999572753906
2010-09-22,152.6999969482422,149.10000610351562,149.83999633789062,151.8300018310547,6612400,151.8300018310547
2010-09-23,155.9199981689453,150.97000122070312,151.1999969482422,152.85000610351562,7065600,152.85000610351562
2010-09-24,160.88999938964844,155.4199981689453,155.42999267578125,160.72999572753906,10590600,160.72999572753906
2010-09-27,161.1999969482422,157.8800048828125,160.22000122070312,159.3699951171875,6446300,159.3699951171875
2010-09-28,160.8800048828125,154.88999938964844,159.83999633789062,159.6999969482422,8494200,159.6999969482422
2010-09-29,161.77999877929688,157.75,159.02999877929688,158.99000549316406,7287500,158.99000549316406
2010-09-30,160.92999267578125,155.60000610351562,160.00999450683594,157.05999755859375,7606000,157.05999755859375
