Date,High,Low,Open,Close,Volume,Adj Close
2009-12-01,139.35000610351562,135.75,136.94000244140625,138.5,9657600,138.5
2009-12-02,142.6699981689453,138.9600067138672,139.14999389648438,142.25,11798000,142.25
2009-12-03,145.91000366210938,140.77000427246094,143.6199951171875,141.1699981689453,16523500,141.1699981689453
2009-12-04,143.4499969482422,135.11000061035156,143.4199981689453,137.5800018310547,14827400,137.5800018310547
2009-12-07,139.0,133.83999633789062,138.0,134.2100067138672,7837000,134.2100067138672
2009-12-08,136.0800018310547,132.8699951171875,134.3000030517578,134.11000061035156,8002800,134.11000061035156
2009-12-09,134.7100067138672,129.82000732421875,134.60000610351562,131.30999755859375,12632900,131.30999755859375
2009-12-10,136.19000244140625,132.39999389648438,132.41000366210938,135.3800048828125,11343600,135.3800048828125
2009-12-11,136.2899932861328,133.1999969482422,136.07000732421875,134.14999389648438,8046700,134.14999389648438
2009-12-14,132.61000061035156,129.35000610351562,132.5,131.3800048828125,10022900,131.3800048828125
2009-12-15,132.4600067138672,129.58999633789062,130.75999450683594,130.22999572753906,7428800,130.22999572753906
2009-12-16,131.4499969482422,127.6500015258789,130.92999267578125,128.36000061035156,10261300,128.36000061035156
2009-12-17,130.0800018310547,126.9000015258789,129.36000061035156,126.91000366210938,8476500,126.91000366210938
2009-12-18,128.7899932861328,125.6500015258789,127.91000366210938,128.47999572753906,9605400,128.47999572753906
2009-12-21,133.1999969482422,130.19000244140625,130.47999572753906,132.7899932861328,9473600,132.7899932861328
2009-12-22,135.99000549316406,132.64999389648438,133.75999450683594,133.75,8257500,133.75
2009-12-23,139.0500030517578,134.35000610351562,134.8000030517578,138.94000244140625,9546100,138.94000244140625
2009-12-24,139.6999969482422,137.5399932861328,139.1999969482422,138.47000122070312,5128800,138.47000122070312
2009-12-28,141.97999572753906,138.52999877929688,139.75,139.30999755859375,8763900,139.30999755859375
2009-12-29,142.5800018310547,138.5500030517578,141.2899932861328,139.41000366210938,8400600,139.41000366210938
2009-12-30,138.39999389648438,135.27999877929688,138.39999389648438,136.49000549316406,6913200,136.49000549316406
2009-12-31,137.27999877929688,134.52000427246094,137.08999633789062,134.52000427246094,4523000,134.52000427246094
