Date,High,Low,Open,Close,Volume,Adj Close
2005-07-01,33.27000045776367,32.790000915527344,33.2400016784668,32.90999984741211,2932700,32.90999984741211
2005-07-05,34.47999954223633,33.45000076293945,33.5,34.08000183105469,7383800,34.08000183105469
2005-07-06,34.400001525878906,33.86000061035156,34.0099983215332,34.060001373291016,4397200,34.060001373291016
2005-07-07,34.5099983215332,33.79999923706055,33.79999923706055,33.959999084472656,4242900,33.959999084472656
2005-07-08,34.75,33.849998474121094,34.11000061035156,34.7400016784668,4257000,34.7400016784668
2005-07-11,35.68000030517578,34.599998474121094,34.720001220703125,35.59000015258789,5166000,35.59000015258789
2005-07-12,36.540000915527344,35.459999084472656,35.4900016784668,36.310001373291016,5877200,36.310001373291016
2005-07-13,36.54999923706055,36.189998626708984,36.27000045776367,36.5099983215332,3201800,36.5099983215332
2005-07-14,37.41999816894531,36.880001068115234,37.189998626708984,37.189998626708984,5863300,37.189998626708984
2005-07-15,37.5,36.75,37.349998474121094,37.150001525878906,5209000,37.150001525878906
2005-07-18,37.189998626708984,36.7599983215332,36.95000076293945,37.189998626708984,2973300,37.189998626708984
2005-07-19,38.16999816894531,36.689998626708984,37.380001068115234,38.16999816894531,5840600,38.16999816894531
2005-07-20,38.25,37.29999923706055,37.4900016784668,38.16999816894531,6368400,38.16999816894531
2005-07-21,39.75,37.7599983215332,38.959999084472656,37.95000076293945,11055600,37.95000076293945
2005-07-22,38.22999954223633,37.2400016784668,37.88999938964844,37.95000076293945,5871100,37.95000076293945
2005-07-25,39.040000915527344,37.849998474121094,38.0,37.95000076293945,5470000,37.95000076293945
2005-07-26,38.75,37.720001220703125,38.220001220703125,37.7400016784668,14782300,37.7400016784668
2005-07-27,43.7400016784668,41.84000015258789,42.0099983215332,43.650001525878906,46075600,43.650001525878906
2005-07-28,45.810001373291016,43.369998931884766,43.540000915527344,45.68000030517578,25141500,45.68000030517578
2005-07-29,45.75,44.61000061035156,45.310001373291016,45.150001525878906,10491800,45.150001525878906
