Date,High,Low,Open,Close,Volume,Adj Close
2009-02-02,62.0,58.130001068115234,58.56999969482422,61.150001525878906,19324300,61.150001525878906
2009-02-03,64.19999694824219,60.0,60.869998931884766,63.59000015258789,14694600,63.59000015258789
2009-02-04,63.439998626708984,60.83000183105469,63.380001068115234,61.060001373291016,13726300,61.060001373291016
2009-02-05,63.810001373291016,60.630001068115234,61.150001525878906,63.18000030517578,10169600,63.18000030517578
2009-02-06,67.0,63.18000030517578,63.18000030517578,66.55000305175781,12044900,66.55000305175781
2009-02-09,67.36000061035156,65.37999725341797,66.55999755859375,66.70999908447266,9437600,66.70999908447266
2009-02-10,67.2300033569336,63.06999969482422,66.1500015258789,63.310001373291016,10700600,63.310001373291016
2009-02-11,64.9000015258789,62.25,63.099998474121094,64.3499984741211,8347300,64.3499984741211
2009-02-12,64.25,61.709999084472656,63.25,63.959999084472656,8095500,63.959999084472656
2009-02-13,64.68000030517578,62.869998931884766,63.970001220703125,63.2599983215332,4130900,63.2599983215332
2009-02-17,62.650001525878906,61.18000030517578,61.66999816894531,61.66999816894531,7126100,61.66999816894531
2009-02-18,62.779998779296875,60.52000045776367,62.27000045776367,62.349998474121094,7366000,62.349998474121094
2009-02-19,64.18000030517578,61.66999816894531,62.84000015258789,61.95000076293945,6768900,61.95000076293945
2009-02-20,64.1500015258789,60.84000015258789,61.06999969482422,63.86000061035156,9354500,63.86000061035156
2009-02-23,64.91000366210938,61.52000045776367,64.16000366210938,61.709999084472656,7336000,61.709999084472656
2009-02-24,66.0999984741211,61.88999938964844,61.970001220703125,65.5999984741211,10271400,65.5999984741211
2009-02-25,65.75,62.81999969482422,64.9000015258789,63.709999084472656,9122100,63.709999084472656
2009-02-26,64.7300033569336,62.34000015258789,64.12000274658203,62.34000015258789,7275300,62.34000015258789
2009-02-27,65.08000183105469,60.939998626708984,61.2599983215332,64.79000091552734,11488300,64.79000091552734
