Date,High,Low,Open,Close,Volume,Adj Close
2001-08-01,12.859999656677246,12.170000076293945,12.729999542236328,12.5,5510600,12.5
2001-08-02,12.600000381469727,12.100000381469727,12.59000015258789,12.1899995803833,3872500,12.1899995803833
2001-08-03,12.390000343322754,12.109999656677246,12.239999771118164,12.149999618530273,3084900,12.149999618530273
2001-08-06,12.199999809265137,11.850000381469727,12.180000305175781,11.899999618530273,2661800,11.899999618530273
2001-08-07,11.899999618530273,11.520000457763672,11.890000343322754,11.600000381469727,2560200,11.600000381469727
2001-08-08,11.550000190734863,11.029999732971191,11.510000228881836,11.109999656677246,3373400,11.109999656677246
2001-08-09,11.170000076293945,10.25,11.140000343322754,10.460000038146973,6049000,10.460000038146973
2001-08-10,10.649999618530273,9.9399995803833,10.579999923706055,9.949999809265137,9187300,9.949999809265137
2001-08-13,10.300000190734863,9.770000457763672,10.100000381469727,10.119999885559082,4831500,10.119999885559082
2001-08-14,11.039999961853027,10.270000457763672,10.319999694824219,10.529999732971191,4807100,10.529999732971191
2001-08-15,10.829999923706055,10.0,10.539999961853027,10.079999923706055,3358500,10.079999923706055
2001-08-16,10.149999618530273,9.399999618530273,10.079999923706055,9.8100004196167,6227100,9.8100004196167
2001-08-17,10.09000015258789,9.449999809265137,9.510000228881836,9.989999771118164,5360600,9.989999771118164
2001-08-20,10.40999984741211,9.949999809265137,10.1899995803833,10.399999618530273,3614000,10.399999618530273
2001-08-21,10.789999961853027,9.880000114440918,10.699999809265137,9.890000343322754,5138300,9.890000343322754
2001-08-22,10.229999542236328,9.59000015258789,10.15999984741211,10.199999809265137,4126200,10.199999809265137
2001-08-23,10.15999984741211,9.569999694824219,10.130000114440918,9.630000114440918,4000700,9.630000114440918
2001-08-24,10.300000190734863,9.720000267028809,9.84000015258789,10.229999542236328,3779900,10.229999542236328
2001-08-27,10.270000457763672,9.90999984741211,10.09000015258789,10.130000114440918,2618000,10.130000114440918
2001-08-28,10.149999618530273,9.5600004196167,10.119999885559082,9.970000267028809,3229100,9.970000267028809
2001-08-29,10.050000190734863,9.010000228881836,10.039999961853027,9.1899995803833,3803600,9.1899995803833
2001-08-30,9.489999771118164,8.550000190734863,9.0600004196167,8.6899995803833,5851400,8.6899995803833
2001-08-31,9.300000190734863,8.6899995803833,8.699999809265137,8.9399995803833,3641600,8.9399995803833
