Date,High,Low,Open,Close,Volume,Adj Close
2012-11-01,234.5500030517578,231.33999633789062,234.22999572753906,232.13999938964844,3905100,232.13999938964844
2012-11-02,237.39999389648438,232.11000061035156,234.00999450683594,232.4199981689453,3374700,232.4199981689453
2012-11-05,234.8300018310547,230.11000061035156,232.0399932861328,234.3300018310547,1846100,234.3300018310547
2012-11-06,237.75,234.4499969482422,235.41000366210938,237.55999755859375,2661300,237.55999755859375
2012-11-07,235.66000366210938,229.4199981689453,235.64999389648438,232.05999755859375,3624200,232.05999755859375
2012-11-08,233.4499969482422,227.10000610351562,232.22000122070312,227.35000610351562,2982400,227.35000610351562
2012-11-09,230.97000122070312,224.60000610351562,226.25999450683594,226.30999755859375,3092500,226.30999755859375
2012-11-12,229.22000122070312,225.41000366210938,226.58999633789062,226.47000122070312,2128800,226.47000122070312
2012-11-13,227.89999389648438,224.7100067138672,225.1199951171875,226.60000610351562,2629800,226.60000610351562
2012-11-14,227.41000366210938,222.50999450683594,226.5,222.9499969482422,3034100,222.9499969482422
2012-11-15,225.16000366210938,218.17999267578125,222.3000030517578,220.60000610351562,3404700,220.60000610351562
2012-11-16,226.25,218.63999938964844,221.30999755859375,225.22999572753906,4352800,225.22999572753906
2012-11-19,232.5,227.4499969482422,228.32000732421875,229.7100067138672,3591200,229.7100067138672
2012-11-20,233.82000732421875,229.5,230.0,233.77999877929688,2771700,233.77999877929688
2012-11-21,238.6699981689453,232.75,233.83999633789062,238.02999877929688,2959300,238.02999877929688
2012-11-23,240.0,236.47999572753906,239.88999938964844,239.8800048828125,1776800,239.8800048828125
2012-11-26,244.32000732421875,238.0,240.38999938964844,243.6199951171875,4178300,243.6199951171875
2012-11-27,245.6699981689453,241.5399932861328,243.22000122070312,243.39999389648438,3048500,243.39999389648438
2012-11-28,247.22999572753906,241.5,242.4499969482422,247.11000061035156,2743400,247.11000061035156
2012-11-29,252.47999572753906,247.5,248.0500030517578,251.27000427246094,5310500,251.27000427246094
2012-11-30,252.64999389648438,248.27000427246094,250.3800048828125,252.0500030517578,3797400,252.0500030517578
