Date,High,Low,Open,Close,Volume,Adj Close
2014-03-03,360.9599914550781,354.4800109863281,358.739990234375,359.7799987792969,2798300,359.7799987792969
2014-03-04,365.67999267578125,362.4599914550781,363.8999938964844,363.8999938964844,2704400,363.8999938964844
2014-03-05,372.7300109863281,363.8999938964844,364.1300048828125,372.3699951171875,3848300,372.3699951171875
2014-03-06,375.3299865722656,368.8999938964844,374.04998779296875,372.1600036621094,2926600,372.1600036621094
2014-03-07,374.989990234375,369.5299987792969,374.5799865722656,372.05999755859375,2279800,372.05999755859375
2014-03-10,372.7300109863281,367.0,372.69000244140625,370.5299987792969,2105800,370.5299987792969
2014-03-11,372.79998779296875,367.2799987792969,370.989990234375,368.82000732421875,2246100,368.82000732421875
2014-03-12,371.1600036621094,363.6099853515625,366.3999938964844,370.6400146484375,2216600,370.6400146484375
2014-03-13,383.1099853515625,368.0799865722656,376.6199951171875,371.510009765625,6829000,371.510009765625
2014-03-14,378.57000732421875,371.54998779296875,372.79998779296875,373.739990234375,4402200,373.739990234375
2014-03-17,378.8500061035156,374.8800048828125,375.7200012207031,375.0400085449219,2303000,375.0400085449219
2014-03-18,379.0,375.0,377.32000732421875,378.7699890136719,2483500,378.7699890136719
2014-03-19,379.0,369.4200134277344,378.7699890136719,373.2300109863281,2646700,373.2300109863281
2014-03-20,373.0,366.2200012207031,370.6400146484375,368.9700012207031,2558500,368.9700012207031
2014-03-21,372.8399963378906,358.3999938964844,371.0,360.6199951171875,5414100,360.6199951171875
2014-03-24,361.5,348.6000061035156,360.0899963378906,351.8500061035156,4873500,351.8500061035156
2014-03-25,358.9700012207031,348.8399963378906,354.0299987792969,354.7099914550781,4445700,354.7099914550781
2014-03-26,357.6000061035156,343.3999938964844,357.1300048828125,343.4100036621094,4120700,343.4100036621094
2014-03-27,344.0,330.8800048828125,343.1499938964844,338.4700012207031,5766400,338.4700012207031
2014-03-28,347.0,336.0799865722656,340.04998779296875,338.2900085449219,3986800,338.2900085449219
2014-03-31,346.2900085449219,334.05999755859375,342.3999938964844,336.3699951171875,4297500,336.3699951171875
