Date,High,Low,Open,Close,Volume,Adj Close
2011-01-03,186.0,181.2100067138672,181.3699951171875,184.22000122070312,5331400,184.22000122070312
2011-01-04,187.6999969482422,183.77999877929688,186.14999389648438,185.00999450683594,5031800,185.00999450683594
2011-01-05,187.4499969482422,184.07000732421875,184.10000610351562,187.4199981689453,3418800,187.4199981689453
2011-01-06,187.41000366210938,185.25,186.5,185.86000061035156,3179700,185.86000061035156
2011-01-07,188.4499969482422,183.74000549316406,187.8800048828125,185.49000549316406,5221700,185.49000549316406
2011-01-10,185.2899932861328,182.50999450683594,185.0399932861328,184.67999267578125,3375900,184.67999267578125
2011-01-11,186.0,183.2100067138672,185.4199981689453,184.33999633789062,2814200,184.33999633789062
2011-01-12,185.3800048828125,183.3000030517578,185.36000061035156,184.0800018310547,2679100,184.0800018310547
2011-01-13,186.4499969482422,183.50999450683594,183.60000610351562,185.52999877929688,3367000,185.52999877929688
2011-01-14,188.94000244140625,184.9199981689453,185.5,188.75,3662800,188.75
2011-01-18,191.60000610351562,188.25,188.66000366210938,191.25,3896200,191.25
2011-01-19,191.0,186.2100067138672,190.89999389648438,186.8699951171875,3882400,186.8699951171875
2011-01-20,186.85000610351562,181.0,185.2899932861328,181.9600067138672,5709900,181.9600067138672
2011-01-21,183.25,176.83999633789062,183.0,177.4199981689453,6806200,177.4199981689453
2011-01-24,178.49000549316406,174.14999389648438,177.9499969482422,176.85000610351562,5600300,176.85000610351562
2011-01-25,176.75,174.27999877929688,175.5,176.6999969482422,4651000,176.6999969482422
2011-01-26,177.88999938964844,174.6300048828125,177.50999450683594,175.38999938964844,3762200,175.38999938964844
2011-01-27,185.0,177.30999755859375,177.47999572753906,184.4499969482422,14594400,184.4499969482422
2011-01-28,173.7100067138672,166.89999389648438,171.4499969482422,171.13999938964844,19908200,171.13999938964844
2011-01-31,171.44000244140625,167.41000366210938,170.16000366210938,169.63999938964844,6718100,169.63999938964844
