Date,High,Low,Open,Close,Volume,Adj Close
2001-09-04,9.1899995803833,8.520000457763672,8.949999809265137,8.59000015258789,4857700,8.59000015258789
2001-09-05,8.680000305175781,6.849999904632568,8.65999984741211,7.650000095367432,21073400,7.650000095367432
2001-09-06,8.1899995803833,7.670000076293945,7.840000152587891,8.149999618530273,7131600,8.149999618530273
2001-09-07,8.609999656677246,7.849999904632568,7.960000038146973,8.510000228881836,7122100,8.510000228881836
2001-09-10,8.649999618530273,8.0600004196167,8.399999618530273,8.630000114440918,5833600,8.630000114440918
2001-09-17,8.050000190734863,7.050000190734863,7.300000190734863,7.489999771118164,10573500,7.489999771118164
2001-09-18,7.75,7.25,7.590000152587891,7.289999961853027,6270900,7.289999961853027
2001-09-19,7.449999809265137,6.639999866485596,7.349999904632568,7.309999942779541,9436500,7.309999942779541
2001-09-20,7.639999866485596,7.050000190734863,7.110000133514404,7.480000019073486,8630900,7.480000019073486
2001-09-21,7.71999979019165,6.690000057220459,6.949999809265137,7.480000019073486,12866100,7.480000019073486
2001-09-24,7.829999923706055,7.340000152587891,7.699999809265137,7.460000038146973,5102700,7.460000038146973
2001-09-25,7.570000171661377,7.019999980926514,7.489999771118164,7.090000152587891,4863100,7.090000152587891
2001-09-26,7.230000019073486,6.0,7.199999809265137,6.349999904632568,7839100,6.349999904632568
2001-09-27,6.639999866485596,5.670000076293945,6.46999979019165,6.199999809265137,8275000,6.199999809265137
2001-09-28,6.46999979019165,5.829999923706055,6.25,5.96999979019165,6967200,5.96999979019165
