Date,High,Low,Open,Close,Volume,Adj Close
2001-11-01,7.099999904632568,6.599999904632568,7.079999923706055,6.949999809265137,5053500,6.949999809265137
2001-11-02,6.949999809265137,6.670000076293945,6.949999809265137,6.710000038146973,3697100,6.710000038146973
2001-11-05,7.199999809265137,6.960000038146973,7.099999904632568,6.989999771118164,6287800,6.989999771118164
2001-11-06,7.130000114440918,6.909999847412109,7.079999923706055,7.050000190734863,5607800,7.050000190734863
2001-11-07,7.679999828338623,7.0,7.010000228881836,7.429999828338623,9715600,7.429999828338623
2001-11-08,7.670000076293945,6.739999771118164,7.659999847412109,6.96999979019165,9489700,6.96999979019165
2001-11-09,7.21999979019165,6.96999979019165,7.050000190734863,7.119999885559082,4400400,7.119999885559082
2001-11-12,7.239999771118164,6.800000190734863,7.159999847412109,7.050000190734863,3827300,7.050000190734863
2001-11-13,7.53000020980835,7.199999809265137,7.440000057220459,7.289999961853027,6136300,7.289999961853027
2001-11-14,9.489999771118164,7.599999904632568,7.630000114440918,9.489999771118164,29529800,9.489999771118164
2001-11-15,9.899999618530273,8.75,9.220000267028809,9.050000190734863,20948200,9.050000190734863
2001-11-16,9.350000381469727,8.75,9.210000038146973,8.949999809265137,13062000,8.949999809265137
2001-11-19,9.5,9.0,9.350000381469727,9.1899995803833,10011400,9.1899995803833
2001-11-20,9.300000190734863,8.600000381469727,9.069999694824219,8.600000381469727,7452000,8.600000381469727
2001-11-21,8.970000267028809,8.039999961853027,8.739999771118164,8.800000190734863,8996600,8.800000190734863
2001-11-23,9.140000343322754,8.5600004196167,8.899999618530273,9.079999923706055,4072800,9.079999923706055
2001-11-26,12.220000267028809,9.800000190734863,9.829999923706055,12.210000038146973,50689200,12.210000038146973
2001-11-27,12.25,11.220000267028809,12.050000190734863,11.479999542236328,34308800,11.479999542236328
2001-11-28,12.399999618530273,11.180000305175781,11.239999771118164,11.59000015258789,48516200,11.59000015258789
2001-11-29,11.899999618530273,10.789999961853027,11.890000343322754,11.149999618530273,20274000,11.149999618530273
2001-11-30,11.550000190734863,10.800000190734863,11.300000190734863,11.319999694824219,8888800,11.319999694824219
