Date,High,Low,Open,Close,Volume,Adj Close
2010-07-01,111.69000244140625,106.69999694824219,108.9000015258789,110.95999908447266,8529800,110.95999908447266
2010-07-02,111.29000091552734,108.55999755859375,110.91999816894531,109.13999938964844,4477100,109.13999938964844
2010-07-06,112.52999877929688,109.0,110.6500015258789,110.05999755859375,5219300,110.05999755859375
2010-07-07,113.62999725341797,109.80999755859375,109.83999633789062,113.43000030517578,4941000,113.43000030517578
2010-07-08,117.4800033569336,114.06999969482422,115.0199966430664,116.22000122070312,6775000,116.22000122070312
2010-07-09,117.4000015258789,114.6500015258789,116.55000305175781,117.26000213623047,4065100,117.26000213623047
2010-07-12,119.69999694824219,117.31999969482422,117.80999755859375,119.51000213623047,4783600,119.51000213623047
2010-07-13,124.87999725341797,120.30000305175781,120.69000244140625,123.6500015258789,7091100,123.6500015258789
2010-07-14,123.75,121.47000122070312,123.02999877929688,123.30000305175781,5257000,123.30000305175781
2010-07-15,122.4800033569336,119.26000213623047,120.12999725341797,122.05999755859375,6047700,122.05999755859375
2010-07-16,121.91999816894531,118.01000213623047,121.27999877929688,118.48999786376953,6227900,118.48999786376953
2010-07-19,120.73999786376953,117.0,118.37999725341797,119.94000244140625,5030900,119.94000244140625
2010-07-20,120.70999908447266,117.51000213623047,120.61000061035156,120.0999984741211,6785000,120.0999984741211
2010-07-21,121.25,117.26000213623047,120.62000274658203,117.43000030517578,5011700,117.43000030517578
2010-07-22,120.87000274658203,118.0199966430664,118.70999908447266,120.06999969482422,15003400,120.06999969482422
2010-07-23,119.27999877929688,105.80000305175781,105.93000030517578,118.87000274658203,42421100,118.87000274658203
2010-07-26,118.5999984741211,114.87999725341797,118.26000213623047,118.4000015258789,11137800,118.4000015258789
2010-07-27,118.5,115.06999969482422,118.43000030517578,117.12999725341797,7796100,117.12999725341797
2010-07-28,118.19999694824219,116.4000015258789,117.0,117.12999725341797,5472300,117.12999725341797
2010-07-29,118.87000274658203,115.5199966430664,117.98999786376953,116.86000061035156,6175800,116.86000061035156
2010-07-30,118.73999786376953,114.51000213623047,115.52999877929688,117.88999938964844,7077500,117.88999938964844
