Date,High,Low,Open,Close,Volume,Adj Close
2017-11-01,1108.969970703125,1096.739990234375,1105.4000244140625,1103.6800537109375,3755500,1103.6800537109375
2017-11-02,1101.93994140625,1086.8699951171875,1097.81005859375,1094.219970703125,3684900,1094.219970703125
2017-11-03,1112.6800537109375,1088.52001953125,1091.1500244140625,1111.5999755859375,3751500,1111.5999755859375
2017-11-06,1125.4100341796875,1108.77001953125,1109.1500244140625,1120.6600341796875,3381100,1120.6600341796875
2017-11-07,1130.5999755859375,1117.5,1124.739990234375,1123.1700439453125,2689000,1123.1700439453125
2017-11-08,1135.5400390625,1119.1099853515625,1122.8199462890625,1132.8800048828125,2581500,1132.8800048828125
2017-11-09,1129.6199951171875,1115.77001953125,1125.9599609375,1129.1300048828125,3732700,1129.1300048828125
2017-11-10,1131.75,1124.06005859375,1126.0999755859375,1125.3499755859375,2179900,1125.3499755859375
2017-11-13,1139.9000244140625,1122.3399658203125,1123.0,1129.1700439453125,2918400,1129.1700439453125
2017-11-14,1138.0,1123.8900146484375,1130.1099853515625,1136.8399658203125,3138400,1136.8399658203125
2017-11-15,1131.75,1121.6300048828125,1127.010009765625,1126.68994140625,3928700,1126.68994140625
2017-11-16,1138.1600341796875,1130.050048828125,1130.1600341796875,1137.2900390625,2213300,1137.2900390625
2017-11-17,1138.800048828125,1125.81005859375,1138.280029296875,1129.8800048828125,2413400,1129.8800048828125
2017-11-20,1133.4200439453125,1122.550048828125,1129.77001953125,1126.31005859375,2163900,1126.31005859375
2017-11-21,1140.0,1128.199951171875,1132.8599853515625,1139.489990234375,2479400,1139.489990234375
2017-11-22,1160.27001953125,1141.0,1141.0,1156.1600341796875,3555300,1156.1600341796875
2017-11-24,1186.8399658203125,1160.699951171875,1160.699951171875,1186.0,3528000,1186.0
2017-11-27,1213.4100341796875,1191.1500244140625,1202.6600341796875,1195.8299560546875,6744000,1195.8299560546875
2017-11-28,1205.3399658203125,1188.52001953125,1204.8800048828125,1193.5999755859375,4559400,1193.5999755859375
2017-11-29,1194.800048828125,1145.18994140625,1194.800048828125,1161.27001953125,9257500,1161.27001953125
2017-11-30,1178.5699462890625,1160.0,1167.0999755859375,1176.75,4509200,1176.75
