Date,High,Low,Open,Close,Volume,Adj Close
2010-03-01,124.66000366210938,117.52999877929688,118.69999694824219,124.54000091552734,13296500,124.54000091552734
2010-03-02,127.3499984741211,124.80000305175781,125.01000213623047,125.52999877929688,12097500,125.52999877929688
2010-03-03,126.94000244140625,124.43000030517578,125.4000015258789,125.88999938964844,6440400,125.88999938964844
2010-03-04,128.85000610351562,125.56999969482422,125.9800033569336,128.52999877929688,7509700,128.52999877929688
2010-03-05,129.4499969482422,127.06999969482422,129.1300048828125,128.91000366210938,6769300,128.91000366210938
2010-03-08,130.85000610351562,127.70999908447266,128.3000030517578,130.11000061035156,5605900,130.11000061035156
2010-03-09,130.80999755859375,127.97000122070312,129.58999633789062,128.82000732421875,6070800,128.82000732421875
2010-03-10,131.1699981689453,128.47999572753906,129.11000061035156,130.50999450683594,5625700,130.50999450683594
2010-03-11,133.6199951171875,130.36000061035156,130.4499969482422,133.5800018310547,7240800,133.5800018310547
2010-03-12,134.1999969482422,131.17999267578125,134.1999969482422,131.82000732421875,6150800,131.82000732421875
2010-03-15,132.0,128.6300048828125,131.6999969482422,131.1300048828125,6329200,131.1300048828125
2010-03-16,132.2899932861328,130.5,131.24000549316406,131.7899932861328,4132500,131.7899932861328
2010-03-17,132.69000244140625,131.22000122070312,132.41000366210938,131.33999633789062,4358800,131.33999633789062
2010-03-18,132.85000610351562,130.44000244140625,131.02000427246094,132.75999450683594,5021300,132.75999450683594
2010-03-19,133.7100067138672,129.66000366210938,133.7100067138672,130.35000610351562,8905000,130.35000610351562
2010-03-22,130.9600067138672,128.63999938964844,130.1999969482422,130.47000122070312,5383400,130.47000122070312
2010-03-23,130.94000244140625,128.07000732421875,130.88999938964844,129.25999450683594,4213100,129.25999450683594
2010-03-24,129.39999389648438,127.19999694824219,128.63999938964844,128.0399932861328,4696400,128.0399932861328
2010-03-25,136.91000366210938,128.0399932861328,129.13999938964844,134.72999572753906,16209600,134.72999572753906
2010-03-26,136.99000549316406,133.75999450683594,134.89999389648438,135.05999755859375,6565700,135.05999755859375
2010-03-29,136.6300048828125,134.3300018310547,135.3699951171875,135.1199951171875,4626900,135.1199951171875
2010-03-30,138.19000244140625,135.36000061035156,135.74000549316406,136.5800018310547,6192700,136.5800018310547
2010-03-31,136.8000030517578,134.47999572753906,136.0,135.77000427246094,4600600,135.77000427246094
