Date,High,Low,Open,Close,Volume,Adj Close
2012-05-01,232.97000122070312,228.39999389648438,229.39999389648438,230.0399932861328,6754900,230.0399932861328
2012-05-02,231.44000244140625,227.39999389648438,227.82000732421875,230.25,4593400,230.25
2012-05-03,232.52999877929688,228.02999877929688,229.74000549316406,229.4499969482422,4055500,229.4499969482422
2012-05-04,229.72000122070312,223.74000549316406,227.8000030517578,223.99000549316406,4585200,223.99000549316406
2012-05-07,226.8699951171875,222.2899932861328,222.36000061035156,225.16000366210938,3314300,225.16000366210938
2012-05-08,225.38999938964844,218.1999969482422,223.14999389648438,223.89999389648438,4522400,223.89999389648438
2012-05-09,225.77999877929688,220.16000366210938,220.58999633789062,222.97999572753906,3712000,222.97999572753906
2012-05-10,229.0800018310547,221.9499969482422,223.91000366210938,226.69000244140625,4648400,226.69000244140625
2012-05-11,230.67999267578125,225.72999572753906,225.9499969482422,227.67999267578125,4193600,227.67999267578125
2012-05-14,227.2899932861328,222.50999450683594,225.60000610351562,222.92999267578125,3096600,222.92999267578125
2012-05-15,230.61000061035156,223.0,226.5,224.38999938964844,5713700,224.38999938964844
2012-05-16,228.0,222.5,225.0,224.05999755859375,5261800,224.05999755859375
2012-05-17,226.0,218.08999633789062,225.0500030517578,218.36000061035156,4505500,218.36000061035156
2012-05-18,219.6300048828125,212.80999755859375,219.41000366210938,213.85000610351562,5231700,213.85000610351562
2012-05-21,219.97999572753906,212.82000732421875,214.02999877929688,218.11000061035156,3579800,218.11000061035156
2012-05-22,218.8699951171875,213.9600067138672,218.30999755859375,215.3300018310547,3733100,215.3300018310547
2012-05-23,217.5500030517578,211.17999267578125,214.7100067138672,217.27999877929688,4243800,217.27999877929688
2012-05-24,217.66000366210938,212.6999969482422,216.97999572753906,215.24000549316406,3141100,215.24000549316406
2012-05-25,215.97999572753906,212.22000122070312,214.99000549316406,212.88999938964844,2171400,212.88999938964844
2012-05-29,216.5500030517578,212.2899932861328,214.3000030517578,214.75,2693900,214.75
2012-05-30,212.97999572753906,207.75,212.13999938964844,209.22999572753906,4078200,209.22999572753906
2012-05-31,213.7899932861328,207.11000061035156,209.47999572753906,212.91000366210938,4944000,212.91000366210938
