Date,High,Low,Open,Close,Volume,Adj Close
2014-07-01,333.20001220703125,325.1000061035156,325.8599853515625,332.3900146484375,3173600,332.3900146484375
2014-07-02,336.760009765625,331.6600036621094,333.20001220703125,332.8500061035156,2681300,332.8500061035156
2014-07-03,338.29998779296875,333.0799865722656,334.8299865722656,337.489990234375,1944300,337.489990234375
2014-07-07,337.54998779296875,332.5199890136719,337.5,333.54998779296875,2128900,333.54998779296875
2014-07-08,333.739990234375,321.3999938964844,333.1000061035156,323.80999755859375,4271600,323.80999755859375
2014-07-09,330.20001220703125,323.1499938964844,324.7099914550781,329.9700012207031,3166100,329.9700012207031
2014-07-10,329.9800109863281,322.6499938964844,324.3399963378906,327.9200134277344,2665000,327.9200134277344
2014-07-11,347.0,334.7099914550781,334.7099914550781,346.20001220703125,8300800,346.20001220703125
2014-07-14,355.7699890136719,345.3599853515625,347.0299987792969,355.32000732421875,5609900,355.32000732421875
2014-07-15,355.5899963378906,349.3999938964844,353.7200012207031,354.44000244140625,4170900,354.44000244140625
2014-07-16,359.32000732421875,353.0,355.6199951171875,355.8999938964844,3503600,355.8999938964844
2014-07-17,356.9599914550781,351.3800048828125,353.44000244140625,352.45001220703125,3636000,352.45001220703125
2014-07-18,359.67999267578125,352.0799865722656,354.3999938964844,358.6600036621094,3407400,358.6600036621094
2014-07-21,361.7099914550781,356.7200012207031,358.1000061035156,359.760009765625,2278400,359.760009765625
2014-07-22,362.92999267578125,355.25,355.25,360.8399963378906,2888900,360.8399963378906
2014-07-23,360.6300048828125,356.6199951171875,359.04998779296875,358.1400146484375,2687300,358.1400146484375
2014-07-24,364.8500061035156,358.5199890136719,359.9800109863281,358.6099853515625,7088700,358.6099853515625
2014-07-25,324.8699951171875,314.760009765625,317.29998779296875,324.010009765625,17846500,324.010009765625
2014-07-28,324.82000732421875,316.5,324.25,320.4100036621094,5932000,320.4100036621094
2014-07-29,322.8999938964844,319.5,321.9800109863281,320.0,2883800,320.0
2014-07-30,322.7300109863281,318.5,321.45001220703125,322.510009765625,3969000,322.510009765625
2014-07-31,320.67999267578125,311.8599853515625,320.010009765625,312.989990234375,5192000,312.989990234375
