Date,High,Low,Open,Close,Volume,Adj Close
2014-12-01,340.6400146484375,325.92999267578125,338.1199951171875,326.0,4944900,326.0
2014-12-02,327.92999267578125,323.25,327.5,326.30999755859375,2790300,326.30999755859375
2014-12-03,326.7699890136719,314.3599853515625,325.7300109863281,316.5,5681000,316.5
2014-12-04,318.5899963378906,313.4700012207031,315.5299987792969,316.92999267578125,3290300,316.92999267578125
2014-12-05,316.92999267578125,310.8399963378906,316.79998779296875,312.6300048828125,3265200,312.6300048828125
2014-12-08,316.55999755859375,304.82000732421875,311.57000732421875,306.6400146484375,3639200,306.6400146484375
2014-12-09,313.6400146484375,301.1400146484375,302.989990234375,312.5,4049500,312.5
2014-12-10,313.19000244140625,304.67999267578125,312.0,305.8399963378906,3245900,305.8399963378906
2014-12-11,312.6400146484375,306.010009765625,307.8900146484375,307.3599853515625,3262900,307.3599853515625
2014-12-12,310.6400146484375,303.010009765625,303.989990234375,307.32000732421875,3153500,307.32000732421875
2014-12-15,310.8599853515625,302.1499938964844,308.8699951171875,306.07000732421875,3841600,306.07000732421875
2014-12-16,304.489990234375,295.010009765625,304.3500061035156,295.05999755859375,6501300,295.05999755859375
2014-12-17,299.6700134277344,293.0299987792969,296.3699951171875,298.8800048828125,4433500,298.8800048828125
2014-12-18,304.5,293.25,304.010009765625,297.7300109863281,7738100,297.7300109863281
2014-12-19,301.5400085449219,295.5199890136719,296.9100036621094,299.8999938964844,8709100,299.8999938964844
2014-12-22,307.3599853515625,301.94000244140625,301.94000244140625,306.5400085449219,4003800,306.5400085449219
2014-12-23,307.489990234375,303.25,306.9800109863281,306.2900085449219,2713700,306.2900085449219
2014-12-24,307.0,302.8800048828125,306.3800048828125,303.0299987792969,1513800,303.0299987792969
2014-12-26,310.7799987792969,303.80999755859375,305.0,309.0899963378906,2893800,309.0899963378906
2014-12-29,314.2699890136719,306.5799865722656,307.8500061035156,312.0400085449219,3009000,312.0400085449219
2014-12-30,313.94000244140625,309.3399963378906,309.9100036621094,310.29998779296875,2093000,310.29998779296875
2014-12-31,312.9800109863281,310.010009765625,311.54998779296875,310.3500061035156,2048000,310.3500061035156
