Date,High,Low,Open,Close,Volume,Adj Close
2000-06-01,51.125,46.375,48.875,50.1875,7622200,50.1875
2000-06-02,58.125,52.25,52.375,57.875,8322500,57.875
2000-06-05,56.25,52.5,55.03125,54.5,6813200,54.5
2000-06-06,54.5625,50.25,54.0,50.5625,4853100,50.5625
2000-06-07,52.1875,50.125,51.875,51.8125,3841200,51.8125
2000-06-08,53.4375,51.625,52.5625,51.875,3040300,51.875
2000-06-09,53.25,51.875,51.9375,52.1875,1922300,52.1875
2000-06-12,52.1875,47.0,52.1875,48.4375,3986000,48.4375
2000-06-13,49.5,46.25,48.1875,49.0,4788500,49.0
2000-06-14,49.875,46.0,49.3125,46.4375,5020500,46.4375
2000-06-15,47.9375,45.3125,47.0,46.3125,3554700,46.3125
2000-06-16,47.4375,45.375,47.25,46.0,3070900,46.0
2000-06-19,45.875,43.5,45.5,45.3125,5151500,45.3125
2000-06-20,48.625,45.125,45.875,46.125,6199100,46.125
2000-06-21,46.9375,45.0625,45.4375,46.0625,3573300,46.0625
2000-06-22,46.4375,41.625,46.1875,42.0,10516100,42.0
2000-06-23,37.0,32.46875,36.625,33.875,51838200,33.875
2000-06-26,35.328125,32.8125,35.3125,33.9375,21076400,33.9375
2000-06-27,38.5,33.5,33.75,36.5,17638200,36.5
2000-06-28,39.9375,36.125,36.875,37.875,14874300,37.875
2000-06-29,38.5,36.125,37.125,37.125,8986500,37.125
2000-06-30,37.25,35.5,37.0,36.3125,6451900,36.3125
