Date,High,Low,Open,Close,Volume,Adj Close
2001-06-01,17.309999465942383,16.389999389648438,17.219999313354492,16.950000762939453,6468600,16.950000762939453
2001-06-04,17.399999618530273,16.149999618530273,17.31999969482422,16.90999984741211,6141000,16.90999984741211
2001-06-05,17.920000076293945,16.0,17.059999465942383,16.440000534057617,12758100,16.440000534057617
2001-06-06,16.719999313354492,15.479999542236328,16.670000076293945,15.989999771118164,9736100,15.989999771118164
2001-06-07,16.229999542236328,15.6899995803833,15.819999694824219,16.1299991607666,3445200,16.1299991607666
2001-06-08,16.329999923706055,15.649999618530273,16.25,15.699999809265137,2508300,15.699999809265137
2001-06-11,15.550000190734863,14.449999809265137,15.5,14.859999656677246,4971000,14.859999656677246
2001-06-12,14.789999961853027,14.319999694824219,14.600000381469727,14.640000343322754,4333700,14.640000343322754
2001-06-13,15.149999618530273,14.109999656677246,14.960000038146973,14.119999885559082,3784400,14.119999885559082
2001-06-14,14.119999885559082,13.15999984741211,14.119999885559082,13.289999961853027,5088300,13.289999961853027
2001-06-15,13.460000038146973,12.300000190734863,13.010000228881836,12.489999771118164,7671600,12.489999771118164
2001-06-18,12.699999809265137,11.670000076293945,12.449999809265137,11.829999923706055,5717100,11.829999923706055
2001-06-19,12.649999618530273,11.199999809265137,12.449999809265137,11.359999656677246,6109500,11.359999656677246
2001-06-20,12.699999809265137,11.199999809265137,11.270000457763672,12.529999732971191,10652300,12.529999732971191
2001-06-21,13.199999809265137,12.59000015258789,12.680000305175781,13.079999923706055,9777400,13.079999923706055
2001-06-22,13.270000457763672,12.380000114440918,13.130000114440918,12.399999618530273,6316700,12.399999618530273
2001-06-25,13.140000343322754,12.569999694824219,12.710000038146973,12.8100004196167,6947000,12.8100004196167
2001-06-26,13.739999771118164,12.039999961853027,12.539999961853027,13.25,6639500,13.25
2001-06-27,14.25,13.649999618530273,13.8100004196167,14.039999961853027,7624400,14.039999961853027
2001-06-28,14.59000015258789,13.770000457763672,14.229999542236328,14.359999656677246,5516700,14.359999656677246
2001-06-29,14.649999618530273,13.720000267028809,14.3100004196167,14.149999618530273,4489000,14.149999618530273
