Date,High,Low,Open,Close,Volume,Adj Close
2014-04-01,344.42999267578125,338.0,338.0899963378906,342.989990234375,3600100,342.989990234375
2014-04-02,348.29998779296875,340.3800048828125,345.989990234375,341.9599914550781,4475500,341.9599914550781
2014-04-03,342.5,328.4599914550781,341.82000732421875,333.6199951171875,6399300,333.6199951171875
2014-04-04,335.44000244140625,315.6099853515625,335.1499938964844,323.0,12534600,323.0
2014-04-07,324.94000244140625,313.1300048828125,320.989990234375,317.760009765625,7077400,317.760009765625
2014-04-08,328.0,318.44000244140625,321.8800048828125,327.07000732421875,6577600,327.07000732421875
2014-04-09,332.17999267578125,322.5,328.4700012207031,331.80999755859375,5056600,331.80999755859375
2014-04-10,331.0,316.5,330.6000061035156,317.1099853515625,6126700,317.1099853515625
2014-04-11,316.5,309.5,314.0,311.7300109863281,7287500,311.7300109863281
2014-04-14,320.4800109863281,311.2799987792969,317.6700134277344,315.9100036621094,4293500,315.9100036621094
2014-04-15,318.2799987792969,305.5,316.70001220703125,316.0799865722656,5398600,316.0799865722656
2014-04-16,324.0,314.7099914550781,321.1700134277344,323.67999267578125,4284900,323.67999267578125
2014-04-17,328.6600036621094,319.760009765625,319.760009765625,324.9100036621094,4299200,324.9100036621094
2014-04-21,331.1499938964844,322.30999755859375,323.9700012207031,330.8699951171875,2999400,330.8699951171875
2014-04-22,337.5,328.94000244140625,332.0,329.32000732421875,3711600,329.32000732421875
2014-04-23,333.1300048828125,323.3900146484375,333.05999755859375,324.5799865722656,3604600,324.5799865722656
2014-04-24,337.3999938964844,322.95001220703125,329.6700134277344,337.1499938964844,9293700,337.1499938964844
2014-04-25,316.489990234375,302.7099914550781,316.25,303.8299865722656,16180200,303.8299865722656
2014-04-28,304.3900146484375,288.0,304.0,296.5799865722656,14479800,296.5799865722656
2014-04-29,301.8399963378906,290.45001220703125,296.44000244140625,300.3800048828125,6509300,300.3800048828125
2014-04-30,304.55999755859375,298.1000061035156,298.1000061035156,304.1300048828125,4088600,304.1300048828125
