Date,High,Low,Open,Close,Volume,Adj Close
2010-02-01,124.86000061035156,113.81999969482422,123.18000030517578,118.87000274658203,37774400,118.87000274658203
2010-02-02,118.9800033569336,114.4000015258789,118.79000091552734,118.12000274658203,23079700,118.12000274658203
2010-02-03,119.61000061035156,116.55999755859375,117.12000274658203,119.0999984741211,12405900,119.0999984741211
2010-02-04,120.33000183105469,115.73999786376953,118.63999938964844,115.94000244140625,12784000,115.94000244140625
2010-02-05,117.6500015258789,114.0999984741211,115.87999725341797,117.38999938964844,11024800,117.38999938964844
2010-02-08,121.0,116.55999755859375,119.37999725341797,116.83000183105469,9890200,116.83000183105469
2010-02-09,119.08999633789062,117.0,118.19999694824219,118.02999877929688,9223000,118.02999877929688
2010-02-10,118.61000061035156,116.0,118.0,117.36000061035156,6233200,117.36000061035156
2010-02-11,120.41999816894531,116.5,117.20999908447266,120.08999633789062,8343500,120.08999633789062
2010-02-12,119.94000244140625,117.5,118.98999786376953,119.66000366210938,8073500,119.66000366210938
2010-02-16,120.5,117.18000030517578,120.05999755859375,117.52999877929688,8932700,117.52999877929688
2010-02-17,117.12999725341797,115.55000305175781,117.06999969482422,116.30999755859375,8944800,116.30999755859375
2010-02-18,118.51000213623047,114.81999969482422,115.83999633789062,118.08000183105469,9800100,118.08000183105469
2010-02-19,119.08999633789062,117.0,117.91000366210938,117.5199966430664,7115600,117.5199966430664
2010-02-22,118.97000122070312,116.18000030517578,117.37000274658203,118.01000213623047,6807300,118.01000213623047
2010-02-23,119.25,116.51000213623047,118.01000213623047,117.23999786376953,7068200,117.23999786376953
2010-02-24,119.80000305175781,117.1500015258789,117.95999908447266,119.72000122070312,7389900,119.72000122070312
2010-02-25,118.33999633789062,115.8499984741211,118.16999816894531,118.19999694824219,9533400,118.19999694824219
2010-02-26,119.43000030517578,117.0,117.87999725341797,118.4000015258789,5721600,118.4000015258789
