Date,High,Low,Open,Close,Volume,Adj Close
2012-10-01,256.1600036621094,250.49000549316406,255.39999389648438,252.00999450683594,2581200,252.00999450683594
2012-10-02,253.14999389648438,249.02999877929688,252.8000030517578,250.60000610351562,2195800,250.60000610351562
2012-10-03,256.1000061035156,249.55999755859375,251.2100067138672,255.9199981689453,2745600,255.9199981689453
2012-10-04,261.5199890136719,255.8699951171875,256.010009765625,260.4700012207031,2700400,260.4700012207031
2012-10-05,261.8999938964844,257.489990234375,261.20001220703125,258.510009765625,2806500,258.510009765625
2012-10-08,259.79998779296875,255.55999755859375,257.6700134277344,259.05999755859375,1762300,259.05999755859375
2012-10-09,259.3500061035156,250.72999572753906,258.6700134277344,250.9600067138672,3494800,250.9600067138672
2012-10-10,252.4600067138672,244.00999450683594,252.0,244.99000549316406,3948300,244.99000549316406
2012-10-11,249.3000030517578,241.88999938964844,248.0,244.22000122070312,3447300,244.22000122070312
2012-10-12,245.4600067138672,241.91000366210938,243.17999267578125,242.36000061035156,2203200,242.36000061035156
2012-10-15,244.77999877929688,238.50999450683594,242.85000610351562,244.17999267578125,2959800,244.17999267578125
2012-10-16,245.77000427246094,242.0800018310547,244.8699951171875,243.94000244140625,2204100,243.94000244140625
2012-10-17,248.8000030517578,243.3000030517578,243.3699951171875,247.49000549316406,3302700,247.49000549316406
2012-10-18,250.91000366210938,242.6999969482422,247.77000427246094,244.85000610351562,5305300,244.85000610351562
2012-10-19,246.82000732421875,238.94000244140625,245.16000366210938,240.0,4395300,240.0
2012-10-22,238.9499969482422,232.32000732421875,238.80999755859375,233.77999877929688,4500000,233.77999877929688
2012-10-23,236.5,230.00999450683594,231.0500030517578,234.30999755859375,4430800,234.30999755859375
2012-10-24,235.94000244140625,227.9499969482422,235.8800048828125,228.49000549316406,3678700,228.49000549316406
2012-10-25,230.9199981689453,222.9199981689453,230.9199981689453,222.9199981689453,6741300,222.9199981689453
2012-10-26,238.7100067138672,226.69000244140625,228.60000610351562,238.24000549316406,11367500,238.24000549316406
2012-10-31,238.6999969482422,230.5,236.32000732421875,232.88999938964844,4797600,232.88999938964844
