Date,High,Low,Open,Close,Volume,Adj Close
2019-03-01,1674.260009765625,1651.0,1655.1300048828125,1671.72998046875,4974900,1671.72998046875
2019-03-04,1709.4300537109375,1674.3599853515625,1685.0,1696.1700439453125,6167400,1696.1700439453125
2019-03-05,1707.800048828125,1689.010009765625,1702.949951171875,1692.4300537109375,3681500,1692.4300537109375
2019-03-06,1697.75,1668.280029296875,1695.969970703125,1668.949951171875,3996000,1668.949951171875
2019-03-07,1669.75,1620.510009765625,1667.3699951171875,1625.949951171875,4957000,1625.949951171875
2019-03-08,1622.719970703125,1586.5699462890625,1604.010009765625,1620.800048828125,4667000,1620.800048828125
2019-03-11,1672.2900390625,1626.010009765625,1626.1199951171875,1670.6199951171875,3876400,1670.6199951171875
2019-03-12,1684.27001953125,1660.97998046875,1669.0,1673.0999755859375,3614500,1673.0999755859375
2019-03-13,1700.0,1679.3499755859375,1683.0,1690.81005859375,3552000,1690.81005859375
2019-03-14,1702.0,1684.3399658203125,1691.199951171875,1686.219970703125,2946600,1686.219970703125
2019-03-15,1718.800048828125,1693.1300048828125,1703.0,1712.3599853515625,7550900,1712.3599853515625
2019-03-18,1750.0,1712.6300048828125,1712.699951171875,1742.1500244140625,5429100,1742.1500244140625
2019-03-19,1784.1600341796875,1753.510009765625,1753.510009765625,1761.8499755859375,6364200,1761.8499755859375
2019-03-20,1799.5,1767.030029296875,1769.93994140625,1797.27001953125,6265600,1797.27001953125
2019-03-21,1823.75,1787.280029296875,1796.260009765625,1819.260009765625,5767800,1819.260009765625
2019-03-22,1818.97998046875,1763.1099853515625,1810.1700439453125,1764.77001953125,6363000,1764.77001953125
2019-03-25,1782.6800537109375,1747.5,1757.7900390625,1774.260009765625,5103800,1774.260009765625
2019-03-26,1805.77001953125,1773.3599853515625,1793.0,1783.760009765625,4865900,1783.760009765625
2019-03-27,1787.5,1745.6800537109375,1784.1300048828125,1765.699951171875,4324800,1765.699951171875
2019-03-28,1777.9300537109375,1753.469970703125,1770.0,1773.4200439453125,3043000,1773.4200439453125
2019-03-29,1792.8599853515625,1776.6300048828125,1786.5799560546875,1780.75,3320800,1780.75
