Date,High,Low,Open,Close,Volume,Adj Close
2004-07-01,54.040000915527344,52.04999923706055,53.79999923706055,52.560001373291016,7211900,52.560001373291016
2004-07-02,53.2400016784668,51.83000183105469,52.619998931884766,52.59000015258789,4862400,52.59000015258789
2004-07-06,52.599998474121094,50.4900016784668,52.54999923706055,51.2400016784668,6156900,51.2400016784668
2004-07-07,52.029998779296875,50.2400016784668,50.790000915527344,51.0,6515600,51.0
2004-07-08,49.970001220703125,48.470001220703125,48.5099983215332,49.5,10033900,49.5
2004-07-09,50.0,47.81999969482422,49.869998931884766,48.31999969482422,8033500,48.31999969482422
2004-07-12,49.349998474121094,48.029998779296875,48.220001220703125,49.04999923706055,7066900,49.04999923706055
2004-07-13,49.97999954223633,48.869998931884766,49.11000061035156,49.599998474121094,4908800,49.599998474121094
2004-07-14,50.400001525878906,48.88999938964844,48.95000076293945,49.5,5065600,49.5
2004-07-15,49.66999816894531,48.119998931884766,49.5099983215332,48.66999816894531,5244100,48.66999816894531
2004-07-16,49.060001373291016,46.779998779296875,48.9900016784668,47.099998474121094,9286900,47.099998474121094
2004-07-19,47.2599983215332,45.150001525878906,47.2599983215332,46.02000045776367,9847100,46.02000045776367
2004-07-20,47.849998474121094,46.119998931884766,46.13999938964844,46.9900016784668,7626300,46.9900016784668
2004-07-21,47.599998474121094,44.52000045776367,47.31999969482422,44.7599983215332,9336500,44.7599983215332
2004-07-22,46.06999969482422,43.63999938964844,43.709999084472656,45.81999969482422,16391000,45.81999969482422
2004-07-23,42.7599983215332,39.560001373291016,42.470001220703125,39.97999954223633,35927200,39.97999954223633
2004-07-26,40.2400016784668,38.33000183105469,40.22999954223633,38.779998779296875,13972400,38.779998779296875
2004-07-27,39.90999984741211,38.79999923706055,39.20000076293945,39.11000061035156,10534900,39.11000061035156
2004-07-28,39.56999969482422,37.380001068115234,39.290000915527344,37.970001220703125,10183600,37.970001220703125
2004-07-29,38.959999084472656,38.02000045776367,38.310001373291016,38.58000183105469,8200000,38.58000183105469
2004-07-30,39.41999816894531,38.22999954223633,38.5,38.91999816894531,6031500,38.91999816894531
