Date,High,Low,Open,Close,Volume,Adj Close
2006-03-01,37.689998626708984,36.849998474121094,37.45000076293945,37.119998931884766,6981500,37.119998931884766
2006-03-02,37.0,35.369998931884766,35.63999938964844,36.880001068115234,11583700,36.880001068115234
2006-03-03,37.83000183105469,36.66999816894531,36.88999938964844,37.209999084472656,6044900,37.209999084472656
2006-03-06,37.58000183105469,36.77000045776367,37.31999969482422,36.86000061035156,4258300,36.86000061035156
2006-03-07,37.41999816894531,36.70000076293945,36.709999084472656,36.93000030517578,4722300,36.93000030517578
2006-03-08,37.470001220703125,36.61000061035156,36.720001220703125,36.810001373291016,6236600,36.810001373291016
2006-03-09,36.959999084472656,35.900001525878906,36.79999923706055,36.119998931884766,7200100,36.119998931884766
2006-03-10,36.5,35.7400016784668,36.2400016784668,36.220001220703125,4972700,36.220001220703125
2006-03-13,36.630001068115234,35.970001220703125,36.310001373291016,36.189998626708984,3278100,36.189998626708984
2006-03-14,37.0,36.0099983215332,36.040000915527344,36.90999984741211,4185200,36.90999984741211
2006-03-15,37.0,36.43000030517578,36.95000076293945,36.88999938964844,2801500,36.88999938964844
2006-03-16,37.38999938964844,36.7400016784668,37.08000183105469,36.77000045776367,4822800,36.77000045776367
2006-03-17,36.97999954223633,35.849998474121094,36.880001068115234,35.9900016784668,6886200,35.9900016784668
2006-03-20,37.27000045776367,35.79999923706055,35.91999816894531,36.22999954223633,6170800,36.22999954223633
2006-03-21,36.72999954223633,35.65999984741211,35.91999816894531,35.91999816894531,6671600,35.91999816894531
2006-03-22,36.540000915527344,35.790000915527344,36.0,36.0,4300800,36.0
2006-03-23,36.34000015258789,35.47999954223633,35.959999084472656,35.68000030517578,4035900,35.68000030517578
2006-03-24,36.119998931884766,35.310001373291016,35.720001220703125,35.470001220703125,3682000,35.470001220703125
2006-03-27,35.65999984741211,35.13999938964844,35.5,35.25,3708500,35.25
2006-03-28,36.02000045776367,35.20000076293945,35.209999084472656,35.689998626708984,5727200,35.689998626708984
2006-03-29,36.810001373291016,35.310001373291016,35.689998626708984,36.31999969482422,7199200,36.31999969482422
2006-03-30,36.900001525878906,36.18000030517578,36.45000076293945,36.66999816894531,4049200,36.66999816894531
2006-03-31,36.77000045776367,36.47999954223633,36.68000030517578,36.529998779296875,2659000,36.529998779296875
