Date,High,Low,Open,Close,Volume,Adj Close
2016-07-01,728.0,716.5399780273438,717.3200073242188,725.6799926757812,2920400,725.6799926757812
2016-07-05,729.5599975585938,719.6099853515625,722.7999877929688,728.0999755859375,2431400,728.0999755859375
2016-07-06,737.77001953125,722.5800170898438,725.7100219726562,737.6099853515625,3938200,737.6099853515625
2016-07-07,739.5499877929688,731.6300048828125,739.3300170898438,736.5700073242188,2945800,736.5700073242188
2016-07-08,746.0999755859375,738.0,740.1400146484375,745.8099975585938,3429200,745.8099975585938
2016-07-11,755.9000244140625,747.0,750.0,753.780029296875,3195300,753.780029296875
2016-07-12,757.3400268554688,740.3300170898438,756.8599853515625,748.2100219726562,5623700,748.2100219726562
2016-07-13,756.8699951171875,741.25,746.760009765625,742.6300048828125,4142300,742.6300048828125
2016-07-14,749.0399780273438,739.02001953125,748.8599853515625,741.2000122070312,2390500,741.2000122070312
2016-07-15,746.5499877929688,734.0499877929688,746.5499877929688,735.4400024414062,3121400,735.4400024414062
2016-07-18,741.5999755859375,728.719970703125,735.489990234375,736.0700073242188,2954900,736.0700073242188
2016-07-19,743.3300170898438,732.3099975585938,732.5,739.9500122070312,2216800,739.9500122070312
2016-07-20,746.25,740.7000122070312,744.0,745.719970703125,2214000,745.719970703125
2016-07-21,749.3599853515625,742.7899780273438,747.5,744.4299926757812,2317100,744.4299926757812
2016-07-22,751.280029296875,743.530029296875,747.7899780273438,744.8599853515625,2277700,744.8599853515625
2016-07-25,748.5,735.3499755859375,746.5499877929688,739.6099853515625,2679300,739.6099853515625
2016-07-26,743.1300048828125,732.75,742.7100219726562,735.5900268554688,2529700,735.5900268554688
2016-07-27,740.9400024414062,733.8599853515625,737.969970703125,736.6699829101562,2913100,736.6699829101562
2016-07-28,753.3599853515625,739.7000122070312,745.97998046875,752.6099853515625,7617600,752.6099853515625
2016-07-29,766.0,755.0,765.0,758.8099975585938,6777100,758.8099975585938
