Date,High,Low,Open,Close,Volume,Adj Close
2016-02-01,581.7999877929688,570.3099975585938,578.1500244140625,574.8099975585938,6355100,574.8099975585938
2016-02-02,571.5599975585938,550.0900268554688,570.0,552.0999755859375,6312000,552.0999755859375
2016-02-03,556.0,521.9000244140625,553.5,531.0700073242188,10048700,531.0700073242188
2016-02-04,538.989990234375,519.219970703125,525.0,536.260009765625,6199100,536.260009765625
2016-02-05,529.4500122070312,499.19000244140625,529.280029296875,502.1300048828125,9708900,502.1300048828125
2016-02-08,493.5,475.2099914550781,486.4700012207031,488.1000061035156,9825500,488.1000061035156
2016-02-09,498.3800048828125,474.0,478.010009765625,482.07000732421875,7077900,482.07000732421875
2016-02-10,504.6600036621094,486.0,491.760009765625,490.4800109863281,6786200,490.4800109863281
2016-02-11,509.29998779296875,484.0,491.1700134277344,503.82000732421875,7397400,503.82000732421875
2016-02-12,516.75,501.489990234375,510.70001220703125,507.0799865722656,5384800,507.0799865722656
2016-02-16,524.4500122070312,511.6600036621094,519.47998046875,521.0999755859375,5118500,521.0999755859375
2016-02-17,537.47998046875,519.3900146484375,528.739990234375,534.0999755859375,4824000,534.0999755859375
2016-02-18,541.2000122070312,523.72998046875,541.1900024414062,525.0,4735000,525.0
2016-02-19,535.9500122070312,515.3499755859375,520.7100219726562,534.9000244140625,4974700,534.9000244140625
2016-02-22,560.6500244140625,541.0800170898438,542.2000122070312,559.5,5566600,559.5
2016-02-23,556.9099731445312,545.3300170898438,555.5499877929688,552.9400024414062,4050800,552.9400024414062
2016-02-24,554.27001953125,533.1500244140625,545.75,554.0399780273438,6231700,554.0399780273438
2016-02-25,559.3900146484375,545.2899780273438,555.52001953125,555.1500244140625,4525500,555.1500244140625
2016-02-26,562.5,553.1699829101562,560.1199951171875,555.22998046875,4877000,555.22998046875
2016-02-29,564.8099975585938,552.510009765625,554.0,552.52001953125,4145400,552.52001953125
