Date,High,Low,Open,Close,Volume,Adj Close
2009-06-01,84.80000305175781,77.48999786376953,78.20999908447266,83.05000305175781,10796500,83.05000305175781
2009-06-02,85.44999694824219,82.0999984741211,82.41999816894531,84.93000030517578,9397000,84.93000030517578
2009-06-03,85.70999908447266,83.12999725341797,83.30999755859375,85.68000030517578,7603400,85.68000030517578
2009-06-04,86.4000015258789,84.56999969482422,85.41999816894531,85.5199966430664,5465400,85.5199966430664
2009-06-05,87.94999694824219,85.30000305175781,86.29000091552734,87.55999755859375,8263500,87.55999755859375
2009-06-08,87.18000030517578,85.11000061035156,86.75,86.36000061035156,5602100,86.36000061035156
2009-06-09,87.66999816894531,86.16999816894531,86.93000030517578,87.08000183105469,4475100,87.08000183105469
2009-06-10,88.55999755859375,84.83000183105469,87.58000183105469,86.58999633789062,6073600,86.58999633789062
2009-06-11,87.48999786376953,85.05000305175781,86.30000305175781,85.69000244140625,5009700,85.69000244140625
2009-06-12,85.19999694824219,82.01000213623047,85.02999877929688,84.08000183105469,6223000,84.08000183105469
2009-06-15,83.30000305175781,81.0,82.83000183105469,83.18000030517578,5401800,83.18000030517578
2009-06-16,83.94999694824219,81.27999877929688,83.69999694824219,82.1500015258789,5465800,82.1500015258789
2009-06-17,84.30000305175781,80.63999938964844,82.5,82.6500015258789,7785100,82.6500015258789
2009-06-18,82.94999694824219,81.0,82.80999755859375,81.5999984741211,5453100,81.5999984741211
2009-06-19,83.45999908447266,81.5,82.1500015258789,82.95999908447266,5438200,82.95999908447266
2009-06-22,82.43000030517578,78.55999755859375,82.41000366210938,79.1500015258789,9744400,79.1500015258789
2009-06-23,79.0999984741211,76.25,78.97000122070312,77.68000030517578,7415500,77.68000030517578
2009-06-24,80.52999877929688,77.80000305175781,78.0,79.2699966430664,6081400,79.2699966430664
2009-06-25,82.2300033569336,79.02999877929688,79.0999984741211,82.19999694824219,7360400,82.19999694824219
2009-06-26,84.13999938964844,81.12999725341797,81.9000015258789,83.87999725341797,8775300,83.87999725341797
2009-06-29,84.19999694824219,82.41000366210938,83.87000274658203,83.02999877929688,6270300,83.02999877929688
2009-06-30,84.91999816894531,82.47000122070312,83.62000274658203,83.66000366210938,7984800,83.66000366210938
