Date,High,Low,Open,Close,Volume,Adj Close
2001-05-01,17.0,15.800000190734863,15.899999618530273,16.889999389648438,5107900,16.889999389648438
2001-05-02,17.43000030517578,16.84000015258789,17.139999389648438,17.110000610351562,7497200,17.110000610351562
2001-05-03,17.0,16.25,16.829999923706055,16.75,5010000,16.75
2001-05-04,17.600000381469727,15.930000305175781,16.350000381469727,17.559999465942383,6584500,17.559999465942383
2001-05-07,17.530000686645508,16.510000228881836,17.360000610351562,16.920000076293945,5083700,16.920000076293945
2001-05-08,16.489999771118164,15.600000381469727,16.280000686645508,16.18000030517578,7191500,16.18000030517578
2001-05-09,15.65999984741211,15.0,15.550000190734863,15.010000228881836,4671000,15.010000228881836
2001-05-10,15.640000343322754,14.600000381469727,15.399999618530273,14.619999885559082,5012600,14.619999885559082
2001-05-11,14.800000190734863,14.0,14.550000190734863,14.680000305175781,3486900,14.680000305175781
2001-05-14,14.529999732971191,13.15999984741211,14.529999732971191,13.329999923706055,6194200,13.329999923706055
2001-05-15,14.300000190734863,13.140000343322754,13.350000381469727,13.539999961853027,6131200,13.539999961853027
2001-05-16,14.380000114440918,13.100000381469727,13.449999809265137,14.130000114440918,7279000,14.130000114440918
2001-05-17,15.0,14.029999732971191,14.09000015258789,14.779999732971191,6755400,14.779999732971191
2001-05-18,15.0,14.5,14.829999923706055,14.720000267028809,5071800,14.720000267028809
2001-05-21,16.420000076293945,14.75,14.949999809265137,16.3799991607666,7232400,16.3799991607666
2001-05-22,17.0,15.899999618530273,16.790000915527344,16.25,7309000,16.25
2001-05-23,16.799999237060547,15.119999885559082,16.200000762939453,15.600000381469727,8926500,15.600000381469727
2001-05-24,16.75,15.25,15.710000038146973,16.75,5334900,16.75
2001-05-25,17.530000686645508,16.3700008392334,16.649999618530273,17.09000015258789,6928700,17.09000015258789
2001-05-29,17.540000915527344,16.700000762939453,17.209999084472656,17.219999313354492,9394900,17.219999313354492
2001-05-30,17.0,15.619999885559082,16.540000915527344,15.65999984741211,8851400,15.65999984741211
2001-05-31,17.200000762939453,15.75,15.84000015258789,16.690000534057617,9632000,16.690000534057617
