Date,High,Low,Open,Close,Volume,Adj Close
2008-07-01,74.2300033569336,70.5199966430664,72.23999786376953,73.62000274658203,10292500,73.62000274658203
2008-07-02,74.41000366210938,71.37999725341797,74.16000366210938,71.44000244140625,7044400,71.44000244140625
2008-07-03,73.83999633789062,70.5199966430664,72.51000213623047,72.0,4248200,72.0
2008-07-07,74.4000015258789,70.76000213623047,72.37000274658203,72.48999786376953,7355500,72.48999786376953
2008-07-08,75.48999786376953,71.75,72.37999725341797,75.04000091552734,7916000,75.04000091552734
2008-07-09,74.9000015258789,70.4800033569336,74.55999755859375,70.61000061035156,6912100,70.61000061035156
2008-07-10,71.7699966430664,67.98999786376953,70.69999694824219,70.62999725341797,9941600,70.62999725341797
2008-07-11,69.98999786376953,66.73999786376953,69.4000015258789,68.54000091552734,7930000,68.54000091552734
2008-07-14,69.5,65.58999633789062,69.30999755859375,66.27999877929688,9021300,66.27999877929688
2008-07-15,68.62000274658203,62.9900016784668,65.87000274658203,67.02999877929688,11342100,67.02999877929688
2008-07-16,72.75,66.83999633789062,66.94000244140625,71.83999633789062,12038900,71.83999633789062
2008-07-17,72.37999725341797,67.73999786376953,71.19999694824219,72.11000061035156,9597400,72.11000061035156
2008-07-18,70.83999633789062,68.4000015258789,69.94000244140625,69.12000274658203,8298000,69.12000274658203
2008-07-21,69.80000305175781,66.30000305175781,69.5199966430664,68.4800033569336,6896900,68.4800033569336
2008-07-22,69.13999938964844,65.87999725341797,67.08999633789062,67.97000122070312,8795800,67.97000122070312
2008-07-23,72.06999969482422,67.45999908447266,67.45999908447266,70.54000091552734,17916200,70.54000091552734
2008-07-24,82.37999725341797,76.29000091552734,76.30000305175781,78.72000122070312,30996600,78.72000122070312
2008-07-25,80.94000244140625,78.12000274658203,79.62999725341797,78.30999755859375,9150700,78.30999755859375
2008-07-28,78.30999755859375,74.86000061035156,77.08999633789062,75.9800033569336,10480200,75.9800033569336
2008-07-29,78.80000305175781,76.16000366210938,76.48999786376953,78.20999908447266,6770900,78.20999908447266
2008-07-30,79.8499984741211,76.41999816894531,78.36000061035156,78.20999908447266,7567300,78.20999908447266
2008-07-31,78.16999816894531,76.0999984741211,76.75,76.33999633789062,5300700,76.33999633789062
