Date,High,Low,Open,Close,Volume,Adj Close
2009-05-01,80.37999725341797,77.8499984741211,80.37999725341797,78.95999908447266,6121700,78.95999908447266
2009-05-04,81.3499984741211,78.8499984741211,80.26000213623047,79.7699966430664,7019300,79.7699966430664
2009-05-05,82.0,80.19000244140625,81.01000213623047,81.9000015258789,5870300,81.9000015258789
2009-05-06,83.5999984741211,79.66000366210938,82.87999725341797,81.98999786376953,8604000,81.98999786376953
2009-05-07,82.75,77.87999725341797,82.7300033569336,79.27999877929688,9632100,79.27999877929688
2009-05-08,80.2300033569336,76.30999755859375,79.69000244140625,77.94999694824219,8193000,77.94999694824219
2009-05-11,79.8499984741211,76.01000213623047,76.80000305175781,78.61000061035156,6872300,78.61000061035156
2009-05-12,78.97000122070312,76.52999877929688,78.69999694824219,77.93000030517578,5548700,77.93000030517578
2009-05-13,76.6500015258789,74.01000213623047,76.25,74.19000244140625,8770500,74.19000244140625
2009-05-14,76.05999755859375,73.30999755859375,73.79000091552734,75.11000061035156,9343600,75.11000061035156
2009-05-15,76.20999908447266,73.41999816894531,74.54000091552734,73.5999984741211,8011700,73.5999984741211
2009-05-18,75.95999908447266,73.0999984741211,73.95999908447266,75.94999694824219,6829100,75.94999694824219
2009-05-19,78.95999908447266,75.12000274658203,75.43000030517578,77.87000274658203,8028900,77.87000274658203
2009-05-20,81.11000061035156,77.41999816894531,78.5,77.97000122070312,7351000,77.97000122070312
2009-05-21,77.97000122070312,75.4000015258789,76.75,75.95999908447266,5640500,75.95999908447266
2009-05-22,77.04000091552734,75.0199966430664,76.0999984741211,75.63999938964844,3484700,75.63999938964844
2009-05-26,78.4800033569336,74.55000305175781,75.02999877929688,78.38999938964844,6699600,78.38999938964844
2009-05-27,79.5,76.75,78.51000213623047,77.0999984741211,5567100,77.0999984741211
2009-05-28,79.0999984741211,75.87999725341797,77.69999694824219,77.6500015258789,4943100,77.6500015258789
2009-05-29,78.01000213623047,76.4000015258789,77.72000122070312,77.98999786376953,5072200,77.98999786376953
