Date,High,Low,Open,Close,Volume,Adj Close
2004-02-02,50.650001525878906,47.95000076293945,50.650001525878906,48.27000045776367,11588900,48.27000045776367
2004-02-03,48.279998779296875,44.52000045776367,48.189998626708984,44.939998626708984,27071400,44.939998626708984
2004-02-04,45.90999984741211,44.29999923706055,44.810001373291016,45.38999938964844,21600700,45.38999938964844
2004-02-05,47.09000015258789,45.900001525878906,46.029998779296875,46.040000915527344,13189500,46.040000915527344
2004-02-06,46.72999954223633,45.5099983215332,46.11000061035156,46.349998474121094,6508100,46.349998474121094
2004-02-09,46.79999923706055,45.70000076293945,46.75,45.86000061035156,6146100,45.86000061035156
2004-02-10,46.25,45.5099983215332,45.849998474121094,45.59000015258789,4949000,45.59000015258789
2004-02-11,47.36000061035156,45.540000915527344,45.86000061035156,47.13999938964844,7881700,47.13999938964844
2004-02-12,48.099998474121094,46.709999084472656,46.93000030517578,47.060001373291016,6757200,47.060001373291016
2004-02-13,47.70000076293945,46.2400016784668,47.290000915527344,46.380001068115234,5431700,46.380001068115234
2004-02-17,46.45000076293945,44.79999923706055,46.13999938964844,45.529998779296875,11038200,45.529998779296875
2004-02-18,45.369998931884766,44.63999938964844,45.36000061035156,44.869998931884766,7953500,44.869998931884766
2004-02-19,46.15999984741211,44.650001525878906,45.150001525878906,44.650001525878906,7442500,44.650001525878906
2004-02-20,45.380001068115234,44.72999954223633,44.79999923706055,45.16999816894531,7475300,45.16999816894531
2004-02-23,45.25,43.349998474121094,45.18000030517578,43.970001220703125,9341900,43.970001220703125
2004-02-24,43.939998626708984,42.22999954223633,43.91999816894531,42.31999969482422,11095300,42.31999969482422
2004-02-25,43.290000915527344,42.5,42.5,42.939998626708984,7152800,42.939998626708984
2004-02-26,43.849998474121094,43.0,43.20000076293945,43.650001525878906,5960300,43.650001525878906
2004-02-27,43.599998474121094,42.52000045776367,43.56999969482422,43.0099983215332,7163600,43.0099983215332
