Date,High,Low,Open,Close,Volume,Adj Close
2002-11-01,19.899999618530273,19.09000015258789,19.219999313354492,19.799999237060547,5549400,19.799999237060547
2002-11-04,19.809999465942383,18.59000015258789,19.389999389648438,18.780000686645508,12963500,18.780000686645508
2002-11-05,18.8700008392334,18.200000762939453,18.6299991607666,18.719999313354492,7942400,18.719999313354492
2002-11-06,19.389999389648438,18.260000228881836,18.770000457763672,19.34000015258789,7973400,19.34000015258789
2002-11-07,19.299999237060547,18.770000457763672,18.850000381469727,19.1200008392334,6419700,19.1200008392334
2002-11-08,19.65999984741211,18.809999465942383,19.040000915527344,19.510000228881836,7032100,19.510000228881836
2002-11-11,19.549999237060547,18.799999237060547,19.399999618530273,19.0,5749600,19.0
2002-11-12,19.989999771118164,19.010000228881836,19.010000228881836,19.81999969482422,10462200,19.81999969482422
2002-11-13,21.0,19.610000610351562,19.610000610351562,20.40999984741211,18206200,20.40999984741211
2002-11-14,21.489999771118164,20.950000762939453,20.989999771118164,21.209999084472656,13177300,21.209999084472656
2002-11-15,22.350000381469727,21.09000015258789,21.149999618530273,22.209999084472656,12258400,22.209999084472656
2002-11-18,23.739999771118164,22.149999618530273,22.649999618530273,22.420000076293945,25333500,22.420000076293945
2002-11-19,21.889999389648438,21.229999542236328,21.8799991607666,21.290000915527344,12258900,21.290000915527344
2002-11-20,23.0,21.219999313354492,21.350000381469727,22.899999618530273,13294400,22.899999618530273
2002-11-21,23.850000381469727,23.209999084472656,23.329999923706055,23.399999618530273,11288500,23.399999618530273
2002-11-22,24.280000686645508,23.100000381469727,23.200000762939453,23.989999771118164,11686600,23.989999771118164
2002-11-25,24.5,23.81999969482422,24.030000686645508,24.25,10091100,24.25
2002-11-26,24.200000762939453,23.3799991607666,24.020000457763672,23.399999618530273,6405800,23.399999618530273
2002-11-27,24.239999771118164,23.709999084472656,23.719999313354492,24.079999923706055,5666000,24.079999923706055
2002-11-29,24.3799991607666,23.329999923706055,24.149999618530273,23.350000381469727,2577300,23.350000381469727
