Date,High,Low,Open,Close,Volume,Adj Close
2002-09-03,15.029999732971191,14.489999771118164,14.710000038146973,14.600000381469727,4680200,14.600000381469727
2002-09-04,14.960000038146973,14.260000228881836,14.65999984741211,14.829999923706055,4430400,14.829999923706055
2002-09-05,14.720000267028809,14.239999771118164,14.579999923706055,14.25,5320200,14.25
2002-09-06,15.479999542236328,14.5600004196167,14.5600004196167,15.3100004196167,4995300,15.3100004196167
2002-09-09,16.649999618530273,15.0600004196167,15.119999885559082,16.510000228881836,8822500,16.510000228881836
2002-09-10,17.350000381469727,16.420000076293945,16.530000686645508,17.1299991607666,11248800,17.1299991607666
2002-09-11,17.850000381469727,17.040000915527344,17.149999618530273,17.110000610351562,6663200,17.110000610351562
2002-09-12,17.1299991607666,16.610000610351562,16.829999923706055,16.75,7065100,16.75
2002-09-13,16.989999771118164,16.5,16.690000534057617,16.610000610351562,3654900,16.610000610351562
2002-09-16,16.93000030517578,16.450000762939453,16.510000228881836,16.709999084472656,2962500,16.709999084472656
2002-09-17,17.75,16.770000457763672,17.0,17.350000381469727,8621200,17.350000381469727
2002-09-18,17.93000030517578,16.950000762939453,17.219999313354492,17.729999542236328,8391000,17.729999542236328
2002-09-19,17.639999389648438,17.170000076293945,17.399999618530273,17.209999084472656,4841100,17.209999084472656
2002-09-20,17.639999389648438,15.449999809265137,17.450000762939453,15.859999656677246,12605600,15.859999656677246
2002-09-23,16.440000534057617,15.59000015258789,15.600000381469727,16.049999237060547,7404500,16.049999237060547
2002-09-24,16.3700008392334,15.600000381469727,15.869999885559082,15.930000305175781,7072900,15.930000305175781
2002-09-25,16.389999389648438,15.289999961853027,16.170000076293945,15.729999542236328,9339000,15.729999542236328
2002-09-26,17.350000381469727,15.710000038146973,15.930000305175781,17.149999618530273,11635000,17.149999618530273
2002-09-27,17.399999618530273,16.81999969482422,16.850000381469727,17.010000228881836,7033700,17.010000228881836
2002-09-30,16.850000381469727,15.850000381469727,16.639999389648438,15.930000305175781,9239900,15.930000305175781
