Date,High,Low,Open,Close,Volume,Adj Close
2014-08-01,315.8299865722656,304.5899963378906,313.69000244140625,307.05999755859375,7441500,307.05999755859375
2014-08-04,316.17999267578125,308.5,308.8399963378906,313.6499938964844,4200900,313.6499938964844
2014-08-05,314.54998779296875,310.05999755859375,313.29998779296875,312.32000732421875,2852100,312.32000732421875
2014-08-06,315.7799987792969,310.20001220703125,310.8299865722656,313.8900146484375,2296900,313.8900146484375
2014-08-07,315.8800048828125,309.6499938964844,315.2099914550781,311.45001220703125,2935600,311.45001220703125
2014-08-08,317.32000732421875,310.6600036621094,311.94000244140625,316.79998779296875,2705900,316.79998779296875
2014-08-11,320.3800048828125,316.8800048828125,318.4800109863281,318.3299865722656,2468600,318.3299865722656
2014-08-12,321.30999755859375,316.95001220703125,318.8900146484375,319.32000732421875,1915800,319.32000732421875
2014-08-13,331.7200012207031,326.1400146484375,327.6000061035156,326.2799987792969,4939100,326.2799987792969
2014-08-14,334.0899963378906,326.7099914550781,327.79998779296875,333.2099914550781,3420400,333.2099914550781
2014-08-15,335.0,328.32000732421875,334.0,333.6300048828125,3896700,333.6300048828125
2014-08-18,337.79998779296875,333.7699890136719,335.4800109863281,334.5299987792969,2485400,334.5299987792969
2014-08-19,335.80999755859375,333.010009765625,334.8699951171875,335.1300048828125,1713800,335.1300048828125
2014-08-20,337.1600036621094,334.0199890136719,334.67999267578125,335.7799987792969,1810500,335.7799987792969
2014-08-21,336.5799865722656,332.2300109863281,336.4800109863281,332.9100036621094,1971100,332.9100036621094
2014-08-22,334.0799865722656,330.79998779296875,332.989990234375,331.5899963378906,2211200,331.5899963378906
2014-08-25,336.7699890136719,332.7099914550781,333.2099914550781,334.0199890136719,1957700,334.0199890136719
2014-08-26,344.3599853515625,334.54998779296875,337.0,341.8299865722656,3654700,341.8299865722656
2014-08-27,346.6700134277344,341.3399963378906,342.0899963378906,343.17999267578125,2961600,343.17999267578125
2014-08-28,341.7900085449219,338.79998779296875,340.0,340.0199890136719,2252700,340.0199890136719
2014-08-29,341.82000732421875,337.67999267578125,341.760009765625,339.0400085449219,1939500,339.0400085449219
