Date,High,Low,Open,Close,Volume,Adj Close
2003-12-01,54.75,53.04999923706055,54.400001525878906,54.650001525878906,11522800,54.650001525878906
2003-12-02,54.75,53.849998474121094,54.5,53.93000030517578,6237900,53.93000030517578
2003-12-03,54.25,51.36000061035156,54.099998474121094,51.5099983215332,11570800,51.5099983215332
2003-12-04,52.43000030517578,50.75,51.45000076293945,51.79999923706055,10216200,51.79999923706055
2003-12-05,52.70000076293945,51.20000076293945,51.20000076293945,51.560001373291016,7501500,51.560001373291016
2003-12-08,52.20000076293945,50.119998931884766,51.54999923706055,51.08000183105469,8376400,51.08000183105469
2003-12-09,51.650001525878906,49.29999923706055,51.16999816894531,49.34000015258789,10460500,49.34000015258789
2003-12-10,50.16999816894531,48.310001373291016,49.45000076293945,49.20000076293945,9254600,49.20000076293945
2003-12-11,51.150001525878906,49.189998626708984,49.2599983215332,50.79999923706055,9405500,50.79999923706055
2003-12-12,51.310001373291016,49.91999816894531,50.9900016784668,50.9900016784668,6190600,50.9900016784668
2003-12-15,52.25,50.04999923706055,52.04999923706055,50.40999984741211,9676800,50.40999984741211
2003-12-16,49.79999923706055,48.630001068115234,49.599998474121094,49.5,10549800,49.5
2003-12-17,49.61000061035156,47.0,49.470001220703125,47.58000183105469,13856800,47.58000183105469
2003-12-18,48.88999938964844,47.45000076293945,47.61000061035156,48.75,10750700,48.75
2003-12-19,49.40999984741211,48.2599983215332,48.79999923706055,49.2400016784668,8045900,49.2400016784668
2003-12-22,50.099998474121094,48.70000076293945,48.97999954223633,49.88999938964844,7799700,49.88999938964844
2003-12-23,52.619998931884766,49.77000045776367,50.02000045776367,52.47999954223633,11004000,52.47999954223633
2003-12-24,53.880001068115234,52.150001525878906,52.29999923706055,53.31999969482422,5659800,53.31999969482422
2003-12-26,54.939998626708984,53.13999938964844,54.13999938964844,53.470001220703125,7078400,53.470001220703125
2003-12-29,53.84000015258789,52.130001068115234,53.790000915527344,53.470001220703125,8056900,53.470001220703125
2003-12-30,53.5,52.599998474121094,53.18000030517578,52.83000183105469,5152400,52.83000183105469
2003-12-31,53.47999954223633,52.400001525878906,52.81999969482422,52.619998931884766,5307200,52.619998931884766
