Date,High,Low,Open,Close,Volume,Adj Close
2007-03-01,39.31999969482422,38.04999923706055,39.31999969482422,38.849998474121094,9255800,38.849998474121094
2007-03-02,38.869998931884766,37.689998626708984,38.31999969482422,37.689998626708984,7787800,37.689998626708984
2007-03-05,38.31999969482422,37.040000915527344,37.150001525878906,37.04999923706055,9565600,37.04999923706055
2007-03-06,38.65999984741211,37.40999984741211,37.689998626708984,38.58000183105469,12848200,38.58000183105469
2007-03-07,39.31999969482422,38.279998779296875,38.68000030517578,38.36000061035156,8644600,38.36000061035156
2007-03-08,39.220001220703125,37.97999954223633,38.77000045776367,38.099998474121094,7629300,38.099998474121094
2007-03-09,38.88999938964844,38.0,38.47999954223633,38.84000015258789,6200100,38.84000015258789
2007-03-12,39.04999923706055,38.380001068115234,38.63999938964844,38.810001373291016,4879000,38.810001373291016
2007-03-13,38.880001068115234,37.689998626708984,38.29999923706055,37.81999969482422,5204100,37.81999969482422
2007-03-14,38.220001220703125,37.2599983215332,37.7599983215332,38.08000183105469,8591100,38.08000183105469
2007-03-15,38.290000915527344,37.54999923706055,38.099998474121094,37.779998779296875,7265700,37.779998779296875
2007-03-16,38.08000183105469,37.52000045776367,37.720001220703125,37.849998474121094,6865500,37.849998474121094
2007-03-19,38.540000915527344,38.0,38.0,38.45000076293945,4226600,38.45000076293945
2007-03-20,38.689998626708984,38.22999954223633,38.529998779296875,38.58000183105469,3801300,38.58000183105469
2007-03-21,39.79999923706055,38.310001373291016,38.54999923706055,39.79999923706055,4996400,39.79999923706055
2007-03-22,39.720001220703125,38.90999984741211,39.47999954223633,39.4900016784668,5331500,39.4900016784668
2007-03-23,39.599998474121094,38.97999954223633,39.560001373291016,38.97999954223633,2941500,38.97999954223633
2007-03-26,39.04999923706055,38.43000030517578,38.97999954223633,39.0099983215332,3521100,39.0099983215332
2007-03-27,39.41999816894531,38.7599983215332,38.81999969482422,39.369998931884766,3993600,39.369998931884766
2007-03-28,39.5099983215332,38.7400016784668,39.09000015258789,39.34000015258789,6202200,39.34000015258789
2007-03-29,39.91999816894531,39.29999923706055,39.650001525878906,39.810001373291016,6405200,39.810001373291016
2007-03-30,40.2400016784668,39.41999816894531,39.75,39.790000915527344,5996900,39.790000915527344
