Date,High,Low,Open,Close,Volume,Adj Close
2009-10-01,92.9000015258789,90.37000274658203,92.5,91.04000091552734,6645100,91.04000091552734
2009-10-02,91.13999938964844,89.58000183105469,90.05000305175781,89.8499984741211,5039400,89.8499984741211
2009-10-05,90.93000030517578,88.2699966430664,90.25,88.66999816894531,7028500,88.66999816894531
2009-10-06,91.08000183105469,88.4000015258789,89.33000183105469,90.91000366210938,6963700,90.91000366210938
2009-10-07,94.4800033569336,91.1500015258789,91.5,93.97000122070312,7445100,93.97000122070312
2009-10-08,96.72000122070312,94.2300033569336,94.80000305175781,95.22000122070312,9674300,95.22000122070312
2009-10-09,95.94999694824219,94.26000213623047,95.0,95.70999908447266,4694000,95.70999908447266
2009-10-12,96.25,93.06999969482422,96.16999816894531,93.5999984741211,5591400,93.5999984741211
2009-10-13,95.25,93.68000030517578,93.83000183105469,94.83000183105469,4720000,94.83000183105469
2009-10-14,97.81999969482422,96.0199966430664,96.22000122070312,97.45999908447266,5556800,97.45999908447266
2009-10-15,97.05999755859375,95.08000183105469,95.12999725341797,96.01000213623047,6242100,96.01000213623047
2009-10-16,96.12000274658203,93.61000061035156,95.30000305175781,95.31999969482422,7038400,95.31999969482422
2009-10-19,96.27999877929688,94.25,95.3499984741211,94.68000030517578,6017400,94.68000030517578
2009-10-20,96.0999984741211,94.2699966430664,95.91000366210938,94.9800033569336,7777600,94.9800033569336
2009-10-21,96.62999725341797,92.91000366210938,95.2699966430664,93.41999816894531,7761200,93.41999816894531
2009-10-22,94.0999984741211,91.69999694824219,93.66000366210938,93.44999694824219,16518500,93.44999694824219
2009-10-23,119.6500015258789,110.62000274658203,111.05000305175781,118.48999786376953,58305800,118.48999786376953
2009-10-26,125.68000030517578,118.48999786376953,119.20999908447266,124.63999938964844,32271200,124.63999938964844
2009-10-27,124.26000213623047,119.41999816894531,122.93000030517578,122.06999969482422,20304200,122.06999969482422
2009-10-28,125.12000274658203,120.76000213623047,121.56999969482422,121.63999938964844,16887700,121.63999938964844
2009-10-29,124.30000305175781,120.12000274658203,123.9000015258789,122.58000183105469,12821800,122.58000183105469
2009-10-30,122.9000015258789,118.20999908447266,121.97000122070312,118.80999755859375,13312200,118.80999755859375
