Date,High,Low,Open,Close,Volume,Adj Close
2018-02-01,1459.8800048828125,1385.1400146484375,1445.0,1390.0,9113800,1390.0
2018-02-02,1498.0,1414.0,1477.3900146484375,1429.949951171875,11125700,1429.949951171875
2018-02-05,1458.97998046875,1320.719970703125,1402.6199951171875,1390.0,11495000,1390.0
2018-02-06,1443.989990234375,1351.7900390625,1361.4599609375,1442.8399658203125,11066800,1442.8399658203125
2018-02-07,1460.989990234375,1415.1500244140625,1449.0,1416.780029296875,7162700,1416.780029296875
2018-02-08,1433.75,1349.93994140625,1429.6800537109375,1350.5,8578600,1350.5
2018-02-09,1383.5,1265.9300537109375,1373.489990234375,1339.5999755859375,14141500,1339.5999755859375
2018-02-12,1393.81005859375,1344.010009765625,1364.6700439453125,1386.22998046875,6738900,1386.22998046875
2018-02-13,1419.719970703125,1383.530029296875,1385.9300537109375,1414.510009765625,5917900,1414.510009765625
2018-02-14,1452.06005859375,1403.3599853515625,1406.25,1451.050048828125,5959200,1451.050048828125
2018-02-15,1468.93994140625,1436.8399658203125,1466.8900146484375,1461.760009765625,5652700,1461.760009765625
2018-02-16,1465.800048828125,1446.56005859375,1457.3699951171875,1448.68994140625,4472600,1448.68994140625
2018-02-20,1488.77001953125,1446.489990234375,1446.489990234375,1468.3499755859375,6499200,1468.3499755859375
2018-02-21,1503.489990234375,1478.9200439453125,1485.0,1482.9200439453125,6304400,1482.9200439453125
2018-02-22,1502.5400390625,1475.760009765625,1495.3599853515625,1485.3399658203125,4858100,1485.3399658203125
2018-02-23,1500.0,1486.5,1495.3399658203125,1500.0,4418100,1500.0
2018-02-26,1522.8399658203125,1507.0,1509.199951171875,1521.949951171875,4955000,1521.949951171875
2018-02-27,1526.780029296875,1507.2099609375,1524.5,1511.97998046875,4808800,1511.97998046875
2018-02-28,1528.699951171875,1512.0,1519.510009765625,1512.449951171875,4515000,1512.449951171875
