Date,High,Low,Open,Close,Volume,Adj Close
2018-07-02,1713.8900146484375,1678.06005859375,1682.699951171875,1713.780029296875,3185700,1713.780029296875
2018-07-03,1725.0,1692.47998046875,1723.9599609375,1693.9599609375,2177300,1693.9599609375
2018-07-05,1710.68994140625,1682.1500244140625,1705.3800048828125,1699.72998046875,2983100,1699.72998046875
2018-07-06,1715.27001953125,1691.6700439453125,1696.0,1710.6300048828125,2650300,1710.6300048828125
2018-07-09,1739.56005859375,1716.22998046875,1724.050048828125,1739.02001953125,3012000,1739.02001953125
2018-07-10,1750.0,1731.0,1738.530029296875,1743.0699462890625,3002900,1743.0699462890625
2018-07-11,1756.9599609375,1734.0,1737.989990234375,1755.0,3209800,1755.0
2018-07-12,1798.0,1762.1800537109375,1764.510009765625,1796.6199951171875,4532700,1796.6199951171875
2018-07-13,1815.300048828125,1795.22998046875,1803.9300537109375,1813.030029296875,4383200,1813.030029296875
2018-07-16,1841.949951171875,1814.449951171875,1821.949951171875,1822.489990234375,5466200,1822.489990234375
2018-07-17,1851.68994140625,1797.3800048828125,1811.56005859375,1843.9300537109375,5682900,1843.9300537109375
2018-07-18,1858.8800048828125,1831.27001953125,1848.0,1842.9200439453125,4861900,1842.9200439453125
2018-07-19,1841.0,1811.27001953125,1829.4599609375,1812.969970703125,4676900,1812.969970703125
2018-07-20,1834.8399658203125,1810.06005859375,1825.010009765625,1813.699951171875,3884400,1813.699951171875
2018-07-23,1819.0,1769.989990234375,1812.2099609375,1802.0,3888500,1802.0
2018-07-24,1840.0,1809.3800048828125,1829.010009765625,1829.239990234375,4278700,1829.239990234375
2018-07-25,1863.8399658203125,1822.6400146484375,1829.300048828125,1863.6099853515625,3738200,1863.6099853515625
2018-07-26,1844.6800537109375,1804.5,1839.0,1808.0,9924400,1808.0
2018-07-27,1880.050048828125,1806.530029296875,1876.050048828125,1817.27001953125,9681000,1817.27001953125
2018-07-30,1829.5,1766.02001953125,1827.3299560546875,1779.219970703125,6562300,1779.219970703125
2018-07-31,1801.8299560546875,1739.3199462890625,1786.489990234375,1777.43994140625,5738700,1777.43994140625
