Date,High,Low,Open,Close,Volume,Adj Close
2009-08-03,88.19999694824219,86.55999755859375,86.55999755859375,87.44000244140625,6663000,87.44000244140625
2009-08-04,87.4800033569336,84.93000030517578,87.4800033569336,85.80000305175781,6177900,85.80000305175781
2009-08-05,85.75,83.0199966430664,85.63999938964844,84.29000091552734,7279400,84.29000091552734
2009-08-06,84.83999633789062,83.05000305175781,84.30999755859375,84.47000122070312,4693000,84.47000122070312
2009-08-07,85.95999908447266,84.0999984741211,84.0999984741211,85.31999969482422,5628000,85.31999969482422
2009-08-10,85.47000122070312,83.2699966430664,85.01000213623047,84.44000244140625,4440600,84.44000244140625
2009-08-11,84.4000015258789,82.44999694824219,83.63999938964844,83.55999755859375,5025000,83.55999755859375
2009-08-12,86.5999984741211,83.37999725341797,83.41999816894531,85.95999908447266,5619400,85.95999908447266
2009-08-13,86.37000274658203,84.06999969482422,85.72000122070312,84.5999984741211,5712400,84.5999984741211
2009-08-14,84.16999816894531,82.77999877929688,84.11000061035156,83.58000183105469,4924700,83.58000183105469
2009-08-17,81.77999877929688,80.25,81.16000366210938,81.05999755859375,6888600,81.05999755859375
2009-08-18,82.69000244140625,80.79000091552734,81.41000366210938,82.12000274658203,5884400,82.12000274658203
2009-08-19,83.0,80.48999786376953,80.91000366210938,83.0,5170600,83.0
2009-08-20,84.3499984741211,82.66000366210938,82.9800033569336,84.08999633789062,5375000,84.08999633789062
2009-08-21,85.05999755859375,83.54000091552734,84.77999877929688,85.0,6130700,85.0
2009-08-24,85.58999633789062,84.23999786376953,85.16999816894531,84.5,4723200,84.5
2009-08-25,86.33999633789062,83.94999694824219,84.66000366210938,84.19000244140625,4791000,84.19000244140625
2009-08-26,84.76000213623047,83.37999725341797,84.0999984741211,84.0,3613800,84.0
2009-08-27,84.8499984741211,83.13999938964844,84.01000213623047,84.30999755859375,3997700,84.30999755859375
2009-08-28,84.98999786376953,82.56999969482422,84.77999877929688,82.76000213623047,4620700,82.76000213623047
2009-08-31,81.94999694824219,80.3499984741211,81.93000030517578,81.19000244140625,5263800,81.19000244140625
