Date,High,Low,Open,Close,Volume,Adj Close
2015-09-01,510.0,493.42999267578125,499.1400146484375,496.5400085449219,3864500,496.5400085449219
2015-09-02,510.8599853515625,497.7200012207031,505.0899963378906,510.54998779296875,3707100,510.54998779296875
2015-09-03,515.8400268554688,502.57000732421875,514.5,504.7200012207031,3149700,504.7200012207031
2015-09-04,502.8500061035156,495.6400146484375,497.6499938964844,499.0,2692500,499.0
2015-09-08,518.3499755859375,508.510009765625,508.69000244140625,517.5399780273438,3810700,517.5399780273438
2015-09-09,529.9500122070312,515.0599975585938,524.0,516.8900146484375,4370700,516.8900146484375
2015-09-10,526.1300048828125,514.780029296875,515.1500244140625,522.239990234375,2576000,522.239990234375
2015-09-11,529.4400024414062,520.6099853515625,521.0700073242188,529.4400024414062,3227900,529.4400024414062
2015-09-14,532.4500122070312,518.5800170898438,529.4400024414062,521.3800048828125,3130200,521.3800048828125
2015-09-15,527.9199829101562,517.2000122070312,523.25,522.3699951171875,2865900,522.3699951171875
2015-09-16,528.2999877929688,518.52001953125,521.97998046875,527.3900146484375,2252800,527.3900146484375
2015-09-17,546.969970703125,526.5700073242188,526.97998046875,538.8699951171875,4169500,538.8699951171875
2015-09-18,546.239990234375,531.3499755859375,534.6199951171875,540.260009765625,6160100,540.260009765625
2015-09-21,549.780029296875,539.5900268554688,544.3300170898438,548.3900146484375,3283300,548.3900146484375
2015-09-22,543.5499877929688,532.6599731445312,539.7100219726562,538.4000244140625,3841700,538.4000244140625
2015-09-23,541.2100219726562,534.0,538.2999877929688,536.0700073242188,2237600,536.0700073242188
2015-09-24,534.5599975585938,522.8699951171875,530.5499877929688,533.75,3501000,533.75
2015-09-25,542.7999877929688,521.4000244140625,542.5700073242188,524.25,4031000,524.25
2015-09-28,520.280029296875,494.3299865722656,520.02001953125,504.05999755859375,5434500,504.05999755859375
2015-09-29,511.4800109863281,490.5,506.0,496.07000732421875,4457500,496.07000732421875
2015-09-30,512.7999877929688,501.6700134277344,505.44000244140625,511.8900146484375,4004700,511.8900146484375
