Date,High,Low,Open,Close,Volume,Adj Close
2000-07-03,37.5,36.5,36.6875,37.0,1762400,37.0
2000-07-05,38.5,36.375,37.0,36.5,4213600,36.5
2000-07-06,37.375,34.75,36.875,36.0625,6767100,36.0625
2000-07-07,37.0,35.25,36.125,36.125,3870600,36.125
2000-07-10,36.375,35.0,36.375,35.0625,4240600,35.0625
2000-07-11,35.25,32.625,35.1875,33.125,9896500,33.125
2000-07-12,36.125,34.25,35.4375,35.0625,11265900,35.0625
2000-07-13,36.0,34.875,35.625,35.0,8597500,35.0
2000-07-14,43.203125,36.3125,36.375,42.625,22436100,42.625
2000-07-17,43.9375,40.25,42.875,41.125,6530000,41.125
2000-07-18,43.625,39.5,40.125,41.75,7958400,41.75
2000-07-19,41.5625,39.0,41.5,40.875,4743700,40.875
2000-07-20,43.375,39.5,40.9375,40.3125,6945700,40.3125
2000-07-21,42.5,40.4375,40.4375,41.125,4712900,41.125
2000-07-24,41.375,38.0625,41.0625,38.75,5778200,38.75
2000-07-25,38.75,33.25,36.75,37.625,27752500,37.625
2000-07-26,36.71875,34.0625,35.0625,36.0625,15547800,36.0625
2000-07-27,32.0,29.75,31.4375,31.375,23579300,31.375
2000-07-28,32.125,29.0,31.4375,30.0,12447000,30.0
2000-07-31,30.25,27.875,30.0625,30.125,9478800,30.125
