Date,High,Low,Open,Close,Volume,Adj Close
2005-09-01,42.970001220703125,41.75,42.52000045776367,41.84000015258789,4429000,41.84000015258789
2005-09-02,42.04999923706055,41.040000915527344,42.0,41.5099983215332,4027100,41.5099983215332
2005-09-06,43.650001525878906,41.5099983215332,41.54999923706055,43.619998931884766,7939800,43.619998931884766
2005-09-07,44.29999923706055,43.45000076293945,43.5,43.72999954223633,6141500,43.72999954223633
2005-09-08,43.4900016784668,42.83000183105469,43.45000076293945,42.959999084472656,3884200,42.959999084472656
2005-09-09,43.20000076293945,42.810001373291016,42.9900016784668,42.95000076293945,3288700,42.95000076293945
2005-09-12,44.959999084472656,42.689998626708984,42.720001220703125,44.5,8779400,44.5
2005-09-13,44.380001068115234,43.439998626708984,44.16999816894531,43.93000030517578,4505200,43.93000030517578
2005-09-14,44.72999954223633,42.81999969482422,43.880001068115234,43.099998474121094,6318000,43.099998474121094
2005-09-15,43.59000015258789,42.650001525878906,43.20000076293945,42.709999084472656,4587900,42.709999084472656
2005-09-16,42.91999816894531,42.119998931884766,42.79999923706055,42.79999923706055,4111700,42.79999923706055
2005-09-19,43.43000030517578,42.16999816894531,42.630001068115234,42.75,3440300,42.75
2005-09-20,43.0099983215332,41.77000045776367,42.650001525878906,41.869998931884766,3472000,41.869998931884766
2005-09-21,42.63999938964844,41.25,41.849998474121094,41.25,5313800,41.25
2005-09-22,42.27000045776367,40.5,41.20000076293945,42.08000183105469,5838000,42.08000183105469
2005-09-23,42.619998931884766,41.54999923706055,41.970001220703125,42.189998626708984,3145400,42.189998626708984
2005-09-26,43.41999816894531,42.400001525878906,42.45000076293945,43.34000015258789,5616400,43.34000015258789
2005-09-27,43.72999954223633,42.81999969482422,43.2599983215332,43.15999984741211,4173500,43.15999984741211
2005-09-28,43.7400016784668,42.9900016784668,43.25,43.369998931884766,3239700,43.369998931884766
2005-09-29,44.79999923706055,43.130001068115234,43.380001068115234,44.790000915527344,6392800,44.790000915527344
2005-09-30,45.84000015258789,44.599998474121094,44.650001525878906,45.29999923706055,6056000,45.29999923706055
