Date,High,Low,Open,Close,Volume,Adj Close
2019-09-03,1800.800048828125,1768.0,1770.0,1789.8399658203125,3543000,1789.8399658203125
2019-09-04,1807.6300048828125,1796.22998046875,1805.0,1800.6199951171875,2324100,1800.6199951171875
2019-09-05,1842.0,1815.5799560546875,1821.949951171875,1840.719970703125,3310800,1840.719970703125
2019-09-06,1840.6500244140625,1826.4000244140625,1838.219970703125,1833.510009765625,2496900,1833.510009765625
2019-09-09,1850.0,1824.6099853515625,1841.0,1831.3499755859375,2999500,1831.3499755859375
2019-09-10,1825.81005859375,1805.3399658203125,1822.75,1820.550048828125,2613900,1820.550048828125
2019-09-11,1833.4200439453125,1809.0799560546875,1812.1400146484375,1822.989990234375,2432800,1822.989990234375
2019-09-12,1853.6600341796875,1834.280029296875,1837.6300048828125,1843.550048828125,2823500,1843.550048828125
2019-09-13,1846.1199951171875,1835.1700439453125,1842.010009765625,1839.3399658203125,1971300,1839.3399658203125
2019-09-16,1825.68994140625,1800.199951171875,1824.02001953125,1807.8399658203125,3675500,1807.8399658203125
2019-09-17,1823.989990234375,1804.0999755859375,1807.0799560546875,1822.550048828125,1982400,1822.550048828125
2019-09-18,1822.06005859375,1795.5,1817.0400390625,1817.4599609375,2505600,1817.4599609375
2019-09-19,1832.5699462890625,1817.9000244140625,1821.02001953125,1821.5,2031500,1821.5
2019-09-20,1830.6300048828125,1780.9200439453125,1821.7099609375,1794.1600341796875,5341900,1794.1600341796875
2019-09-23,1792.699951171875,1767.3199462890625,1777.0,1785.300048828125,2922300,1785.300048828125
2019-09-24,1795.7099609375,1735.550048828125,1790.6099853515625,1741.6099853515625,4616000,1741.6099853515625
2019-09-25,1773.0,1723.0,1747.3599853515625,1768.3299560546875,3493200,1768.3299560546875
2019-09-26,1763.3699951171875,1731.5,1762.7900390625,1739.8399658203125,3536800,1739.8399658203125
2019-09-27,1749.1199951171875,1713.8199462890625,1748.0,1725.449951171875,3907200,1725.449951171875
2019-09-30,1737.4599609375,1709.219970703125,1726.989990234375,1735.9100341796875,2644700,1735.9100341796875
