Date,High,Low,Open,Close,Volume,Adj Close
2003-06-02,36.68000030517578,35.349998474121094,36.5,35.400001525878906,9552700,35.400001525878906
2003-06-03,35.310001373291016,34.68000030517578,34.709999084472656,35.22999954223633,10095900,35.22999954223633
2003-06-04,35.599998474121094,34.70000076293945,35.0,35.38999938964844,9333400,35.38999938964844
2003-06-05,35.84000015258789,34.61000061035156,35.15999984741211,35.52000045776367,7193700,35.52000045776367
2003-06-06,36.2599983215332,33.25,36.040000915527344,33.349998474121094,11380900,33.349998474121094
2003-06-09,34.470001220703125,33.08000183105469,34.470001220703125,33.68000030517578,8438400,33.68000030517578
2003-06-10,34.380001068115234,32.83000183105469,34.02000045776367,34.06999969482422,9663600,34.06999969482422
2003-06-11,34.810001373291016,33.599998474121094,33.970001220703125,34.650001525878906,7746400,34.650001525878906
2003-06-12,35.400001525878906,34.709999084472656,35.29999923706055,35.20000076293945,7032500,35.20000076293945
2003-06-13,35.45000076293945,34.04999923706055,35.400001525878906,34.130001068115234,6011800,34.130001068115234
2003-06-16,35.849998474121094,34.08000183105469,34.56999969482422,35.84000015258789,7127900,35.84000015258789
2003-06-17,36.369998931884766,35.25,35.93000030517578,35.84000015258789,8249900,35.84000015258789
2003-06-18,37.2400016784668,35.349998474121094,35.5,35.849998474121094,11206800,35.849998474121094
2003-06-19,36.75,35.380001068115234,35.79999923706055,35.5,5988100,35.5
2003-06-20,35.880001068115234,34.84000015258789,35.79999923706055,35.040000915527344,7012500,35.040000915527344
2003-06-23,35.86000061035156,35.029998779296875,35.47999954223633,35.58000183105469,8407300,35.58000183105469
2003-06-24,35.81999969482422,34.540000915527344,35.369998931884766,35.400001525878906,8177200,35.400001525878906
2003-06-25,36.130001068115234,35.150001525878906,35.29999923706055,35.38999938964844,6659000,35.38999938964844
2003-06-26,36.84000015258789,35.060001373291016,35.209999084472656,36.720001220703125,10292400,36.720001220703125
2003-06-27,37.09000015258789,36.18000030517578,36.689998626708984,36.29999923706055,6756500,36.29999923706055
2003-06-30,36.81999969482422,36.02000045776367,36.630001068115234,36.31999969482422,5143900,36.31999969482422
