Date,High,Low,Open,Close,Volume,Adj Close
2014-05-01,310.4800109863281,304.0,304.1300048828125,307.8900146484375,4328600,307.8900146484375
2014-05-02,313.2900085449219,304.30999755859375,310.4200134277344,308.010009765625,3995100,308.010009765625
2014-05-05,310.2300109863281,305.0,306.3699951171875,310.04998779296875,2519900,310.04998779296875
2014-05-06,309.80999755859375,297.0400085449219,309.5299987792969,297.3800048828125,4682300,297.3800048828125
2014-05-07,296.3999938964844,286.67999267578125,295.55999755859375,292.7099914550781,7015200,292.7099914550781
2014-05-08,295.8800048828125,287.2300109863281,290.82000732421875,288.32000732421875,3848200,288.32000732421875
2014-05-09,293.67999267578125,284.3800048828125,290.57000732421875,292.239990234375,4063000,292.239990234375
2014-05-12,303.3399963378906,294.1600036621094,294.29998779296875,302.8599853515625,3729600,302.8599853515625
2014-05-13,305.6000061035156,300.75,302.6000061035156,304.6400146484375,3509900,304.6400146484375
2014-05-14,304.6400146484375,296.6600036621094,302.5,297.6199951171875,3323300,297.6199951171875
2014-05-15,299.20001220703125,290.3800048828125,298.0199890136719,295.19000244140625,4295100,295.19000244140625
2014-05-16,298.8800048828125,291.54998779296875,292.79998779296875,297.70001220703125,3636800,297.70001220703125
2014-05-19,299.0,293.80999755859375,295.760009765625,296.760009765625,2284200,296.760009765625
2014-05-20,304.4599914550781,296.75,297.1000061035156,301.19000244140625,4095700,301.19000244140625
2014-05-21,305.9599914550781,301.5199890136719,302.2099914550781,305.010009765625,3408800,305.010009765625
2014-05-22,308.5400085449219,303.010009765625,305.04998779296875,304.9100036621094,2576800,304.9100036621094
2014-05-23,312.3500061035156,304.8999938964844,305.4599914550781,312.239990234375,3052900,312.239990234375
2014-05-27,314.6300048828125,307.3800048828125,314.4100036621094,310.82000732421875,4862100,310.82000732421875
2014-05-28,313.82000732421875,307.4200134277344,309.5,310.1600036621094,2726000,310.1600036621094
2014-05-29,314.8699951171875,310.20001220703125,310.4200134277344,313.7799987792969,2365500,313.7799987792969
2014-05-30,314.6499938964844,307.57000732421875,314.42999267578125,312.54998779296875,4260200,312.54998779296875
