Date,High,Low,Open,Close,Volume,Adj Close
2015-01-02,314.75,306.9599914550781,312.5799865722656,308.5199890136719,2783200,308.5199890136719
2015-01-05,308.3800048828125,300.8500061035156,307.010009765625,302.19000244140625,2774200,302.19000244140625
2015-01-06,303.0,292.3800048828125,302.239990234375,295.2900085449219,3519000,295.2900085449219
2015-01-07,301.2799987792969,295.3299865722656,297.5,298.4200134277344,2640300,298.4200134277344
2015-01-08,303.1400146484375,296.1099853515625,300.32000732421875,300.4599914550781,3088400,300.4599914550781
2015-01-09,302.8699951171875,296.67999267578125,301.4800109863281,296.92999267578125,2592400,296.92999267578125
2015-01-12,298.510009765625,289.2799987792969,297.55999755859375,291.4100036621094,3421400,291.4100036621094
2015-01-13,301.5,293.2300109863281,297.4800109863281,294.739990234375,4136400,294.739990234375
2015-01-14,295.9100036621094,286.5,291.92999267578125,293.2699890136719,5538700,293.2699890136719
2015-01-15,296.0,286.82000732421875,294.0,286.95001220703125,4419200,286.95001220703125
2015-01-16,290.7900085449219,285.25,286.2799987792969,290.739990234375,3478200,290.739990234375
2015-01-20,293.3599853515625,286.3900146484375,292.5899963378906,289.44000244140625,3075100,289.44000244140625
2015-01-21,306.0,287.260009765625,289.6400146484375,297.25,10065100,297.25
2015-01-22,312.25,300.0,300.0,310.32000732421875,5362600,310.32000732421875
2015-01-23,316.92999267578125,307.7200012207031,308.0799865722656,312.3900146484375,4496400,312.3900146484375
2015-01-26,313.0,307.5199890136719,311.82000732421875,309.6600036621094,3169700,309.6600036621094
2015-01-27,310.239990234375,302.6300048828125,306.29998779296875,306.75,2920300,306.75
2015-01-28,311.510009765625,303.79998779296875,309.80999755859375,303.9100036621094,3063800,303.9100036621094
2015-01-29,312.79998779296875,299.3299865722656,304.7300109863281,311.7799987792969,8656600,311.7799987792969
2015-01-30,359.5,340.739990234375,346.32000732421875,354.5299987792969,23856100,354.5299987792969
