Date,High,Low,Open,Close,Volume,Adj Close
2017-10-02,967.3099975585938,952.1199951171875,964.0,959.1900024414062,2442900,959.1900024414062
2017-10-03,963.6900024414062,950.3699951171875,958.0,957.0999755859375,2666600,957.0999755859375
2017-10-04,967.7899780273438,954.0499877929688,954.2100219726562,965.4500122070312,2527400,965.4500122070312
2017-10-05,981.510009765625,969.6400146484375,970.0,980.8499755859375,3229200,980.8499755859375
2017-10-06,995.75,975.6400146484375,975.6400146484375,989.5800170898438,3782100,989.5800170898438
2017-10-09,998.5,987.5,993.239990234375,990.989990234375,2938600,990.989990234375
2017-10-10,997.9500122070312,980.0999755859375,996.6699829101562,987.2000122070312,3084900,987.2000122070312
2017-10-11,995.5,986.7000122070312,991.27001953125,995.0,2337100,995.0
2017-10-12,1008.4400024414062,992.4000244140625,996.8099975585938,1000.9299926757812,4067300,1000.9299926757812
2017-10-13,1007.77001953125,1001.030029296875,1007.0,1002.9400024414062,2431500,1002.9400024414062
2017-10-16,1009.5700073242188,1001.0399780273438,1008.4400024414062,1006.3400268554688,2008900,1006.3400268554688
2017-10-17,1011.469970703125,1004.3800048828125,1005.5900268554688,1009.1300048828125,2319700,1009.1300048828125
2017-10-18,1022.3099975585938,996.5499877929688,1009.27001953125,997.0,2499700,997.0
2017-10-19,991.0499877929688,980.239990234375,990.0,986.6099853515625,3108200,986.6099853515625
2017-10-20,994.6199951171875,982.0,993.530029296875,982.9099731445312,2365100,982.9099731445312
2017-10-23,986.780029296875,962.5,986.72998046875,966.2999877929688,3494100,966.2999877929688
2017-10-24,979.8499755859375,965.0,969.0,975.9000244140625,2723900,975.9000244140625
2017-10-25,984.4400024414062,966.239990234375,978.0,972.9099731445312,3033100,972.9099731445312
2017-10-26,982.9000244140625,968.5499877929688,980.3300170898438,972.4299926757812,5618700,972.4299926757812
2017-10-27,1105.5799560546875,1050.550048828125,1058.1400146484375,1100.949951171875,16565000,1100.949951171875
2017-10-30,1122.7900390625,1093.56005859375,1095.010009765625,1110.8499755859375,6613100,1110.8499755859375
2017-10-31,1110.5400390625,1101.1199951171875,1109.0,1105.280029296875,3477000,1105.280029296875
