Date,High,Low,Open,Close,Volume,Adj Close
2012-12-03,254.16000366210938,250.0,252.5399932861328,250.3300018310547,2990600,250.3300018310547
2012-12-04,253.0,248.66000366210938,249.94000244140625,252.49000549316406,3114700,252.49000549316406
2012-12-05,255.5500030517578,250.3800048828125,252.44000244140625,253.9600067138672,2852200,253.9600067138672
2012-12-06,255.1699981689453,251.50999450683594,253.0,253.3699951171875,3557900,253.3699951171875
2012-12-07,255.2100067138672,252.00999450683594,254.13999938964844,253.27000427246094,2170300,253.27000427246094
2012-12-10,254.77999877929688,247.3000030517578,253.10000610351562,247.77000427246094,3503800,247.77000427246094
2012-12-11,253.47999572753906,246.64999389648438,248.5,250.69000244140625,4185200,250.69000244140625
2012-12-12,254.36000061035156,250.05999755859375,251.07000732421875,251.75999450683594,2628100,251.75999450683594
2012-12-13,254.5399932861328,250.02000427246094,251.11000061035156,251.25,2460200,251.25
2012-12-14,251.89999389648438,247.7899932861328,250.11000061035156,249.19000244140625,2526900,249.19000244140625
2012-12-17,254.0,249.25999450683594,249.80999755859375,253.86000061035156,2277000,253.86000061035156
2012-12-18,263.1099853515625,254.57000732421875,254.57000732421875,260.3999938964844,4961000,260.3999938964844
2012-12-19,261.6700134277344,257.67999267578125,261.29998779296875,257.989990234375,2300000,257.989990234375
2012-12-20,262.4100036621094,256.5400085449219,258.3599853515625,261.5,2584600,261.5
2012-12-21,258.3800048828125,255.74000549316406,257.82000732421875,256.9200134277344,4704600,256.9200134277344
2012-12-24,259.5,256.9599914550781,257.29998779296875,258.6199951171875,984400,258.6199951171875
2012-12-26,257.4200134277344,248.0399932861328,257.1499938964844,248.6300048828125,4152700,248.6300048828125
2012-12-27,249.35000610351562,242.86000061035156,248.27999877929688,248.30999755859375,3639300,248.30999755859375
2012-12-28,247.44000244140625,245.0500030517578,245.85000610351562,245.17999267578125,1858700,245.17999267578125
2012-12-31,252.41000366210938,242.75,243.75,250.8699951171875,3419000,250.8699951171875
