Date,High,Low,Open,Close,Volume,Adj Close
2013-08-01,306.2099914550781,298.8999938964844,303.0799865722656,305.57000732421875,2971700,305.57000732421875
2013-08-02,305.3299865722656,301.5,304.6300048828125,304.2099914550781,2502600,304.2099914550781
2013-08-05,303.6199951171875,298.29998779296875,303.3999938964844,300.989990234375,2233200,300.989990234375
2013-08-06,301.3599853515625,297.5199890136719,300.510009765625,300.75,1849000,300.75
2013-08-07,300.989990234375,296.1499938964844,300.1499938964844,296.9100036621094,1961000,296.9100036621094
2013-08-08,298.5199890136719,292.54998779296875,298.5199890136719,295.739990234375,2343400,295.739990234375
2013-08-09,299.2699890136719,294.29998779296875,295.67999267578125,297.260009765625,1950300,297.260009765625
2013-08-12,299.0799865722656,295.260009765625,295.7900085449219,296.69000244140625,1504500,296.69000244140625
2013-08-13,296.3699951171875,290.6700134277344,295.8800048828125,293.9700012207031,2349900,293.9700012207031
2013-08-14,294.2900085449219,290.5400085449219,294.2900085449219,291.3399963378906,1415000,291.3399963378906
2013-08-15,289.29998779296875,285.1499938964844,288.7900085449219,286.4700012207031,2261400,286.4700012207031
2013-08-16,288.3299865722656,284.5,286.54998779296875,284.82000732421875,2422500,284.82000732421875
2013-08-19,289.55999755859375,283.4800109863281,285.19000244140625,285.57000732421875,2477400,285.57000732421875
2013-08-20,289.510009765625,285.739990234375,285.8800048828125,287.0899963378906,1586300,287.0899963378906
2013-08-21,288.5,283.8299865722656,285.0899963378906,284.57000732421875,1815300,284.57000732421875
2013-08-22,289.8699951171875,284.79998779296875,284.79998779296875,289.7300109863281,1422600,289.7300109863281
2013-08-23,291.5,287.8999938964844,291.2099914550781,290.010009765625,1961900,290.010009765625
2013-08-26,291.04998779296875,285.6199951171875,290.42999267578125,286.2099914550781,1711700,286.2099914550781
2013-08-27,285.2799987792969,279.739990234375,283.8699951171875,280.92999267578125,2476000,280.92999267578125
2013-08-28,283.0,279.3299865722656,280.3599853515625,281.5799865722656,1457100,281.5799865722656
2013-08-29,285.9800109863281,280.0,281.45001220703125,283.9800109863281,1566400,283.9800109863281
2013-08-30,284.8699951171875,280.0,284.5899963378906,280.9800109863281,1534700,280.9800109863281
