Date,High,Low,Open,Close,Volume,Adj Close
2005-03-01,35.40999984741211,34.81999969482422,35.060001373291016,35.38999938964844,5819000,35.38999938964844
2005-03-02,35.93000030517578,35.06999969482422,35.38999938964844,35.5,4871700,35.5
2005-03-03,35.959999084472656,35.400001525878906,35.5,35.650001525878906,5025600,35.650001525878906
2005-03-04,36.310001373291016,35.70000076293945,35.84000015258789,35.849998474121094,5545700,35.849998474121094
2005-03-07,36.400001525878906,35.810001373291016,35.939998626708984,36.31999969482422,3585900,36.31999969482422
2005-03-08,36.43000030517578,35.75,36.310001373291016,35.83000183105469,4792900,35.83000183105469
2005-03-09,35.93000030517578,34.900001525878906,35.7400016784668,35.400001525878906,7412300,35.400001525878906
2005-03-10,35.709999084472656,34.56999969482422,35.310001373291016,34.90999984741211,5872300,34.90999984741211
2005-03-11,34.869998931884766,34.04999923706055,34.810001373291016,34.75,8010300,34.75
2005-03-14,34.75,34.0,34.66999816894531,34.599998474121094,5433500,34.599998474121094
2005-03-15,34.849998474121094,33.900001525878906,34.58000183105469,34.18000030517578,5070600,34.18000030517578
2005-03-16,34.439998626708984,33.599998474121094,33.880001068115234,33.869998931884766,5370000,33.869998931884766
2005-03-17,34.439998626708984,33.58000183105469,33.58000183105469,33.970001220703125,4858000,33.970001220703125
2005-03-18,34.279998779296875,33.650001525878906,34.150001525878906,34.15999984741211,5294700,34.15999984741211
2005-03-21,34.630001068115234,33.540000915527344,34.209999084472656,33.66999816894531,6084400,33.66999816894531
2005-03-22,33.939998626708984,33.06999969482422,33.70000076293945,33.150001525878906,5490700,33.150001525878906
2005-03-23,33.84000015258789,32.81999969482422,33.09000015258789,33.18000030517578,6323700,33.18000030517578
2005-03-24,33.880001068115234,32.869998931884766,33.400001525878906,32.880001068115234,5337300,32.880001068115234
2005-03-28,33.650001525878906,33.02000045776367,33.099998474121094,33.38999938964844,4326600,33.38999938964844
2005-03-29,34.150001525878906,33.22999954223633,33.279998779296875,33.43000030517578,6137300,33.43000030517578
2005-03-30,34.52000045776367,33.5099983215332,33.59000015258789,34.31999969482422,5349800,34.31999969482422
2005-03-31,34.54999923706055,34.0,34.4900016784668,34.27000045776367,3554300,34.27000045776367
