Date,High,Low,Open,Close,Volume,Adj Close
2006-02-01,44.689998626708984,43.5,43.91999816894531,43.97999954223633,7501400,43.97999954223633
2006-02-02,44.040000915527344,39.79999923706055,43.84000015258789,42.7400016784668,23709300,42.7400016784668
2006-02-03,38.5,37.369998931884766,37.70000076293945,38.33000183105469,33531300,38.33000183105469
2006-02-06,38.34000015258789,37.77000045776367,38.34000015258789,37.95000076293945,8503200,37.95000076293945
2006-02-07,38.20000076293945,37.20000076293945,38.09000015258789,37.52000045776367,7403600,37.52000045776367
2006-02-08,38.38999938964844,37.11000061035156,37.70000076293945,38.16999816894531,7543700,38.16999816894531
2006-02-09,39.0,37.93000030517578,38.61000061035156,37.9900016784668,6932800,37.9900016784668
2006-02-10,38.52000045776367,37.369998931884766,37.97999954223633,38.52000045776367,5011800,38.52000045776367
2006-02-13,38.41999816894531,37.529998779296875,38.25,37.86000061035156,4750400,37.86000061035156
2006-02-14,38.4900016784668,37.380001068115234,38.040000915527344,38.25,4514200,38.25
2006-02-15,39.279998779296875,38.099998474121094,38.2400016784668,39.2599983215332,6902700,39.2599983215332
2006-02-16,40.0,38.83000183105469,39.369998931884766,39.150001525878906,5638000,39.150001525878906
2006-02-17,39.380001068115234,38.90999984741211,38.93000030517578,39.189998626708984,4581800,39.189998626708984
2006-02-21,39.11000061035156,38.2599983215332,39.0099983215332,38.290000915527344,5056100,38.290000915527344
2006-02-22,39.099998474121094,37.709999084472656,38.310001373291016,38.720001220703125,7356900,38.720001220703125
2006-02-23,38.75,37.869998931884766,38.619998931884766,37.900001525878906,9287500,37.900001525878906
2006-02-24,38.40999984741211,37.86000061035156,38.25,38.349998474121094,3720000,38.349998474121094
2006-02-27,38.779998779296875,37.93000030517578,38.400001525878906,38.0099983215332,4449100,38.0099983215332
2006-02-28,38.09000015258789,37.04999923706055,37.790000915527344,37.439998626708984,9150900,37.439998626708984
