Date,High,Low,Open,Close,Volume,Adj Close
2015-02-02,365.0,350.010009765625,350.04998779296875,364.4700012207031,10231900,364.4700012207031
2015-02-03,367.82000732421875,360.2099914550781,360.2900085449219,363.54998779296875,6212600,363.54998779296875
2015-02-04,367.5,358.2300109863281,358.3800048828125,364.75,4169900,364.75
2015-02-05,378.79998779296875,365.8999938964844,366.0,373.8900146484375,7247600,373.8900146484375
2015-02-06,375.989990234375,371.010009765625,374.8699951171875,374.2799987792969,3892400,374.2799987792969
2015-02-09,374.4100036621094,367.20001220703125,371.0,370.55999755859375,2724600,370.55999755859375
2015-02-10,374.29998779296875,368.510009765625,371.19000244140625,373.0,2287200,373.0
2015-02-11,377.1000061035156,371.1000061035156,371.2300109863281,375.1400146484375,2786500,375.1400146484375
2015-02-12,378.510009765625,373.1499938964844,375.1000061035156,377.1700134277344,2791100,377.1700134277344
2015-02-13,383.0,377.010009765625,378.4100036621094,381.8299865722656,3475100,381.8299865722656
2015-02-17,379.989990234375,372.6700134277344,377.7200012207031,375.42999267578125,3673200,375.42999267578125
2015-02-18,376.739990234375,372.8500061035156,373.7799987792969,373.3699951171875,2650600,373.3699951171875
2015-02-19,381.8800048828125,373.42999267578125,373.489990234375,379.0,2953800,379.0
2015-02-20,383.70001220703125,375.8399963378906,378.6199951171875,383.6600036621094,3258000,383.6600036621094
2015-02-23,384.5400085449219,378.0,383.44000244140625,380.1400146484375,2177000,380.1400146484375
2015-02-24,380.4800109863281,376.1600036621094,378.6499938964844,378.5899963378906,1920800,378.5899963378906
2015-02-25,387.8500061035156,376.5400085449219,377.2699890136719,385.3699951171875,3174500,385.3699951171875
2015-02-26,389.3699951171875,383.2799987792969,384.07000732421875,384.79998779296875,2687100,384.79998779296875
2015-02-27,385.989990234375,379.7900085449219,384.0,380.1600036621094,2532300,380.1600036621094
