Date,High,Low,Open,Close,Volume,Adj Close
2003-05-01,28.700000762939453,28.149999618530273,28.68000030517578,28.65999984741211,7689200,28.65999984741211
2003-05-02,29.450000762939453,28.549999237060547,28.6299991607666,29.43000030517578,9884400,29.43000030517578
2003-05-05,30.049999237060547,29.010000228881836,29.469999313354492,29.959999084472656,11136300,29.959999084472656
2003-05-06,31.18000030517578,29.799999237060547,29.8700008392334,30.8799991607666,13962400,30.8799991607666
2003-05-07,30.860000610351562,30.030000686645508,30.65999984741211,30.700000762939453,10351800,30.700000762939453
2003-05-08,30.760000228881836,30.219999313354492,30.360000610351562,30.450000762939453,8513500,30.450000762939453
2003-05-09,30.989999771118164,30.200000762939453,30.459999084472656,30.959999084472656,5981700,30.959999084472656
2003-05-12,31.799999237060547,30.670000076293945,30.829999923706055,31.700000762939453,7246900,31.700000762939453
2003-05-13,33.4900016784668,31.440000534057617,31.549999237060547,32.95000076293945,15844500,32.95000076293945
2003-05-14,33.189998626708984,32.439998626708984,33.13999938964844,32.599998474121094,7993200,32.599998474121094
2003-05-15,32.75,32.20000076293945,32.63999938964844,32.630001068115234,5192300,32.630001068115234
2003-05-16,33.15999984741211,32.380001068115234,32.5099983215332,33.04999923706055,7644100,33.04999923706055
2003-05-19,32.970001220703125,31.399999618530273,32.70000076293945,31.559999465942383,9763500,31.559999465942383
2003-05-20,32.130001068115234,31.170000076293945,31.559999465942383,31.479999542236328,8066200,31.479999542236328
2003-05-21,31.84000015258789,31.15999984741211,31.34000015258789,31.75,5200300,31.75
2003-05-22,33.290000915527344,31.290000915527344,31.75,33.0,8489900,33.0
2003-05-23,33.04999923706055,32.470001220703125,33.029998779296875,32.720001220703125,7063200,32.720001220703125
2003-05-27,35.029998779296875,32.45000076293945,32.54999923706055,34.849998474121094,12225400,34.849998474121094
2003-05-28,35.72999954223633,34.650001525878906,34.880001068115234,34.86000061035156,9053100,34.86000061035156
2003-05-29,35.970001220703125,34.70000076293945,34.88999938964844,35.54999923706055,9341600,35.54999923706055
2003-05-30,36.09000015258789,35.0,35.61000061035156,35.88999938964844,10190300,35.88999938964844
