Date,High,Low,Open,Close,Volume,Adj Close
2006-11-01,38.20000076293945,37.459999084472656,38.130001068115234,37.560001373291016,6668900,37.560001373291016
2006-11-02,37.77000045776367,37.11000061035156,37.33000183105469,37.45000076293945,5447300,37.45000076293945
2006-11-03,37.709999084472656,36.869998931884766,37.61000061035156,37.459999084472656,5124100,37.459999084472656
2006-11-06,38.349998474121094,37.529998779296875,37.63999938964844,38.209999084472656,4540900,38.209999084472656
2006-11-07,39.0,38.040000915527344,38.20000076293945,38.77000045776367,7745100,38.77000045776367
2006-11-08,39.47999954223633,38.459999084472656,38.58000183105469,39.470001220703125,8159900,39.470001220703125
2006-11-09,39.77000045776367,38.810001373291016,39.5,38.84000015258789,5807100,38.84000015258789
2006-11-10,39.36000061035156,38.7599983215332,38.790000915527344,39.2599983215332,4495100,39.2599983215332
2006-11-13,40.0,39.130001068115234,39.22999954223633,39.9900016784668,6944300,39.9900016784668
2006-11-14,41.66999816894531,39.619998931884766,40.11000061035156,41.5099983215332,10951300,41.5099983215332
2006-11-15,43.099998474121094,41.5,41.5,42.599998474121094,13556700,42.599998474121094
2006-11-16,42.95000076293945,42.400001525878906,42.45000076293945,42.84000015258789,11000800,42.84000015258789
2006-11-17,42.66999816894531,42.220001220703125,42.54999923706055,42.54999923706055,6530200,42.54999923706055
2006-11-20,42.54999923706055,41.939998626708984,42.349998474121094,42.439998626708984,5796400,42.439998626708984
2006-11-21,43.25,42.119998931884766,42.54999923706055,42.540000915527344,6984400,42.540000915527344
2006-11-22,42.97999954223633,42.18000030517578,42.5,42.959999084472656,4535600,42.959999084472656
2006-11-24,42.939998626708984,42.310001373291016,42.560001373291016,42.40999984741211,2241300,42.40999984741211
2006-11-27,42.79999923706055,40.720001220703125,42.18000030517578,40.849998474121094,8972800,40.849998474121094
2006-11-28,41.06999969482422,40.29999923706055,40.75,40.91999816894531,7099300,40.91999816894531
2006-11-29,41.099998474121094,40.0,40.47999954223633,40.630001068115234,7854600,40.630001068115234
2006-11-30,40.63999938964844,39.849998474121094,40.41999816894531,40.34000015258789,6346300,40.34000015258789
