Date,High,Low,Open,Close,Volume,Adj Close
2005-12-01,49.400001525878906,48.630001068115234,48.880001068115234,49.0,7866700,49.0
2005-12-02,49.529998779296875,48.400001525878906,48.91999816894531,49.060001373291016,6451600,49.060001373291016
2005-12-05,49.349998474121094,48.75,48.86000061035156,48.83000183105469,5250900,48.83000183105469
2005-12-06,49.900001525878906,49.060001373291016,49.060001373291016,49.2599983215332,9581400,49.2599983215332
2005-12-07,49.470001220703125,48.290000915527344,49.310001373291016,48.83000183105469,6796800,48.83000183105469
2005-12-08,49.099998474121094,47.86000061035156,48.83000183105469,48.349998474121094,7144000,48.349998474121094
2005-12-09,49.040000915527344,48.25,48.650001525878906,48.7400016784668,4709000,48.7400016784668
2005-12-12,49.29999923706055,48.63999938964844,49.150001525878906,49.06999969482422,3424300,49.06999969482422
2005-12-13,49.66999816894531,48.47999954223633,48.540000915527344,49.5,5812800,49.5
2005-12-14,49.599998474121094,48.790000915527344,49.20000076293945,49.40999984741211,4965900,49.40999984741211
2005-12-15,49.95000076293945,49.04999923706055,49.5,49.47999954223633,5820500,49.47999954223633
2005-12-16,49.91999816894531,49.209999084472656,49.400001525878906,49.209999084472656,5626500,49.209999084472656
2005-12-19,50.0,48.31999969482422,48.9900016784668,48.369998931884766,8308700,48.369998931884766
2005-12-20,48.599998474121094,47.68000030517578,48.459999084472656,48.13999938964844,5535200,48.13999938964844
2005-12-21,49.060001373291016,47.779998779296875,48.290000915527344,48.970001220703125,7322500,48.970001220703125
2005-12-22,49.279998779296875,48.36000061035156,48.900001525878906,49.220001220703125,4421800,49.220001220703125
2005-12-23,49.38999938964844,48.720001220703125,49.09000015258789,49.220001220703125,3206500,49.220001220703125
2005-12-27,49.099998474121094,48.36000061035156,48.900001525878906,48.560001373291016,5818700,48.560001373291016
2005-12-28,48.54999923706055,47.900001525878906,48.4900016784668,48.060001373291016,4531800,48.060001373291016
2005-12-29,48.459999084472656,47.970001220703125,48.130001068115234,47.9900016784668,3171100,47.9900016784668
2005-12-30,48.20000076293945,47.13999938964844,47.72999954223633,47.150001525878906,5401100,47.150001525878906
