Date,High,Low,Open,Close,Volume,Adj Close
2001-07-02,14.710000038146973,13.850000381469727,14.100000381469727,14.529999732971191,6334500,14.529999732971191
2001-07-03,14.5,14.0,14.489999771118164,14.130000114440918,2701100,14.130000114440918
2001-07-05,15.449999809265137,14.199999809265137,14.279999732971191,15.270000457763672,12083200,15.270000457763672
2001-07-06,15.720000267028809,14.800000190734863,14.899999618530273,15.270000457763672,9091200,15.270000457763672
2001-07-09,15.899999618530273,15.109999656677246,15.350000381469727,15.8100004196167,8001000,15.8100004196167
2001-07-10,16.1200008392334,15.600000381469727,16.079999923706055,15.609999656677246,8642700,15.609999656677246
2001-07-11,15.800000190734863,14.949999809265137,15.430000305175781,15.34000015258789,5821800,15.34000015258789
2001-07-12,16.540000915527344,15.699999809265137,15.699999809265137,16.489999771118164,5976500,16.489999771118164
2001-07-13,17.0,16.100000381469727,16.260000228881836,16.979999542236328,6848300,16.979999542236328
2001-07-16,17.420000076293945,16.010000228881836,16.940000534057617,16.010000228881836,7315800,16.010000228881836
2001-07-17,16.489999771118164,15.829999923706055,15.84000015258789,16.350000381469727,3706200,16.350000381469727
2001-07-18,16.649999618530273,15.880000114440918,16.06999969482422,15.960000038146973,3673100,15.960000038146973
2001-07-19,16.799999237060547,16.139999389648438,16.149999618530273,16.489999771118164,5212800,16.489999771118164
2001-07-20,17.25,16.450000762939453,16.530000686645508,16.979999542236328,3735700,16.979999542236328
2001-07-23,17.1299991607666,15.960000038146973,17.020000457763672,16.030000686645508,8663900,16.030000686645508
2001-07-24,14.0,11.899999618530273,13.619999885559082,12.0600004196167,32572900,12.0600004196167
2001-07-25,12.3100004196167,11.069999694824219,12.289999961853027,11.510000228881836,12559700,11.510000228881836
2001-07-26,12.75,11.229999542236328,11.670000076293945,12.329999923706055,10502500,12.329999923706055
2001-07-27,12.430000305175781,11.699999809265137,12.329999923706055,12.25,9075900,12.25
2001-07-30,12.75,11.979999542236328,12.210000038146973,12.550000190734863,5181000,12.550000190734863
2001-07-31,12.859999656677246,12.229999542236328,12.640000343322754,12.489999771118164,4378900,12.489999771118164
