Date,High,Low,Open,Close,Volume,Adj Close
2012-01-03,179.47999572753906,175.5500030517578,175.88999938964844,179.02999877929688,5110800,179.02999877929688
2012-01-04,180.5,176.07000732421875,179.2100067138672,177.50999450683594,4205200,177.50999450683594
2012-01-05,178.25,174.0500030517578,175.94000244140625,177.61000061035156,3809100,177.61000061035156
2012-01-06,184.64999389648438,177.5,178.07000732421875,182.61000061035156,7008400,182.61000061035156
2012-01-09,184.3699951171875,177.0,182.75999450683594,178.55999755859375,5056900,178.55999755859375
2012-01-10,182.39999389648438,177.10000610351562,181.10000610351562,179.33999633789062,3985800,179.33999633789062
2012-01-11,180.77000427246094,178.19000244140625,179.63999938964844,178.89999389648438,3102700,178.89999389648438
2012-01-12,179.49000549316406,175.75,179.4199981689453,175.92999267578125,5385800,175.92999267578125
2012-01-13,178.8000030517578,173.5,175.80999755859375,178.4199981689453,4753500,178.4199981689453
2012-01-17,183.3000030517578,178.50999450683594,180.14999389648438,181.66000366210938,5644500,181.66000366210938
2012-01-18,190.25,181.1199951171875,181.94000244140625,189.44000244140625,7473500,189.44000244140625
2012-01-19,195.94000244140625,190.36000061035156,190.8800048828125,194.4499969482422,7096000,194.4499969482422
2012-01-20,192.89999389648438,189.0399932861328,190.7100067138672,190.92999267578125,5610300,190.92999267578125
2012-01-23,191.72999572753906,185.22999572753906,190.7899932861328,186.08999633789062,4585300,186.08999633789062
2012-01-24,188.41000366210938,183.82000732421875,185.0,187.0,4673800,187.0
2012-01-25,188.1699981689453,184.61000061035156,186.99000549316406,187.8000030517578,4306400,187.8000030517578
2012-01-26,194.85000610351562,188.72999572753906,189.3000030517578,193.32000732421875,5873600,193.32000732421875
2012-01-27,196.5,192.3300018310547,193.08999633789062,195.3699951171875,4659000,195.3699951171875
2012-01-30,195.0,190.1300048828125,193.67999267578125,192.14999389648438,5424100,192.14999389648438
2012-01-31,195.6300048828125,189.6999969482422,194.0,194.44000244140625,12772200,194.44000244140625
