Date,High,Low,Open,Close,Volume,Adj Close
2002-03-01,15.399999618530273,14.119999885559082,14.130000114440918,15.390000343322754,9839200,15.390000343322754
2002-03-04,16.489999771118164,15.399999618530273,15.420000076293945,16.479999542236328,13928200,16.479999542236328
2002-03-05,16.68000030517578,15.529999732971191,16.0,15.970000267028809,8809700,15.970000267028809
2002-03-06,16.59000015258789,14.819999694824219,14.819999694824219,16.329999923706055,14262700,16.329999923706055
2002-03-07,16.950000762939453,15.399999618530273,16.40999984741211,15.619999885559082,9272300,15.619999885559082
2002-03-08,16.959999084472656,15.930000305175781,16.25,16.350000381469727,9434800,16.350000381469727
2002-03-11,16.8799991607666,15.859999656677246,16.040000915527344,16.709999084472656,6624700,16.709999084472656
2002-03-12,16.59000015258789,16.040000915527344,16.350000381469727,16.309999465942383,5619100,16.309999465942383
2002-03-13,16.34000015258789,15.640000343322754,16.049999237060547,15.739999771118164,5559400,15.739999771118164
2002-03-14,15.5,14.279999732971191,14.989999771118164,14.479999542236328,15169300,14.479999542236328
2002-03-15,14.289999961853027,13.550000190734863,14.270000457763672,14.029999732971191,12320700,14.029999732971191
2002-03-18,15.279999732971191,14.140000343322754,14.149999618530273,15.010000228881836,9831800,15.010000228881836
2002-03-19,15.399999618530273,14.5600004196167,15.149999618530273,14.65999984741211,4893700,14.65999984741211
2002-03-20,15.130000114440918,14.300000190734863,14.479999542236328,14.5,7179300,14.5
2002-03-21,15.239999771118164,14.5600004196167,14.619999885559082,15.170000076293945,5577900,15.170000076293945
2002-03-22,15.600000381469727,15.100000381469727,15.119999885559082,15.529999732971191,5185000,15.529999732971191
2002-03-25,15.729999542236328,14.720000267028809,15.470000267028809,14.739999771118164,5116100,14.739999771118164
2002-03-26,15.449999809265137,14.550000190734863,14.640000343322754,14.829999923706055,4925100,14.829999923706055
2002-03-27,14.350000381469727,13.699999809265137,13.899999618530273,14.25,8146300,14.25
2002-03-28,14.649999618530273,14.25,14.399999618530273,14.300000190734863,3122500,14.300000190734863
