Date,High,Low,Open,Close,Volume,Adj Close
2009-11-02,119.5,116.70999908447266,118.66000366210938,118.83999633789062,11280000,118.83999633789062
2009-11-03,118.87999725341797,116.62999725341797,117.66999816894531,118.37000274658203,9478500,118.37000274658203
2009-11-04,119.25,116.76000213623047,119.0,117.0999984741211,7617500,117.0999984741211
2009-11-05,120.94999694824219,116.25,117.45999908447266,120.61000061035156,9086800,120.61000061035156
2009-11-06,126.9800033569336,122.66999816894531,123.0,126.19999694824219,13226000,126.19999694824219
2009-11-09,128.32000732421875,125.58999633789062,127.11000061035156,126.66999816894531,8624200,126.66999816894531
2009-11-10,130.61000061035156,126.0,126.80000305175781,130.14999389648438,10529300,130.14999389648438
2009-11-11,131.30999755859375,128.3300018310547,131.0800018310547,129.91000366210938,7434200,129.91000366210938
2009-11-12,132.14999389648438,129.97999572753906,129.97999572753906,130.52999877929688,7210100,130.52999877929688
2009-11-13,132.99000549316406,129.75,131.16000366210938,132.97000122070312,7376800,132.97000122070312
2009-11-16,134.55999755859375,130.97999572753906,132.1199951171875,131.58999633789062,9018300,131.58999633789062
2009-11-17,131.85000610351562,129.32000732421875,131.39999389648438,131.25,7748000,131.25
2009-11-18,131.41000366210938,129.52999877929688,130.89999389648438,131.2899932861328,5213500,131.2899932861328
2009-11-19,130.5399932861328,128.47999572753906,130.5399932861328,128.99000549316406,5998200,128.99000549316406
2009-11-20,129.99000549316406,127.41000366210938,127.76000213623047,129.66000366210938,6652600,129.66000366210938
2009-11-23,133.0,131.0,131.0500030517578,133.0,6878100,133.0
2009-11-24,134.3300018310547,132.22000122070312,133.57000732421875,132.94000244140625,7319700,132.94000244140625
2009-11-25,134.1999969482422,132.39999389648438,133.30999755859375,134.02999877929688,5071200,134.02999877929688
2009-11-27,133.0,129.8800048828125,130.3000030517578,131.74000549316406,4422600,131.74000549316406
2009-11-30,136.0800018310547,132.16000366210938,132.19000244140625,135.91000366210938,10119500,135.91000366210938
