Date,High,Low,Open,Close,Volume,Adj Close
2006-09-01,31.799999237060547,30.850000381469727,30.850000381469727,31.760000228881836,6563200,31.760000228881836
2006-09-05,32.29999923706055,31.239999771118164,31.610000610351562,32.22999954223633,7467700,32.22999954223633
2006-09-06,31.979999542236328,30.649999618530273,31.760000228881836,30.799999237060547,9114100,30.799999237060547
2006-09-07,30.639999389648438,29.68000030517578,30.56999969482422,29.729999542236328,8901700,29.729999542236328
2006-09-08,30.65999984741211,29.940000534057617,30.190000534057617,30.510000228881836,5227200,30.510000228881836
2006-09-11,31.1299991607666,29.719999313354492,30.229999542236328,30.790000915527344,7403800,30.790000915527344
2006-09-12,31.940000534057617,30.530000686645508,30.8700008392334,31.719999313354492,6527400,31.719999313354492
2006-09-13,31.959999084472656,31.3700008392334,31.729999542236328,31.670000076293945,4370400,31.670000076293945
2006-09-14,31.8700008392334,31.18000030517578,31.540000915527344,31.649999618530273,3705700,31.649999618530273
2006-09-15,32.7400016784668,31.579999923706055,31.899999618530273,32.52000045776367,10273700,32.52000045776367
2006-09-18,32.66999816894531,31.8799991607666,32.45000076293945,32.08000183105469,5123100,32.08000183105469
2006-09-19,32.29999923706055,30.81999969482422,32.2400016784668,31.579999923706055,8572000,31.579999923706055
2006-09-20,32.810001373291016,31.799999237060547,31.809999465942383,32.119998931884766,8548900,32.119998931884766
2006-09-21,32.560001373291016,30.06999969482422,32.2400016784668,30.219999313354492,15553700,30.219999313354492
2006-09-22,30.950000762939453,29.899999618530273,30.219999313354492,30.84000015258789,7249000,30.84000015258789
2006-09-25,31.969999313354492,30.739999771118164,31.049999237060547,31.790000915527344,6619600,31.790000915527344
2006-09-26,32.59000015258789,31.799999237060547,31.889999389648438,32.5,6601100,32.5
2006-09-27,32.459999084472656,31.93000030517578,32.279998779296875,32.33000183105469,5469800,32.33000183105469
2006-09-28,32.33000183105469,31.219999313354492,32.27000045776367,31.84000015258789,7499400,31.84000015258789
2006-09-29,32.34000015258789,31.540000915527344,32.0099983215332,32.119998931884766,5227200,32.119998931884766
