Date,High,Low,Open,Close,Volume,Adj Close
2004-04-01,44.84000015258789,43.29999923706055,43.45000076293945,44.7400016784668,6508500,44.7400016784668
2004-04-02,46.25,45.25,46.0,46.09000015258789,8148100,46.09000015258789
2004-04-05,47.09000015258789,45.59000015258789,45.66999816894531,46.959999084472656,5939100,46.959999084472656
2004-04-06,46.970001220703125,45.75,46.310001373291016,46.439998626708984,5916300,46.439998626708984
2004-04-07,46.79999923706055,45.38999938964844,46.20000076293945,45.849998474121094,4550600,45.849998474121094
2004-04-08,48.150001525878906,47.0,47.84000015258789,48.099998474121094,8879700,48.099998474121094
2004-04-12,48.369998931884766,47.56999969482422,48.15999984741211,47.959999084472656,4345900,47.959999084472656
2004-04-13,48.34000015258789,46.36000061035156,47.9900016784668,46.58000183105469,5724400,46.58000183105469
2004-04-14,47.65999984741211,45.97999954223633,46.08000183105469,46.790000915527344,6144100,46.790000915527344
2004-04-15,47.599998474121094,46.0,46.97999954223633,46.9900016784668,5603500,46.9900016784668
2004-04-16,47.099998474121094,45.33000183105469,47.04999923706055,45.5,8393500,45.5
2004-04-19,47.27000045776367,45.119998931884766,45.349998474121094,47.11000061035156,5352500,47.11000061035156
2004-04-20,47.810001373291016,45.18000030517578,47.65999984741211,45.20000076293945,9376100,45.20000076293945
2004-04-21,46.4900016784668,44.90999984741211,45.20000076293945,45.720001220703125,6054200,45.720001220703125
2004-04-22,49.099998474121094,45.88999938964844,45.95000076293945,48.86000061035156,15798200,48.86000061035156
2004-04-23,46.88999938964844,45.5099983215332,46.0,46.290000915527344,14599400,46.290000915527344
2004-04-26,47.7599983215332,46.150001525878906,46.33000183105469,47.25,7314200,47.25
2004-04-27,48.79999923706055,46.790000915527344,47.59000015258789,48.0,8983700,48.0
2004-04-28,48.349998474121094,46.63999938964844,47.619998931884766,46.970001220703125,6127600,46.970001220703125
2004-04-29,47.08000183105469,45.5099983215332,46.900001525878906,46.189998626708984,9035700,46.189998626708984
2004-04-30,46.349998474121094,43.310001373291016,46.060001373291016,43.599998474121094,9841300,43.599998474121094
