Date,High,Low,Open,Close,Volume,Adj Close
2016-09-01,772.0399780273438,766.75,770.9000244140625,770.6199951171875,1792300,770.6199951171875
2016-09-02,776.0,771.7000122070312,774.1099853515625,772.4400024414062,2181800,772.4400024414062
2016-09-06,789.47998046875,770.219970703125,774.0399780273438,788.8699951171875,3719800,788.8699951171875
2016-09-07,790.7899780273438,784.3300170898438,789.530029296875,784.47998046875,2424600,784.47998046875
2016-09-08,786.5,781.4400024414062,783.8900146484375,784.0599975585938,2030500,784.0599975585938
2016-09-09,781.0,760.1099853515625,779.3599853515625,760.1400146484375,4257300,760.1400146484375
2016-09-12,772.6599731445312,756.0,757.3499755859375,771.489990234375,3124700,771.489990234375
2016-09-13,769.8900146484375,759.0499877929688,768.77001953125,761.010009765625,3117200,761.010009765625
2016-09-14,767.5,758.8499755859375,762.2000122070312,761.0900268554688,2523000,761.0900268554688
2016-09-15,770.8699951171875,757.5800170898438,762.0,769.6900024414062,3034000,769.6900024414062
2016-09-16,780.4600219726562,771.6599731445312,773.280029296875,778.52001953125,5499200,778.52001953125
2016-09-19,781.9400024414062,771.0,779.969970703125,775.0999755859375,2297200,775.0999755859375
2016-09-20,781.3699951171875,776.0,776.0,780.219970703125,1937200,780.219970703125
2016-09-21,790.6900024414062,779.010009765625,783.25,789.739990234375,2718600,789.739990234375
2016-09-22,805.8900146484375,794.27001953125,794.27001953125,804.7000122070312,4078900,804.7000122070312
2016-09-23,807.75,802.1199951171875,803.1300048828125,805.75,2353500,805.75
2016-09-26,805.9299926757812,797.1500244140625,801.7999877929688,799.1599731445312,2651400,799.1599731445312
2016-09-27,816.6400146484375,801.1099853515625,801.8499755859375,816.1099853515625,3819600,816.1099853515625
2016-09-28,830.1400146484375,817.030029296875,818.0,828.719970703125,4422100,828.719970703125
2016-09-29,837.5,824.6300048828125,828.260009765625,829.0499877929688,4922200,829.0499877929688
2016-09-30,839.9500122070312,832.4000244140625,832.6099853515625,837.3099975585938,4430600,837.3099975585938
