Date,High,Low,Open,Close,Volume,Adj Close
2018-03-01,1518.489990234375,1465.0,1513.5999755859375,1493.449951171875,6835200,1493.449951171875
2018-03-02,1501.050048828125,1455.010009765625,1469.0999755859375,1500.25,6587600,1500.25
2018-03-05,1525.3800048828125,1481.0,1494.239990234375,1523.6099853515625,5233900,1523.6099853515625
2018-03-06,1542.1300048828125,1528.0,1533.199951171875,1537.6400146484375,4561700,1537.6400146484375
2018-03-07,1545.9000244140625,1522.510009765625,1526.52001953125,1545.0,4174100,1545.0
2018-03-08,1554.8800048828125,1545.25,1550.0,1551.8599853515625,3862600,1551.8599853515625
2018-03-09,1578.93994140625,1559.0799560546875,1563.5,1578.8900146484375,4534300,1578.8900146484375
2018-03-12,1605.3299560546875,1586.699951171875,1592.5999755859375,1598.3900146484375,5174200,1598.3900146484375
2018-03-13,1617.5400390625,1578.010009765625,1615.9599609375,1588.1800537109375,6531900,1588.1800537109375
2018-03-14,1606.43994140625,1590.8900146484375,1597.0,1591.0,4259400,1591.0
2018-03-15,1596.9100341796875,1578.1099853515625,1595.0,1582.3199462890625,4069700,1582.3199462890625
2018-03-16,1589.43994140625,1567.5,1583.449951171875,1571.6800537109375,5425000,1571.6800537109375
2018-03-19,1561.6600341796875,1525.3499755859375,1554.530029296875,1544.9300537109375,6580800,1544.9300537109375
2018-03-20,1587.0,1545.4100341796875,1550.3399658203125,1586.510009765625,4581600,1586.510009765625
2018-03-21,1590.0,1563.1700439453125,1586.449951171875,1581.8599853515625,4750800,1581.8599853515625
2018-03-22,1573.8499755859375,1542.4000244140625,1565.469970703125,1544.9200439453125,6320600,1544.9200439453125
2018-03-23,1549.02001953125,1495.3599853515625,1539.010009765625,1495.56005859375,8006000,1495.56005859375
2018-03-26,1556.989990234375,1499.25,1530.0,1555.8599853515625,5624700,1555.8599853515625
2018-03-27,1575.969970703125,1482.3199462890625,1572.4000244140625,1497.050048828125,6999600,1497.050048828125
2018-03-28,1455.9000244140625,1386.1700439453125,1447.0,1431.4200439453125,13705300,1431.4200439453125
2018-03-29,1455.469970703125,1365.199951171875,1406.0,1447.3399658203125,12581100,1447.3399658203125
