Date,High,Low,Open,Close,Volume,Adj Close
2012-06-01,211.22999572753906,207.3000030517578,208.44000244140625,208.22000122070312,3951500,208.22000122070312
2012-06-04,215.35000610351562,206.3699951171875,207.39999389648438,214.57000732421875,4299600,214.57000732421875
2012-06-05,216.86000061035156,211.16000366210938,213.85000610351562,213.2100067138672,3543900,213.2100067138672
2012-06-06,218.39999389648438,214.52000427246094,214.6300048828125,217.63999938964844,2710100,217.63999938964844
2012-06-07,221.49000549316406,218.11000061035156,219.64999389648438,218.8000030517578,3503900,218.8000030517578
2012-06-08,219.4199981689453,216.66000366210938,218.61000061035156,218.47999572753906,2877000,218.47999572753906
2012-06-11,220.8699951171875,215.1999969482422,217.49000549316406,216.5,3749100,216.5
2012-06-12,218.0,214.52000427246094,217.64999389648438,216.4199981689453,2833300,216.4199981689453
2012-06-13,217.3800048828125,213.52000427246094,215.52000427246094,214.72999572753906,2325200,214.72999572753906
2012-06-14,216.5,212.55999755859375,215.25999450683594,214.4499969482422,3060900,214.4499969482422
2012-06-15,219.3300018310547,214.4600067138672,215.2899932861328,218.35000610351562,3785200,218.35000610351562
2012-06-18,223.75999450683594,216.72999572753906,217.27999877929688,222.66000366210938,3369600,222.66000366210938
2012-06-19,225.1999969482422,221.66000366210938,223.25999450683594,224.02999877929688,2716600,224.02999877929688
2012-06-20,224.74000549316406,220.83999633789062,224.50999450683594,223.02000427246094,2444400,223.02000427246094
2012-06-21,226.02999877929688,220.52000427246094,223.83999633789062,220.57000732421875,2843000,220.57000732421875
2012-06-22,222.50999450683594,219.35000610351562,221.8300018310547,222.16000366210938,2187500,222.16000366210938
2012-06-25,221.58999633789062,218.0,220.3000030517578,220.07000732421875,2382300,220.07000732421875
2012-06-26,226.38999938964844,221.4499969482422,221.4499969482422,225.61000061035156,3754100,225.61000061035156
2012-06-27,227.5,223.3000030517578,225.00999450683594,225.6199951171875,2799200,225.6199951171875
2012-06-28,224.6199951171875,218.75,223.9199981689453,221.30999755859375,2994800,221.30999755859375
2012-06-29,228.35000610351562,223.7100067138672,224.6999969482422,228.35000610351562,3614400,228.35000610351562
