Date,High,Low,Open,Close,Volume,Adj Close
2012-07-02,229.33999633789062,226.33999633789062,229.3000030517578,229.32000732421875,2330700,229.32000732421875
2012-07-03,229.52999877929688,227.58999633789062,229.13999938964844,229.52999877929688,1331700,229.52999877929688
2012-07-05,230.5,226.52999877929688,228.6199951171875,227.05999755859375,2682300,227.05999755859375
2012-07-06,228.89999389648438,224.17999267578125,226.35000610351562,225.0500030517578,3203200,225.0500030517578
2012-07-09,226.0,223.4499969482422,225.0,225.0500030517578,1922000,225.0500030517578
2012-07-10,227.13999938964844,218.27999877929688,226.25,219.5,2982100,219.5
2012-07-11,221.74000549316406,215.33999633789062,218.9499969482422,218.3699951171875,2734700,218.3699951171875
2012-07-12,217.3000030517578,212.61000061035156,216.61000061035156,215.36000061035156,2616200,215.36000061035156
2012-07-13,219.30999755859375,213.8800048828125,215.6300048828125,218.38999938964844,2221900,218.38999938964844
2012-07-16,218.30999755859375,214.4600067138672,216.60000610351562,216.00999450683594,2004200,216.00999450683594
2012-07-17,217.94000244140625,213.9600067138672,217.4499969482422,216.92999267578125,1987000,216.92999267578125
2012-07-18,218.6699981689453,215.7100067138672,216.14999389648438,217.47000122070312,2093000,217.47000122070312
2012-07-19,227.5,220.69000244140625,220.72999572753906,226.1699981689453,5449400,226.1699981689453
2012-07-20,229.38999938964844,225.2899932861328,225.36000061035156,228.2899932861328,4170000,228.2899932861328
2012-07-23,226.5800018310547,221.5399932861328,224.72000122070312,226.00999450683594,5515100,226.00999450683594
2012-07-24,226.61000061035156,221.22999572753906,226.27000427246094,223.0399932861328,5008700,223.0399932861328
2012-07-25,222.5,215.91000366210938,222.0,217.0500030517578,3646700,217.0500030517578
2012-07-26,221.4499969482422,214.9499969482422,220.0,220.00999450683594,6937400,220.00999450683594
2012-07-27,238.33999633789062,224.5,225.25,237.32000732421875,11313900,237.32000732421875
2012-07-30,240.74000549316406,234.07000732421875,237.0,236.08999633789062,3736400,236.08999633789062
2012-07-31,236.3000030517578,231.61000061035156,235.10000610351562,233.3000030517578,3453600,233.3000030517578
