Date,High,Low,Open,Close,Volume,Adj Close
2007-04-02,40.470001220703125,39.54999923706055,39.849998474121094,40.41999816894531,7091300,40.41999816894531
2007-04-03,41.380001068115234,40.400001525878906,40.41999816894531,41.189998626708984,5968200,41.189998626708984
2007-04-04,41.54999923706055,40.91999816894531,41.220001220703125,41.529998779296875,4064700,41.529998779296875
2007-04-05,41.7599983215332,41.439998626708984,41.56999969482422,41.68000030517578,3288400,41.68000030517578
2007-04-09,42.13999938964844,41.61000061035156,41.720001220703125,41.65999984741211,4182700,41.65999984741211
2007-04-10,41.959999084472656,41.459999084472656,41.56999969482422,41.86000061035156,3421800,41.86000061035156
2007-04-11,41.869998931884766,41.2400016784668,41.72999954223633,41.68000030517578,5078400,41.68000030517578
2007-04-12,42.369998931884766,41.400001525878906,41.72999954223633,42.27000045776367,4754500,42.27000045776367
2007-04-13,42.5,41.93000030517578,42.189998626708984,42.40999984741211,3610000,42.40999984741211
2007-04-16,45.29999923706055,43.66999816894531,43.77000045776367,45.20000076293945,13444000,45.20000076293945
2007-04-17,45.31999969482422,44.75,45.279998779296875,45.06999969482422,7398900,45.06999969482422
2007-04-18,45.150001525878906,44.630001068115234,44.79999923706055,44.9900016784668,4996400,44.9900016784668
2007-04-19,45.150001525878906,44.40999984741211,44.61000061035156,44.63999938964844,4809700,44.63999938964844
2007-04-20,45.16999816894531,44.52000045776367,45.09000015258789,44.95000076293945,5980500,44.95000076293945
2007-04-23,44.810001373291016,44.15999984741211,44.27000045776367,44.77000045776367,7088600,44.77000045776367
2007-04-24,45.0,44.43000030517578,44.75,44.75,19887600,44.75
2007-04-25,57.18000030517578,52.95000076293945,53.119998931884766,56.810001373291016,104329200,56.810001373291016
2007-04-26,63.040000915527344,56.06999969482422,56.5,62.779998779296875,62179500,62.779998779296875
2007-04-27,63.84000015258789,60.619998931884766,61.2400016784668,62.599998474121094,50733400,62.599998474121094
2007-04-30,62.439998626708984,61.18000030517578,61.90999984741211,61.33000183105469,23979200,61.33000183105469
