Date,High,Low,Open,Close,Volume,Adj Close
2010-12-01,179.32000732421875,176.0,179.16000366210938,176.5500030517578,5770100,176.5500030517578
2010-12-02,177.4499969482422,173.9199981689453,176.86000061035156,176.52999877929688,5537600,176.52999877929688
2010-12-03,176.39999389648438,174.0500030517578,175.5,175.67999267578125,4907500,175.67999267578125
2010-12-06,178.42999267578125,174.60000610351562,175.52000427246094,178.0500030517578,5654200,178.0500030517578
2010-12-07,181.47000122070312,176.57000732421875,180.5,176.77000427246094,5077100,176.77000427246094
2010-12-08,178.16000366210938,175.1999969482422,177.49000549316406,176.2899932861328,3726900,176.2899932861328
2010-12-09,178.11000061035156,173.8000030517578,177.77000427246094,174.85000610351562,4555500,174.85000610351562
2010-12-10,175.9499969482422,173.36000061035156,174.8800048828125,175.6199951171875,3565500,175.6199951171875
2010-12-13,177.94000244140625,173.72999572753906,176.3300018310547,174.25,4202500,174.25
2010-12-14,175.75999450683594,173.08999633789062,174.27999877929688,173.94000244140625,3685300,173.94000244140625
2010-12-15,179.0,173.58999633789062,173.72000122070312,175.57000732421875,5810500,175.57000732421875
2010-12-16,178.3000030517578,175.0399932861328,175.5800018310547,178.0399932861328,4121500,178.0399932861328
2010-12-17,178.75,177.02000427246094,178.41000366210938,177.5800018310547,4507300,177.5800018310547
2010-12-20,183.97999572753906,178.0399932861328,179.27000427246094,183.2899932861328,8735300,183.2899932861328
2010-12-21,185.64999389648438,182.60000610351562,183.8800048828125,184.75,5111000,184.75
2010-12-22,185.4499969482422,184.11000061035156,185.0,184.75999450683594,2578100,184.75999450683594
2010-12-23,184.97999572753906,181.88999938964844,184.33999633789062,182.58999633789062,3358200,182.58999633789062
2010-12-27,183.13999938964844,180.4499969482422,181.89999389648438,182.13999938964844,2249400,182.13999938964844
2010-12-28,182.77000427246094,181.0500030517578,182.10000610351562,181.08999633789062,1975000,181.08999633789062
2010-12-29,184.35000610351562,180.41000366210938,181.8000030517578,183.3699951171875,3120100,183.3699951171875
2010-12-30,184.5500030517578,182.75,183.9199981689453,182.75,1961200,182.75
2010-12-31,182.3000030517578,179.50999450683594,181.9600067138672,180.0,3451900,180.0
