Date,High,Low,Open,Close,Volume,Adj Close
2014-06-02,312.6000061035156,307.0,312.5899963378906,308.8399963378906,2203400,308.8399963378906
2014-06-03,307.9200134277344,305.07000732421875,305.75,307.19000244140625,2379200,307.19000244140625
2014-06-04,309.5,303.8399963378906,306.8500061035156,306.7799987792969,2107100,306.7799987792969
2014-06-05,327.94000244140625,306.8999938964844,308.1000061035156,323.57000732421875,7796700,323.57000732421875
2014-06-06,330.8800048828125,324.92999267578125,325.0,329.6700134277344,5244000,329.6700134277344
2014-06-09,333.0,325.6499938964844,331.57000732421875,327.5,3212200,327.5
2014-06-10,335.5,327.5,327.6499938964844,332.4100036621094,3663400,332.4100036621094
2014-06-11,340.7200012207031,333.8800048828125,336.0,335.20001220703125,4436800,335.20001220703125
2014-06-12,335.54998779296875,324.6600036621094,335.54998779296875,325.9100036621094,4276300,325.9100036621094
2014-06-13,329.29998779296875,323.5299987792969,327.04998779296875,326.2699890136719,2764800,326.2699890136719
2014-06-16,328.69000244140625,323.5199890136719,324.8599853515625,327.6199951171875,2449800,327.6199951171875
2014-06-17,331.3399963378906,325.2300109863281,327.5400085449219,325.6199951171875,2924100,325.6199951171875
2014-06-18,335.75,325.0,328.0,334.3800048828125,6401500,334.3800048828125
2014-06-19,338.8999938964844,325.9800109863281,335.260009765625,327.0,5320600,327.0
2014-06-20,328.2200012207031,320.4200134277344,327.760009765625,324.20001220703125,6054000,324.20001220703125
2014-06-23,327.54998779296875,321.4100036621094,323.3299865722656,327.239990234375,2604800,327.239990234375
2014-06-24,329.7300109863281,322.739990234375,327.5400085449219,324.1600036621094,2626600,324.1600036621094
2014-06-25,328.1499938964844,321.739990234375,324.3299865722656,327.44000244140625,2327800,327.44000244140625
2014-06-26,328.6499938964844,322.1300048828125,328.489990234375,325.69000244140625,2699500,325.69000244140625
2014-06-27,326.5199890136719,323.2699890136719,325.8800048828125,324.57000732421875,2416200,324.57000732421875
2014-06-30,326.9800109863281,322.239990234375,324.9800109863281,324.7799987792969,2671300,324.7799987792969
