Date,High,Low,Open,Close,Volume,Adj Close
2014-10-01,322.1700134277344,315.54998779296875,322.0400085449219,317.4599914550781,3089100,317.4599914550781
2014-10-02,318.5299987792969,311.30999755859375,316.9200134277344,318.4100036621094,3553900,318.4100036621094
2014-10-03,325.1600036621094,319.5299987792969,320.3599853515625,322.739990234375,3037400,322.739990234375
2014-10-06,324.1300048828125,319.6000061035156,323.5,322.20001220703125,2290300,322.20001220703125
2014-10-07,322.0,316.6700134277344,319.42999267578125,316.9800109863281,2365400,316.9800109863281
2014-10-08,324.1099853515625,314.1400146484375,316.5799865722656,322.70001220703125,3452800,322.70001220703125
2014-10-09,322.2699890136719,314.5199890136719,321.489990234375,315.3699951171875,3587900,315.3699951171875
2014-10-10,317.7699890136719,311.3800048828125,314.0199890136719,311.3900146484375,3681900,311.3900146484375
2014-10-13,313.20001220703125,303.4700012207031,309.8699951171875,306.45001220703125,4363900,306.45001220703125
2014-10-14,312.239990234375,305.75,308.0,308.30999755859375,3385800,308.30999755859375
2014-10-15,307.8999938964844,299.1000061035156,304.3500061035156,305.9700012207031,5343900,305.9700012207031
2014-10-16,306.82000732421875,293.8299865722656,293.8299865722656,302.8599853515625,4731300,302.8599853515625
2014-10-17,309.20001220703125,302.7200012207031,307.1499938964844,303.6400146484375,4405100,303.6400146484375
2014-10-20,306.5299987792969,302.0199890136719,302.95001220703125,306.2099914550781,3234500,306.2099914550781
2014-10-21,315.6400146484375,307.07000732421875,309.8999938964844,315.3299865722656,3559300,315.3299865722656
2014-10-22,318.9800109863281,312.6400146484375,315.42999267578125,312.9700012207031,3125900,312.9700012207031
2014-10-23,316.79998779296875,311.3999938964844,313.3999938964844,313.17999267578125,9038200,313.17999267578125
2014-10-24,293.80999755859375,284.0,284.3999938964844,287.05999755859375,19801100,287.05999755859375
2014-10-27,290.4200134277344,285.0199890136719,285.70001220703125,289.9700012207031,5950600,289.9700012207031
2014-10-28,298.0,289.760009765625,289.760009765625,295.5899963378906,5572600,295.5899963378906
2014-10-29,299.6099853515625,293.07000732421875,299.1099853515625,294.1199951171875,4881900,294.1199951171875
2014-10-30,299.739990234375,292.3599853515625,293.9800109863281,299.07000732421875,4055200,299.07000732421875
2014-10-31,305.7200012207031,301.5,305.1499938964844,305.4599914550781,4550700,305.4599914550781
