Date,High,Low,Open,Close,Volume,Adj Close
2011-12-01,198.07000732421875,191.58999633789062,191.85000610351562,197.1300048828125,7327700,197.1300048828125
2011-12-02,199.66000366210938,195.17999267578125,197.07000732421875,196.02999877929688,7526200,196.02999877929688
2011-12-05,199.0,193.6699981689453,198.86000061035156,196.24000549316406,5922100,196.24000549316406
2011-12-06,198.32000732421875,190.11000061035156,195.97999572753906,191.99000549316406,5202000,191.99000549316406
2011-12-07,196.7100067138672,189.1199951171875,191.02999877929688,195.32000732421875,6427300,195.32000732421875
2011-12-08,195.88999938964844,190.0800018310547,193.57000732421875,190.47999572753906,4361100,190.47999572753906
2011-12-09,193.9499969482422,188.39999389648438,191.2100067138672,193.02999877929688,5158800,193.02999877929688
2011-12-12,191.14999389648438,187.6300048828125,190.02999877929688,189.52000427246094,4343200,189.52000427246094
2011-12-13,189.67999267578125,178.5,188.55999755859375,180.50999450683594,9297300,180.50999450683594
2011-12-14,180.75,170.25,179.0,180.2100067138672,11614200,180.2100067138672
2011-12-15,184.8000030517578,179.52999877929688,182.0500030517578,181.25999450683594,7259900,181.25999450683594
2011-12-16,184.41000366210938,180.30999755859375,182.4199981689453,181.25999450683594,6664100,181.25999450683594
2011-12-19,183.1699981689453,179.0,182.0,179.3300018310547,4533600,179.3300018310547
2011-12-20,183.1699981689453,180.5399932861328,182.69000244140625,182.52000427246094,4600100,182.52000427246094
2011-12-21,183.5,172.49000549316406,181.9199981689453,174.35000610351562,8066700,174.35000610351562
2011-12-22,179.6699981689453,174.2100067138672,175.08999633789062,179.02999877929688,4694900,179.02999877929688
2011-12-23,179.67999267578125,175.60000610351562,179.22000122070312,177.27999877929688,3496500,177.27999877929688
2011-12-27,178.58999633789062,176.16000366210938,177.72999572753906,176.27000427246094,2950900,176.27000427246094
2011-12-28,176.64999389648438,172.27999877929688,176.38999938964844,173.88999938964844,3659500,173.88999938964844
2011-12-29,174.5500030517578,166.97000122070312,169.6199951171875,173.86000061035156,8209300,173.86000061035156
2011-12-30,175.1699981689453,172.49000549316406,173.36000061035156,173.10000610351562,4279800,173.10000610351562
