Date,High,Low,Open,Close,Volume,Adj Close
2017-03-01,854.8300170898438,849.010009765625,853.0499877929688,853.0800170898438,2760100,853.0800170898438
2017-03-02,854.8200073242188,847.280029296875,853.0800170898438,848.9099731445312,2132100,848.9099731445312
2017-03-03,851.989990234375,846.27001953125,847.2000122070312,849.8800048828125,1941100,849.8800048828125
2017-03-06,848.489990234375,841.1199951171875,845.22998046875,846.6099853515625,2610400,846.6099853515625
2017-03-07,848.4600219726562,843.75,845.47998046875,846.02001953125,2247600,846.02001953125
2017-03-08,853.0700073242188,846.7899780273438,848.0,850.5,2286500,850.5
2017-03-09,856.4000244140625,850.3099975585938,851.0,853.0,2048200,853.0
2017-03-10,857.3499755859375,851.719970703125,857.0,852.4600219726562,2436400,852.4600219726562
2017-03-13,855.6900024414062,851.7100219726562,851.77001953125,854.5900268554688,1909700,854.5900268554688
2017-03-14,853.75,847.5499877929688,853.5499877929688,852.530029296875,2130600,852.530029296875
2017-03-15,854.4500122070312,847.1099853515625,854.3300170898438,852.969970703125,2562200,852.969970703125
2017-03-16,855.5,850.510009765625,855.2999877929688,853.4199829101562,1842300,853.4199829101562
2017-03-17,853.8300170898438,850.6400146484375,853.489990234375,852.3099975585938,3384400,852.3099975585938
2017-03-20,857.7999877929688,851.010009765625,851.510009765625,856.969970703125,2282700,856.969970703125
2017-03-21,862.7999877929688,841.3099975585938,858.8400268554688,843.2000122070312,4382900,843.2000122070312
2017-03-22,849.3699951171875,839.0499877929688,840.4299926757812,848.0599975585938,2658700,848.0599975585938
2017-03-23,850.8900146484375,844.7999877929688,848.2000122070312,847.3800048828125,1953000,847.3800048828125
2017-03-24,851.7999877929688,843.530029296875,851.6799926757812,845.6099853515625,2138300,845.6099853515625
2017-03-27,850.2999877929688,833.5,838.0700073242188,846.8200073242188,2755800,846.8200073242188
2017-03-28,858.4600219726562,850.0999755859375,851.75,856.0,3041600,856.0
2017-03-29,876.4400024414062,859.02001953125,859.0499877929688,874.3200073242188,4485800,874.3200073242188
2017-03-30,877.0599975585938,871.6599731445312,874.9500122070312,876.3400268554688,2762700,876.3400268554688
2017-03-31,890.3499755859375,876.6500244140625,877.0,886.5399780273438,3957600,886.5399780273438
