Date,High,Low,Open,Close,Volume,Adj Close
2017-07-03,974.489990234375,951.0,972.7899780273438,953.6599731445312,2909100,953.6599731445312
2017-07-05,975.0,955.25,961.530029296875,971.4000244140625,3653000,971.4000244140625
2017-07-06,974.4000244140625,959.02001953125,964.6599731445312,965.1400146484375,3259600,965.1400146484375
2017-07-07,980.1099853515625,969.1400146484375,969.5499877929688,978.760009765625,2643400,978.760009765625
2017-07-10,999.4400024414062,983.5,985.0,996.469970703125,3546300,996.469970703125
2017-07-11,995.989990234375,983.719970703125,993.0,994.1300048828125,2982700,994.1300048828125
2017-07-12,1008.5499877929688,998.0999755859375,1000.6500244140625,1006.510009765625,3608600,1006.510009765625
2017-07-13,1006.8800048828125,995.9000244140625,1004.6199951171875,1000.6300048828125,2880800,1000.6300048828125
2017-07-14,1004.4500122070312,996.8900146484375,1002.4000244140625,1001.8099975585938,2102500,1001.8099975585938
2017-07-17,1014.75,1003.8099975585938,1004.6900024414062,1010.0399780273438,3712600,1010.0399780273438
2017-07-18,1026.030029296875,1004.0,1006.0,1024.449951171875,4007600,1024.449951171875
2017-07-19,1031.5899658203125,1022.5,1025.0,1026.8699951171875,2964000,1026.8699951171875
2017-07-20,1034.969970703125,1022.52001953125,1031.5899658203125,1028.699951171875,3097500,1028.699951171875
2017-07-21,1026.0999755859375,1011.0,1021.280029296875,1025.6700439453125,2734600,1025.6700439453125
2017-07-24,1043.010009765625,1027.4300537109375,1028.3399658203125,1038.949951171875,3288000,1038.949951171875
2017-07-25,1043.3299560546875,1032.47998046875,1038.050048828125,1039.8699951171875,2447600,1039.8699951171875
2017-07-26,1053.199951171875,1043.199951171875,1043.199951171875,1052.800048828125,2921300,1052.800048828125
2017-07-27,1083.31005859375,1040.1800537109375,1069.550048828125,1046.0,10991700,1046.0
2017-07-28,1032.8499755859375,1001.0,1012.1400146484375,1020.0399780273438,7709400,1020.0399780273438
2017-07-31,1019.0499877929688,987.02001953125,1019.0499877929688,987.780029296875,7352100,987.780029296875
