Date,High,Low,Open,Close,Volume,Adj Close
2016-01-04,657.719970703125,627.510009765625,656.2899780273438,636.989990234375,9314500,636.989990234375
2016-01-05,646.9099731445312,627.6500244140625,646.8599853515625,633.7899780273438,5822600,633.7899780273438
2016-01-06,639.7899780273438,620.3099975585938,622.0,632.6500244140625,5329200,632.6500244140625
2016-01-07,630.0,605.2100219726562,621.7999877929688,607.9400024414062,7074900,607.9400024414062
2016-01-08,624.1400146484375,606.0,619.6599731445312,607.0499877929688,5512900,607.0499877929688
2016-01-11,619.8499755859375,598.5700073242188,612.47998046875,617.739990234375,4891600,617.739990234375
2016-01-12,625.989990234375,612.239990234375,625.25,617.8900146484375,4724100,617.8900146484375
2016-01-13,620.8800048828125,579.1599731445312,620.8800048828125,581.8099975585938,7655200,581.8099975585938
2016-01-14,602.25,569.8800048828125,580.25,593.0,7238000,593.0
2016-01-15,584.6199951171875,565.2999877929688,572.239990234375,570.1799926757812,7784500,570.1799926757812
2016-01-19,584.0,566.4500122070312,577.0900268554688,574.47998046875,4807200,574.47998046875
2016-01-20,578.4500122070312,547.1799926757812,564.3599853515625,571.77001953125,7966400,571.77001953125
2016-01-21,588.8099975585938,568.219970703125,573.5800170898438,575.02001953125,4952200,575.02001953125
2016-01-22,600.0999755859375,584.1099853515625,588.72998046875,596.3800048828125,5120100,596.3800048828125
2016-01-25,608.5,594.5599975585938,597.989990234375,596.530029296875,4396100,596.530029296875
2016-01-26,604.5,590.3800048828125,603.4500122070312,601.25,3765700,601.25
2016-01-27,603.3900146484375,578.780029296875,601.989990234375,583.3499755859375,5152900,583.3499755859375
2016-01-28,638.0599975585938,597.5499877929688,608.3699951171875,635.3499755859375,14015200,635.3499755859375
2016-01-29,593.0,570.0,571.97998046875,587.0,14677600,587.0
