Date,High,Low,Open,Close,Volume,Adj Close
2004-11-01,35.150001525878906,34.150001525878906,34.220001220703125,35.099998474121094,6181300,35.099998474121094
2004-11-02,36.4900016784668,35.13999938964844,35.4900016784668,36.2400016784668,11332500,36.2400016784668
2004-11-03,37.619998931884766,35.560001373291016,37.18000030517578,35.91999816894531,10208200,35.91999816894531
2004-11-04,37.290000915527344,35.52000045776367,35.70000076293945,36.90999984741211,7600300,36.90999984741211
2004-11-05,37.38999938964844,36.02000045776367,37.29999923706055,36.560001373291016,7399100,36.560001373291016
2004-11-08,37.58000183105469,36.720001220703125,36.75,37.31999969482422,6886500,37.31999969482422
2004-11-09,37.810001373291016,36.70000076293945,37.18000030517578,37.400001525878906,6479900,37.400001525878906
2004-11-10,38.84000015258789,37.83000183105469,38.0,38.09000015258789,10655200,38.09000015258789
2004-11-11,39.0,37.63999938964844,38.09000015258789,38.83000183105469,6835000,38.83000183105469
2004-11-12,40.939998626708984,39.0,39.04999923706055,40.459999084472656,11596000,40.459999084472656
2004-11-15,41.5,40.18000030517578,40.459999084472656,40.88999938964844,10366200,40.88999938964844
2004-11-16,40.65999984741211,39.75,40.5,40.06999969482422,6401300,40.06999969482422
2004-11-17,40.59000015258789,39.540000915527344,40.400001525878906,39.900001525878906,6843600,39.900001525878906
2004-11-18,40.959999084472656,39.59000015258789,39.72999954223633,40.369998931884766,6806800,40.369998931884766
2004-11-19,39.439998626708984,38.189998626708984,39.150001525878906,38.54999923706055,11427500,38.54999923706055
2004-11-22,38.529998779296875,37.58000183105469,38.439998626708984,38.04999923706055,8868600,38.04999923706055
2004-11-23,39.68000030517578,38.029998779296875,38.18000030517578,38.310001373291016,7405600,38.310001373291016
2004-11-24,39.15999984741211,38.099998474121094,38.869998931884766,38.75,5940900,38.75
2004-11-26,39.34000015258789,38.88999938964844,38.95000076293945,39.09000015258789,2337700,39.09000015258789
2004-11-29,39.619998931884766,37.709999084472656,39.599998474121094,38.939998626708984,9874100,38.939998626708984
2004-11-30,39.79999923706055,38.95000076293945,38.970001220703125,39.68000030517578,7028600,39.68000030517578
