Date,High,Low,Open,Close,Volume,Adj Close
2017-05-01,954.4000244140625,927.7999877929688,927.7999877929688,948.22998046875,5466500,948.22998046875
2017-05-02,950.0999755859375,941.4099731445312,946.6500244140625,946.9400024414062,3848800,946.9400024414062
2017-05-03,946.0,935.9000244140625,946.0,941.030029296875,3582700,941.030029296875
2017-05-04,945.0,934.219970703125,944.75,937.530029296875,2418400,937.530029296875
2017-05-05,940.7899780273438,930.2999877929688,940.52001953125,934.1500244140625,2866400,934.1500244140625
2017-05-08,949.0499877929688,939.2100219726562,940.9500122070312,949.0399780273438,3415700,949.0399780273438
2017-05-09,957.8900146484375,950.2000122070312,952.7999877929688,952.8200073242188,3262100,952.8200073242188
2017-05-10,953.75,945.0,953.5,948.9500122070312,2096500,948.9500122070312
2017-05-11,950.2899780273438,940.780029296875,945.1099853515625,947.6199951171875,2194100,947.6199951171875
2017-05-12,962.7899780273438,951.530029296875,954.5,961.3499755859375,3625900,961.3499755859375
2017-05-15,963.1500244140625,956.0599975585938,958.72998046875,957.969970703125,4270600,957.969970703125
2017-05-16,970.0599975585938,960.9099731445312,961.0,966.0700073242188,3126100,966.0700073242188
2017-05-17,960.4000244140625,944.1199951171875,954.7000122070312,944.760009765625,5145600,944.760009765625
2017-05-18,962.75,944.760009765625,944.7999877929688,958.489990234375,3939300,958.489990234375
2017-05-19,968.9199829101562,959.719970703125,962.8400268554688,959.8400268554688,3972100,959.8400268554688
2017-05-22,971.3800048828125,962.9000244140625,964.0,970.6699829101562,2642200,970.6699829101562
2017-05-23,975.2000122070312,966.8499755859375,975.02001953125,971.5399780273438,2415600,971.5399780273438
2017-05-24,981.0,970.22998046875,976.0,980.3499755859375,2446000,980.3499755859375
2017-05-25,999.0,982.1099853515625,984.8499755859375,993.3800048828125,4822000,993.3800048828125
2017-05-26,998.6500244140625,989.25,995.0,995.780029296875,3469200,995.780029296875
2017-05-30,1001.2000122070312,995.52001953125,996.510009765625,996.7000122070312,3263100,996.7000122070312
2017-05-31,1000.1199951171875,982.1599731445312,1000.0,994.6199951171875,3913100,994.6199951171875
