Date,High,Low,Open,Close,Volume,Adj Close
2011-04-01,183.25,178.58999633789062,181.5800018310547,180.1300048828125,5684100,180.1300048828125
2011-04-04,183.61000061035156,180.69000244140625,180.88999938964844,182.94000244140625,4186400,182.94000244140625
2011-04-05,186.36000061035156,181.8000030517578,182.10000610351562,185.2899932861328,5569200,185.2899932861328
2011-04-06,188.27000427246094,181.1199951171875,186.14999389648438,182.75999450683594,5430700,182.75999450683594
2011-04-07,185.1699981689453,181.75999450683594,182.77999877929688,184.91000366210938,4564000,184.91000366210938
2011-04-08,186.22000122070312,182.77999877929688,185.25999450683594,184.7100067138672,3726400,184.7100067138672
2011-04-11,186.49000549316406,181.85000610351562,184.86000061035156,184.0399932861328,3297100,184.0399932861328
2011-04-12,184.58999633789062,179.4199981689453,183.05999755859375,180.47999572753906,5334500,180.47999572753906
2011-04-13,182.8800048828125,179.8000030517578,180.8300018310547,182.2899932861328,4216300,182.2899932861328
2011-04-14,182.0800018310547,179.36000061035156,181.38999938964844,181.82000732421875,3588200,181.82000732421875
2011-04-15,181.77999877929688,179.02000427246094,181.0,180.00999450683594,4272400,180.00999450683594
2011-04-18,178.91000366210938,175.3699951171875,178.3800048828125,178.33999633789062,4616500,178.33999633789062
2011-04-19,179.47000122070312,176.60000610351562,178.35000610351562,178.82000732421875,2646000,178.82000732421875
2011-04-20,185.0,181.58999633789062,181.6199951171875,183.8699951171875,4067500,183.8699951171875
2011-04-21,185.97000122070312,183.0500030517578,184.55999755859375,185.88999938964844,3348100,185.88999938964844
2011-04-25,186.35000610351562,183.77000427246094,185.64999389648438,185.4199981689453,3438100,185.4199981689453
2011-04-26,186.4199981689453,180.74000549316406,186.27000427246094,182.3000030517578,11200000,182.3000030517578
2011-04-27,197.8000030517578,182.75,183.1999969482422,196.6300048828125,23623000,196.6300048828125
2011-04-28,196.7899932861328,192.27000427246094,195.9600067138672,195.07000732421875,7300000,195.07000732421875
2011-04-29,196.58999633789062,193.77999877929688,194.3800048828125,195.80999755859375,6640900,195.80999755859375
