Date,High,Low,Open,Close,Volume,Adj Close
2001-12-03,11.079999923706055,10.479999542236328,11.020000457763672,10.489999771118164,9525900,10.489999771118164
2001-12-04,12.050000190734863,10.710000038146973,10.930000305175781,11.930000305175781,14499700,11.930000305175781
2001-12-05,12.800000190734863,11.75,12.399999618530273,11.760000228881836,23912200,11.760000228881836
2001-12-06,12.399999618530273,11.850000381469727,12.039999961853027,12.100000381469727,12484600,12.100000381469727
2001-12-07,12.300000190734863,11.5,12.289999961853027,11.710000038146973,7088000,11.710000038146973
2001-12-10,12.149999618530273,11.4399995803833,11.550000190734863,11.649999618530273,8515900,11.649999618530273
2001-12-11,12.430000305175781,11.779999732971191,12.0,12.239999771118164,14134000,12.239999771118164
2001-12-12,12.430000305175781,11.630000114440918,12.430000305175781,11.90999984741211,8075100,11.90999984741211
2001-12-13,11.800000190734863,10.850000381469727,11.539999961853027,10.890000343322754,7874100,10.890000343322754
2001-12-14,11.199999809265137,10.069999694824219,11.100000381469727,11.0,10024600,11.0
2001-12-17,11.140000343322754,10.180000305175781,11.100000381469727,10.8100004196167,8599300,10.8100004196167
2001-12-18,11.359999656677246,10.619999885559082,11.050000190734863,10.859999656677246,7354200,10.859999656677246
2001-12-19,11.149999618530273,10.510000228881836,10.729999542236328,10.710000038146973,7003700,10.710000038146973
2001-12-20,10.829999923706055,10.140000343322754,10.569999694824219,10.149999618530273,7851200,10.149999618530273
2001-12-21,11.0600004196167,10.0,10.3100004196167,10.0,13944900,10.0
2001-12-24,10.220000267028809,9.510000228881836,10.149999618530273,9.829999923706055,6236900,9.829999923706055
2001-12-26,11.279999732971191,10.869999885559082,10.970000267028809,11.100000381469727,18198500,11.100000381469727
2001-12-27,11.489999771118164,10.569999694824219,11.329999923706055,10.600000381469727,10840100,10.600000381469727
2001-12-28,11.079999923706055,10.6899995803833,10.90999984741211,10.899999618530273,10257900,10.899999618530273
2001-12-31,11.1899995803833,10.739999771118164,11.069999694824219,10.819999694824219,6034700,10.819999694824219
