Date,High,Low,Open,Close,Volume,Adj Close
2012-08-01,234.3800048828125,230.6999969482422,234.13999938964844,232.08999633789062,2543800,232.08999633789062
2012-08-02,234.33999633789062,228.66000366210938,230.55999755859375,230.80999755859375,3048100,230.80999755859375
2012-08-03,236.49000549316406,233.02999877929688,234.02999877929688,234.97000122070312,2825300,234.97000122070312
2012-08-06,235.74000549316406,233.80999755859375,235.55999755859375,233.99000549316406,1843700,233.99000549316406
2012-08-07,238.0,233.25,234.1300048828125,236.55999755859375,2058300,236.55999755859375
2012-08-08,236.4499969482422,233.58999633789062,235.2899932861328,234.3800048828125,1534300,234.3800048828125
2012-08-09,235.99000549316406,233.5,233.92999267578125,234.05999755859375,1548100,234.05999755859375
2012-08-10,234.85000610351562,231.42999267578125,233.0800018310547,232.75,1852500,232.75
2012-08-13,234.3699951171875,231.0,232.22999572753906,232.44000244140625,1997300,232.44000244140625
2012-08-14,236.72000122070312,232.6199951171875,234.7100067138672,233.19000244140625,2751000,233.19000244140625
2012-08-15,238.13999938964844,232.25,232.25999450683594,237.4199981689453,3264700,237.4199981689453
2012-08-16,242.82000732421875,236.1999969482422,237.72000122070312,241.5500030517578,4312100,241.5500030517578
2012-08-17,243.35000610351562,240.47000122070312,240.60000610351562,241.1699981689453,3085800,241.1699981689453
2012-08-20,241.64999389648438,238.1999969482422,241.3699951171875,240.35000610351562,1889900,240.35000610351562
2012-08-21,243.85000610351562,238.5500030517578,240.8800048828125,239.4499969482422,2571500,239.4499969482422
2012-08-22,244.89999389648438,238.8000030517578,239.39999389648438,243.10000610351562,2473700,243.10000610351562
2012-08-23,243.47999572753906,239.02000427246094,242.13999938964844,241.1999969482422,2453900,241.1999969482422
2012-08-24,246.8699951171875,241.36000061035156,241.67999267578125,245.74000549316406,3698800,245.74000549316406
2012-08-27,247.5,243.1199951171875,245.7899932861328,243.9199981689453,2929700,243.9199981689453
2012-08-28,246.77999877929688,243.0,243.97000122070312,246.11000061035156,2742300,246.11000061035156
2012-08-29,247.61000061035156,244.58999633789062,246.77999877929688,247.1199951171875,1772600,247.1199951171875
2012-08-30,250.0,245.25,246.99000549316406,246.22000122070312,3647500,246.22000122070312
2012-08-31,249.4499969482422,245.5,248.07000732421875,248.27000427246094,3347500,248.27000427246094
