Date,High,Low,Open,Close,Volume,Adj Close
2002-07-01,16.170000076293945,13.520000457763672,16.170000076293945,13.550000190734863,13536500,13.550000190734863
2002-07-02,14.15999984741211,13.0,13.600000381469727,13.319999694824219,8669900,13.319999694824219
2002-07-03,14.460000038146973,12.890000343322754,13.380000114440918,14.25,7703700,14.25
2002-07-05,15.229999542236328,14.369999885559082,14.390000343322754,15.210000038146973,3366900,15.210000038146973
2002-07-08,15.850000381469727,14.680000305175781,14.949999809265137,14.9399995803833,5890000,14.9399995803833
2002-07-09,16.030000686645508,14.979999542236328,15.050000190734863,15.600000381469727,7528600,15.600000381469727
2002-07-10,15.9399995803833,14.649999618530273,15.649999618530273,14.960000038146973,6761200,14.960000038146973
2002-07-11,15.84000015258789,14.0,14.65999984741211,15.550000190734863,7317100,15.550000190734863
2002-07-12,16.190000534057617,15.25,15.75,15.430000305175781,7000000,15.430000305175781
2002-07-15,15.979999542236328,15.0,15.470000267028809,15.9399995803833,6026100,15.9399995803833
2002-07-16,17.06999969482422,15.65999984741211,15.6899995803833,16.290000915527344,10790700,16.290000915527344
2002-07-17,17.15999984741211,15.319999694824219,16.84000015258789,16.15999984741211,7322100,16.15999984741211
2002-07-18,16.59000015258789,15.529999732971191,15.920000076293945,15.550000190734863,6856700,15.550000190734863
2002-07-19,15.710000038146973,15.069999694824219,15.359999656677246,15.289999961853027,6105800,15.289999961853027
2002-07-22,15.649999618530273,15.0,15.149999618530273,15.5,9332900,15.5
2002-07-23,15.880000114440918,14.399999618530273,15.539999961853027,14.550000190734863,11291400,14.550000190734863
2002-07-24,14.15999984741211,12.260000228881836,12.369999885559082,14.100000381469727,19766300,14.100000381469727
2002-07-25,14.010000228881836,12.399999618530273,13.710000038146973,12.489999771118164,9360200,12.489999771118164
2002-07-26,13.109999656677246,12.5,12.720000267028809,12.930000305175781,5556700,12.930000305175781
2002-07-29,14.460000038146973,13.229999542236328,13.25,14.329999923706055,7049500,14.329999923706055
2002-07-30,14.899999618530273,14.079999923706055,14.1899995803833,14.770000457763672,5558900,14.770000457763672
2002-07-31,14.65999984741211,14.140000343322754,14.449999809265137,14.449999809265137,3801000,14.449999809265137
