Date,High,Low,Open,Close,Volume,Adj Close
2002-02-01,14.09000015258789,13.350000381469727,14.069999694824219,13.729999542236328,7801400,13.729999542236328
2002-02-04,13.09000015258789,12.430000305175781,12.90999984741211,12.529999732971191,19135800,12.529999732971191
2002-02-05,12.289999961853027,11.15999984741211,11.979999542236328,11.5,14315700,11.5
2002-02-06,12.0,11.199999809265137,11.899999618530273,11.260000228881836,8859400,11.260000228881836
2002-02-07,11.850000381469727,11.0600004196167,11.25,11.239999771118164,7172400,11.239999771118164
2002-02-08,12.670000076293945,11.5,11.510000228881836,12.520000457763672,6085600,12.520000457763672
2002-02-11,13.5,12.539999961853027,12.640000343322754,13.300000190734863,9469700,13.300000190734863
2002-02-12,13.239999771118164,12.5,13.029999732971191,12.899999618530273,7463400,12.899999618530273
2002-02-13,13.329999923706055,13.0600004196167,13.100000381469727,13.289999961853027,6040800,13.289999961853027
2002-02-14,14.260000228881836,13.300000190734863,13.34000015258789,13.880000114440918,9281500,13.880000114440918
2002-02-15,14.039999961853027,13.270000457763672,13.90999984741211,13.40999984741211,7265400,13.40999984741211
2002-02-19,13.84000015258789,12.800000190734863,12.949999809265137,13.010000228881836,8291900,13.010000228881836
2002-02-20,13.399999618530273,12.149999618530273,13.1899995803833,12.960000038146973,8016100,12.960000038146973
2002-02-21,13.649999618530273,12.899999618530273,12.90999984741211,13.260000228881836,8276200,13.260000228881836
2002-02-22,13.229999542236328,12.699999809265137,13.050000190734863,13.069999694824219,7865400,13.069999694824219
2002-02-25,13.739999771118164,13.0,13.09000015258789,13.729999542236328,5734700,13.729999542236328
2002-02-26,14.489999771118164,13.449999809265137,13.510000228881836,14.399999618530273,8310500,14.399999618530273
2002-02-27,14.729999542236328,14.119999885559082,14.550000190734863,14.270000457763672,8550600,14.270000457763672
2002-02-28,14.75,13.930000305175781,14.289999961853027,14.100000381469727,6052400,14.100000381469727
