Date,High,Low,Open,Close,Volume,Adj Close
2005-10-03,46.59000015258789,45.15999984741211,45.33000183105469,46.0099983215332,5829200,46.0099983215332
2005-10-04,46.119998931884766,44.5,46.0,44.93000030517578,6521500,44.93000030517578
2005-10-05,45.290000915527344,43.88999938964844,44.90999984741211,44.4900016784668,6452700,44.4900016784668
2005-10-06,44.810001373291016,43.33000183105469,44.560001373291016,44.0099983215332,6192900,44.0099983215332
2005-10-07,44.61000061035156,43.380001068115234,44.27000045776367,43.720001220703125,3392500,43.720001220703125
2005-10-10,44.380001068115234,43.58000183105469,43.81999969482422,43.7599983215332,3680300,43.7599983215332
2005-10-11,44.31999969482422,43.22999954223633,43.91999816894531,43.400001525878906,5301800,43.400001525878906
2005-10-12,43.68000030517578,42.439998626708984,42.90999984741211,42.54999923706055,5704200,42.54999923706055
2005-10-13,42.97999954223633,41.900001525878906,42.43000030517578,42.619998931884766,3832800,42.619998931884766
2005-10-14,43.869998931884766,42.34000015258789,43.0,43.790000915527344,4577600,43.790000915527344
2005-10-17,45.02000045776367,43.619998931884766,43.630001068115234,45.02000045776367,5225000,45.02000045776367
2005-10-18,45.04999923706055,44.29999923706055,44.91999816894531,44.650001525878906,4457700,44.650001525878906
2005-10-19,45.86000061035156,44.279998779296875,44.540000915527344,45.86000061035156,6528500,45.86000061035156
2005-10-20,46.06999969482422,44.68000030517578,45.900001525878906,45.0099983215332,5929200,45.0099983215332
2005-10-21,46.04999923706055,45.150001525878906,45.66999816894531,45.95000076293945,4624800,45.95000076293945
2005-10-24,46.959999084472656,45.86000061035156,46.119998931884766,46.93000030517578,5475900,46.93000030517578
2005-10-25,47.0,46.040000915527344,46.880001068115234,46.16999816894531,11438700,46.16999816894531
2005-10-26,41.099998474121094,39.47999954223633,41.0,39.75,30104700,39.75
2005-10-27,39.900001525878906,38.86000061035156,39.63999938964844,39.060001373291016,8770300,39.060001373291016
2005-10-28,39.650001525878906,38.720001220703125,39.54999923706055,38.95000076293945,6159200,38.95000076293945
2005-10-31,40.38999938964844,39.119998931884766,39.349998474121094,39.86000061035156,6780600,39.86000061035156
