Date,High,Low,Open,Close,Volume,Adj Close
2005-06-01,36.9900016784668,35.439998626708984,35.56999969482422,36.5,10320200,36.5
2005-06-02,36.90999984741211,36.209999084472656,36.33000183105469,36.40999984741211,4768300,36.40999984741211
2005-06-03,36.5,35.31999969482422,36.459999084472656,35.59000015258789,4835900,35.59000015258789
2005-06-06,36.02000045776367,35.47999954223633,35.540000915527344,35.77000045776367,3881500,35.77000045776367
2005-06-07,36.20000076293945,35.290000915527344,35.90999984741211,35.349998474121094,4884800,35.349998474121094
2005-06-08,35.47999954223633,34.79999923706055,35.400001525878906,34.83000183105469,5314100,34.83000183105469
2005-06-09,35.279998779296875,34.400001525878906,34.93000030517578,35.20000076293945,3872500,35.20000076293945
2005-06-10,35.290000915527344,34.470001220703125,35.25,34.95000076293945,3467500,34.95000076293945
2005-06-13,35.40999984741211,34.650001525878906,34.66999816894531,34.869998931884766,3912000,34.869998931884766
2005-06-14,35.16999816894531,34.790000915527344,34.81999969482422,35.040000915527344,3634400,35.040000915527344
2005-06-15,35.40999984741211,34.52000045776367,35.34000015258789,35.2400016784668,5151800,35.2400016784668
2005-06-16,35.810001373291016,35.15999984741211,35.20000076293945,35.58000183105469,4205500,35.58000183105469
2005-06-17,36.06999969482422,35.15999984741211,35.88999938964844,35.310001373291016,4826100,35.310001373291016
2005-06-20,35.970001220703125,35.040000915527344,35.04999923706055,35.689998626708984,5097300,35.689998626708984
2005-06-21,35.810001373291016,35.279998779296875,35.599998474121094,35.380001068115234,4457100,35.380001068115234
2005-06-22,35.849998474121094,35.13999938964844,35.5,35.220001220703125,2507300,35.220001220703125
2005-06-23,35.560001373291016,35.099998474121094,35.13999938964844,35.43000030517578,5302200,35.43000030517578
2005-06-24,35.439998626708984,34.880001068115234,35.29999923706055,35.02000045776367,3675500,35.02000045776367
2005-06-27,35.04999923706055,34.16999816894531,34.90999984741211,34.5,4556300,34.5
2005-06-28,34.630001068115234,33.59000015258789,34.599998474121094,33.709999084472656,7034300,33.709999084472656
2005-06-29,34.06999969482422,33.27000045776367,33.70000076293945,33.349998474121094,4813300,33.349998474121094
2005-06-30,33.560001373291016,32.93000030517578,33.470001220703125,33.09000015258789,5715700,33.09000015258789
