Date,High,Low,Open,Close,Volume,Adj Close
2001-10-01,6.099999904632568,5.510000228881836,5.909999847412109,6.010000228881836,7994400,6.010000228881836
2001-10-02,6.170000076293945,5.949999809265137,6.170000076293945,6.079999923706055,5677700,6.079999923706055
2001-10-03,7.210000038146973,6.019999980926514,6.170000076293945,6.760000228881836,5323500,6.760000228881836
2001-10-04,7.869999885559082,6.679999828338623,7.090000152587891,7.039999961853027,6217200,7.039999961853027
2001-10-05,7.900000095367432,6.739999771118164,6.96999979019165,7.199999809265137,5900900,7.199999809265137
2001-10-08,7.300000190734863,6.909999847412109,7.070000171661377,7.119999885559082,3934400,7.119999885559082
2001-10-09,7.119999885559082,6.670000076293945,7.110000133514404,6.909999847412109,2766800,6.909999847412109
2001-10-10,7.309999942779541,6.800000190734863,6.900000095367432,7.260000228881836,3083000,7.260000228881836
2001-10-11,8.15999984741211,7.5,7.539999961853027,7.849999904632568,6665300,7.849999904632568
2001-10-12,8.149999618530273,7.46999979019165,7.760000228881836,8.069999694824219,3629600,8.069999694824219
2001-10-15,9.199999809265137,8.229999542236328,8.239999771118164,8.880000114440918,8601800,8.880000114440918
2001-10-16,9.75,9.109999656677246,9.229999542236328,9.5600004196167,8299600,9.5600004196167
2001-10-17,9.989999771118164,8.850000381469727,9.979999542236328,8.920000076293945,8944500,8.920000076293945
2001-10-18,9.229999542236328,8.380000114440918,8.90999984741211,8.470000267028809,4353300,8.470000267028809
2001-10-19,8.520000457763672,7.5,8.489999771118164,8.010000228881836,7007300,8.010000228881836
2001-10-22,8.829999923706055,8.039999961853027,8.069999694824219,8.770000457763672,4231000,8.770000457763672
2001-10-23,9.600000381469727,8.850000381469727,9.25,9.550000190734863,12226400,9.550000190734863
2001-10-24,8.149999618530273,7.400000095367432,8.050000190734863,7.639999866485596,26692400,7.639999866485596
2001-10-25,7.78000020980835,7.150000095367432,7.389999866485596,7.769999980926514,9267800,7.769999980926514
2001-10-26,8.010000228881836,7.510000228881836,7.630000114440918,7.559999942779541,6107100,7.559999942779541
2001-10-29,7.659999847412109,7.039999961853027,7.610000133514404,7.050000190734863,5161800,7.050000190734863
2001-10-30,7.03000020980835,6.320000171661377,7.010000228881836,6.420000076293945,10055500,6.420000076293945
2001-10-31,7.019999980926514,6.550000190734863,6.789999961853027,6.980000019073486,7741500,6.980000019073486
