Date,High,Low,Open,Close,Volume,Adj Close
2019-04-01,1815.6700439453125,1798.72998046875,1800.1099853515625,1814.18994140625,4238800,1814.18994140625
2019-04-02,1820.0,1805.1199951171875,1811.02001953125,1813.97998046875,3448100,1813.97998046875
2019-04-03,1830.0,1809.6199951171875,1826.719970703125,1820.699951171875,3980600,1820.699951171875
2019-04-04,1828.75,1804.199951171875,1820.6500244140625,1818.8599853515625,3623900,1818.8599853515625
2019-04-05,1838.5799560546875,1825.18994140625,1829.0,1837.280029296875,3640500,1837.280029296875
2019-04-08,1850.199951171875,1825.1099853515625,1833.22998046875,1849.8599853515625,3752800,1849.8599853515625
2019-04-09,1853.0899658203125,1831.780029296875,1845.489990234375,1835.8399658203125,3714400,1835.8399658203125
2019-04-10,1848.0,1828.81005859375,1841.0,1847.3299560546875,2964000,1847.3299560546875
2019-04-11,1849.949951171875,1840.31005859375,1848.699951171875,1844.0699462890625,2654800,1844.0699462890625
2019-04-12,1851.5,1841.300048828125,1848.4000244140625,1843.06005859375,3114400,1843.06005859375
2019-04-15,1846.8499755859375,1818.9000244140625,1842.0,1844.8699951171875,3724400,1844.8699951171875
2019-04-16,1869.77001953125,1848.0,1851.3499755859375,1863.0400390625,3044600,1863.0400390625
2019-04-17,1876.469970703125,1860.43994140625,1872.989990234375,1864.8199462890625,2893500,1864.8199462890625
2019-04-18,1870.8199462890625,1859.47998046875,1868.7900390625,1861.68994140625,2749900,1861.68994140625
2019-04-22,1888.4200439453125,1845.6400146484375,1855.4000244140625,1887.31005859375,3373800,1887.31005859375
2019-04-23,1929.260009765625,1889.5799560546875,1891.199951171875,1923.77001953125,4640400,1923.77001953125
2019-04-24,1929.68994140625,1898.1600341796875,1925.0,1901.75,3675800,1901.75
2019-04-25,1922.449951171875,1900.31005859375,1917.0,1902.25,6099100,1902.25
2019-04-26,1951.0,1898.0,1929.0,1950.6300048828125,8432600,1950.6300048828125
2019-04-29,1956.3399658203125,1934.0899658203125,1949.0,1938.4300537109375,4021300,1938.4300537109375
2019-04-30,1935.7099609375,1906.949951171875,1930.0999755859375,1926.52001953125,3506000,1926.52001953125
