Date,High,Low,Open,Close,Volume,Adj Close
2016-10-03,839.8599853515625,831.25,836.0,836.739990234375,2769400,836.739990234375
2016-10-04,842.3699951171875,830.260009765625,840.9099731445312,834.030029296875,2950300,834.030029296875
2016-10-05,845.6699829101562,836.1199951171875,838.0,844.3599853515625,3469100,844.3599853515625
2016-10-06,847.2100219726562,840.5999755859375,843.7000122070312,841.6599731445312,2684000,841.6599731445312
2016-10-07,845.9500122070312,837.4500122070312,845.7899780273438,839.4299926757812,2426200,839.4299926757812
2016-10-10,845.2000122070312,840.27001953125,843.25,841.7100219726562,1827100,841.7100219726562
2016-10-11,841.2899780273438,828.3499755859375,841.02001953125,831.0,3588200,831.0
2016-10-12,837.6699829101562,830.0999755859375,834.0,834.0900268554688,2380400,834.0900268554688
2016-10-13,831.7999877929688,821.2100219726562,829.0,829.280029296875,3091400,829.280029296875
2016-10-14,835.739990234375,822.9600219726562,835.0800170898438,822.9600219726562,2999800,822.9600219726562
2016-10-17,822.0,811.6799926757812,821.5,812.9500122070312,3361500,812.9500122070312
2016-10-18,823.260009765625,815.02001953125,822.1099853515625,817.6500244140625,2512500,817.6500244140625
2016-10-19,820.6699829101562,815.1699829101562,820.4000244140625,817.6900024414062,2090700,817.6900024414062
2016-10-20,815.7100219726562,803.0999755859375,813.989990234375,810.3200073242188,3152000,810.3200073242188
2016-10-21,819.4199829101562,809.0,809.3599853515625,818.989990234375,2793000,818.989990234375
2016-10-24,838.2999877929688,822.2100219726562,824.9500122070312,838.0900268554688,4060900,838.0900268554688
2016-10-25,843.0900268554688,833.219970703125,839.2999877929688,835.1799926757812,3248400,835.1799926757812
2016-10-26,833.4400024414062,820.0,832.760009765625,822.5900268554688,3998100,822.5900268554688
2016-10-27,831.719970703125,815.4299926757812,831.239990234375,818.3599853515625,7406400,818.3599853515625
2016-10-28,789.489990234375,774.6099853515625,782.0,776.3200073242188,10841100,776.3200073242188
2016-10-31,793.7000122070312,780.1099853515625,781.030029296875,789.8200073242188,5413300,789.8200073242188
