Date,High,Low,Open,Close,Volume,Adj Close
2007-06-01,69.30000305175781,68.3499984741211,68.9000015258789,68.58000183105469,7014500,68.58000183105469
2007-06-04,70.6500015258789,67.6500015258789,68.25,70.41999816894531,11380500,70.41999816894531
2007-06-05,74.23999786376953,70.86000061035156,71.0999984741211,73.6500015258789,30442500,73.6500015258789
2007-06-06,73.75,71.86000061035156,73.13999938964844,72.29000091552734,15591000,72.29000091552734
2007-06-07,74.72000122070312,70.87999725341797,72.56999969482422,72.04000091552734,24138200,72.04000091552734
2007-06-08,73.23999786376953,71.05000305175781,72.47000122070312,73.23999786376953,10204500,73.23999786376953
2007-06-11,73.05000305175781,71.0,73.0,71.16999816894531,11159100,71.16999816894531
2007-06-12,70.76000213623047,69.41999816894531,70.44000244140625,70.06999969482422,11829500,70.06999969482422
2007-06-13,71.88999938964844,69.25,70.9000015258789,70.88999938964844,11917900,70.88999938964844
2007-06-14,72.12000274658203,70.80000305175781,70.9000015258789,71.94000244140625,8245300,71.94000244140625
2007-06-15,72.87000274658203,71.19000244140625,72.8499984741211,72.4000015258789,9833200,72.4000015258789
2007-06-18,72.63999938964844,71.4000015258789,72.33999633789062,71.83000183105469,7813600,71.83000183105469
2007-06-19,71.66000366210938,69.68000030517578,71.55000305175781,69.80999755859375,11871000,69.80999755859375
2007-06-20,70.5,69.05000305175781,70.25,69.0999984741211,9172600,69.0999984741211
2007-06-21,69.7699966430664,68.66000366210938,69.16000366210938,69.66999816894531,7609700,69.66999816894531
2007-06-22,69.87999725341797,68.41999816894531,69.55000305175781,68.86000061035156,8382600,68.86000061035156
2007-06-25,69.62999725341797,68.30000305175781,69.3499984741211,68.66000366210938,7593500,68.66000366210938
2007-06-26,68.62999725341797,67.37999725341797,68.52999877929688,67.4800033569336,11247800,67.4800033569336
2007-06-27,68.20999908447266,66.70999908447266,66.95999908447266,68.13999938964844,8242900,68.13999938964844
2007-06-28,70.2300033569336,68.1500015258789,68.45999908447266,68.88999938964844,9782200,68.88999938964844
2007-06-29,69.19000244140625,68.1500015258789,69.02999877929688,68.41000366210938,5316600,68.41000366210938
