Date,High,Low,Open,Close,Volume,Adj Close
2005-08-01,45.189998626708984,44.349998474121094,44.880001068115234,44.93000030517578,7127200,44.93000030517578
2005-08-02,46.970001220703125,44.880001068115234,44.900001525878906,46.5099983215332,10836400,46.5099983215332
2005-08-03,46.18000030517578,45.84000015258789,46.0099983215332,46.11000061035156,4832500,46.11000061035156
2005-08-04,45.77000045776367,45.41999816894531,45.54999923706055,45.459999084472656,4977200,45.459999084472656
2005-08-05,45.709999084472656,45.16999816894531,45.25,45.27000045776367,4951500,45.27000045776367
2005-08-08,45.900001525878906,45.2599983215332,45.31999969482422,45.65999984741211,4454900,45.65999984741211
2005-08-09,46.439998626708984,45.75,45.7599983215332,45.93000030517578,4591200,45.93000030517578
2005-08-10,45.56999969482422,44.59000015258789,45.38999938964844,44.7599983215332,9921200,44.7599983215332
2005-08-11,45.209999084472656,44.5,44.619998931884766,45.209999084472656,5842200,45.209999084472656
2005-08-12,45.720001220703125,44.04999923706055,44.630001068115234,44.20000076293945,6474100,44.20000076293945
2005-08-15,45.349998474121094,43.880001068115234,43.93000030517578,45.040000915527344,5525100,45.040000915527344
2005-08-16,44.939998626708984,44.20000076293945,44.900001525878906,44.27000045776367,3625100,44.27000045776367
2005-08-17,44.43000030517578,44.119998931884766,44.189998626708984,44.119998931884766,3050400,44.119998931884766
2005-08-18,43.900001525878906,43.5099983215332,43.880001068115234,43.72999954223633,3604300,43.72999954223633
2005-08-19,43.77000045776367,43.33000183105469,43.599998474121094,43.720001220703125,3323900,43.720001220703125
2005-08-22,44.27000045776367,42.939998626708984,43.61000061035156,43.77000045776367,5374100,43.77000045776367
2005-08-23,43.970001220703125,43.220001220703125,43.7400016784668,43.41999816894531,3517700,43.41999816894531
2005-08-24,43.31999969482422,42.27000045776367,43.31999969482422,42.369998931884766,5871900,42.369998931884766
2005-08-25,42.79999923706055,42.08000183105469,42.540000915527344,42.310001373291016,3092200,42.310001373291016
2005-08-26,42.630001068115234,42.2599983215332,42.29999923706055,42.369998931884766,2860700,42.369998931884766
2005-08-29,43.0,41.90999984741211,41.90999984741211,42.790000915527344,3653900,42.790000915527344
2005-08-30,42.709999084472656,41.959999084472656,42.38999938964844,42.4900016784668,3874200,42.4900016784668
2005-08-31,42.810001373291016,42.040000915527344,42.439998626708984,42.70000076293945,3369200,42.70000076293945
