Date,High,Low,Open,Close,Volume,Adj Close
2007-01-03,39.060001373291016,38.04999923706055,38.68000030517578,38.70000076293945,12405100,38.70000076293945
2007-01-04,39.13999938964844,38.2599983215332,38.59000015258789,38.900001525878906,6318400,38.900001525878906
2007-01-05,38.790000915527344,37.599998474121094,38.720001220703125,38.369998931884766,6619700,38.369998931884766
2007-01-08,38.310001373291016,37.16999816894531,38.220001220703125,37.5,6783000,37.5
2007-01-09,38.060001373291016,37.34000015258789,37.599998474121094,37.779998779296875,5703000,37.779998779296875
2007-01-10,37.70000076293945,37.06999969482422,37.4900016784668,37.150001525878906,6527500,37.150001525878906
2007-01-11,38.0,37.16999816894531,37.16999816894531,37.400001525878906,6465600,37.400001525878906
2007-01-12,38.209999084472656,37.27000045776367,37.36000061035156,38.20000076293945,4466400,38.20000076293945
2007-01-16,38.88999938964844,37.970001220703125,38.400001525878906,38.65999984741211,5643700,38.65999984741211
2007-01-17,39.0,37.779998779296875,38.70000076293945,37.880001068115234,5026800,37.880001068115234
2007-01-18,37.650001525878906,36.720001220703125,37.5,36.97999954223633,9105000,36.97999954223633
2007-01-19,37.47999954223633,36.599998474121094,36.689998626708984,37.02000045776367,6095900,37.02000045776367
2007-01-22,37.900001525878906,36.79999923706055,37.650001525878906,36.95000076293945,8317000,36.95000076293945
2007-01-23,37.06999969482422,36.29999923706055,36.900001525878906,36.43000030517578,5313600,36.43000030517578
2007-01-24,37.36000061035156,36.5,36.5099983215332,37.2599983215332,5271700,37.2599983215332
2007-01-25,38.22999954223633,36.779998779296875,38.08000183105469,37.08000183105469,6747600,37.08000183105469
2007-01-26,37.2599983215332,36.29999923706055,37.2599983215332,36.849998474121094,4139300,36.849998474121094
2007-01-29,37.45000076293945,36.540000915527344,36.70000076293945,37.43000030517578,7395000,37.43000030517578
2007-01-30,37.41999816894531,36.630001068115234,37.290000915527344,37.04999923706055,4813500,37.04999923706055
2007-01-31,38.189998626708984,36.7599983215332,36.95000076293945,37.66999816894531,7277500,37.66999816894531
