Date,High,Low,Open,Close,Volume,Adj Close
2015-10-01,520.7999877929688,506.0,511.0,520.719970703125,3768500,520.719970703125
2015-10-02,532.5999755859375,508.1000061035156,512.989990234375,532.5399780273438,4597800,532.5399780273438
2015-10-05,545.9099731445312,536.0,536.989990234375,543.6799926757812,3391400,543.6799926757812
2015-10-06,551.5,533.3300170898438,545.5,537.47998046875,4502800,537.47998046875
2015-10-07,542.0,529.0,541.7899780273438,541.9400024414062,3812100,541.9400024414062
2015-10-08,539.3900146484375,519.8900146484375,536.7100219726562,533.1599731445312,4676400,533.1599731445312
2015-10-09,541.7899780273438,530.27001953125,534.47998046875,539.7999877929688,3537400,539.7999877929688
2015-10-12,550.8200073242188,539.7999877929688,539.9600219726562,550.1900024414062,2776100,550.1900024414062
2015-10-13,553.2000122070312,543.0999755859375,546.260009765625,548.9000244140625,2938000,548.9000244140625
2015-10-14,552.25,539.6799926757812,551.3400268554688,544.8300170898438,3582100,544.8300170898438
2015-10-15,563.0,547.0,547.75,562.4400024414062,4937000,562.4400024414062
2015-10-16,570.9400024414062,560.3099975585938,565.27001953125,570.760009765625,4315800,570.760009765625
2015-10-19,579.0,567.3800048828125,570.760009765625,573.1500244140625,4375400,573.1500244140625
2015-10-20,573.0,555.280029296875,572.0,560.8800048828125,4346200,560.8800048828125
2015-10-21,565.25,552.52001953125,563.8699951171875,555.77001953125,3343600,555.77001953125
2015-10-22,569.1500244140625,556.6699829101562,562.7000122070312,563.9099731445312,7779400,563.9099731445312
2015-10-23,619.4500122070312,595.3599853515625,617.6799926757812,599.030029296875,10692700,599.030029296875
2015-10-26,609.8499755859375,596.2899780273438,602.2999877929688,608.6099853515625,4269700,608.6099853515625
2015-10-27,614.7100219726562,605.530029296875,608.5999755859375,611.010009765625,3787100,611.010009765625
2015-10-28,617.22998046875,609.5,612.2999877929688,617.0999755859375,3926200,617.0999755859375
2015-10-29,627.5399780273438,615.3900146484375,617.7000122070312,626.5499877929688,3896000,626.5499877929688
2015-10-30,630.719970703125,625.280029296875,626.010009765625,625.9000244140625,3874400,625.9000244140625
