Date,High,Low,Open,Close,Volume,Adj Close
2012-09-04,251.0,244.66000366210938,248.27000427246094,247.8800048828125,3950800,247.8800048828125
2012-09-05,248.61000061035156,245.3000030517578,247.61000061035156,246.22000122070312,2652600,246.22000122070312
2012-09-06,252.6999969482422,247.1999969482422,248.22999572753906,251.3800048828125,5361400,251.3800048828125
2012-09-07,259.4200134277344,253.52000427246094,253.85000610351562,259.1400146484375,5029500,259.1400146484375
2012-09-10,260.0,256.82000732421875,259.0,257.0899963378906,2567200,257.0899963378906
2012-09-11,257.6000061035156,254.25999450683594,257.6000061035156,255.6699981689453,2524800,255.6699981689453
2012-09-12,257.7799987792969,253.5,256.5,255.6300048828125,2273200,255.6300048828125
2012-09-13,262.0,253.8000030517578,254.94000244140625,260.239990234375,3525600,260.239990234375
2012-09-14,264.1099853515625,259.7699890136719,261.3999938964844,261.2699890136719,3666200,261.2699890136719
2012-09-17,261.25,257.0,261.25,258.0,2306300,258.0
2012-09-18,260.5,257.0,258.4800109863281,258.75,2215000,258.75
2012-09-19,262.8399963378906,258.5299987792969,259.45001220703125,261.67999267578125,2636800,261.67999267578125
2012-09-20,260.8699951171875,258.0,260.0299987792969,260.80999755859375,2913600,260.80999755859375
2012-09-21,262.0,256.739990234375,261.739990234375,257.4700012207031,6059300,257.4700012207031
2012-09-24,255.60000610351562,253.0,255.22000122070312,254.8000030517578,2707900,254.8000030517578
2012-09-25,258.95001220703125,251.02999877929688,256.3299865722656,252.4600067138672,4405800,252.4600067138672
2012-09-26,254.61000061035156,248.22999572753906,252.39999389648438,249.6699981689453,2920500,249.6699981689453
2012-09-27,257.3999938964844,250.52000427246094,250.5399932861328,256.5899963378906,3397400,256.5899963378906
2012-09-28,257.0,253.1999969482422,256.1400146484375,254.32000732421875,2456600,254.32000732421875
