Date,High,Low,Open,Close,Volume,Adj Close
2000-11-01,40.0,35.6875,35.8125,37.375,11099200,37.375
2000-11-02,39.875,37.5,38.0625,39.75,6989700,39.75
2000-11-03,40.875,36.875,39.0,37.5625,5962400,37.5625
2000-11-06,38.625,34.75,38.5625,36.5625,6444600,36.5625
2000-11-07,39.4375,35.5625,36.5,36.9375,5495300,36.9375
2000-11-08,37.0,33.25,36.0,33.875,5835300,33.875
2000-11-09,33.0,29.875,32.6875,31.25,7169600,31.25
2000-11-10,31.875,30.0,30.75,30.0625,5255600,30.0625
2000-11-13,30.109375,27.4375,28.8125,27.8125,8377500,27.8125
2000-11-14,29.875,25.75,28.75,28.9375,7837900,28.9375
2000-11-15,30.8125,28.4375,28.625,29.5,5263200,29.5
2000-11-16,30.5,27.75,28.6875,27.8125,4134800,27.8125
2000-11-17,29.625,26.875,28.0,27.4375,4996000,27.4375
2000-11-20,27.9375,25.0,26.0,25.8125,6438300,25.8125
2000-11-21,26.875,23.625,26.625,24.25,6197500,24.25
2000-11-22,27.5,22.125,23.875,25.1875,11877100,25.1875
2000-11-24,29.125,26.0625,26.421875,28.9375,7639300,28.9375
2000-11-27,30.75,27.0,29.75,28.0,6411400,28.0
2000-11-28,26.1875,24.625,26.0,25.03125,11327500,25.03125
2000-11-29,27.5,24.25,25.125,26.9375,11463200,26.9375
2000-11-30,26.1875,22.875,24.75,24.6875,13123500,24.6875
