Date,High,Low,Open,Close,Volume,Adj Close
2018-10-01,2033.18994140625,2003.5999755859375,2021.989990234375,2004.3599853515625,3460500,2004.3599853515625
2018-10-02,2013.3900146484375,1965.77001953125,1999.989990234375,1971.31005859375,5400700,1971.31005859375
2018-10-03,1989.699951171875,1949.81005859375,1981.699951171875,1952.760009765625,5253100,1952.760009765625
2018-10-04,1956.0,1896.5699462890625,1949.0,1909.4200439453125,7257000,1909.4200439453125
2018-10-05,1929.0799560546875,1862.8299560546875,1917.989990234375,1889.6500244140625,6822300,1889.6500244140625
2018-10-08,1902.0,1830.6600341796875,1874.0,1864.4200439453125,7393200,1864.4200439453125
2018-10-09,1896.6800537109375,1852.3199462890625,1859.989990234375,1870.3199462890625,4772900,1870.3199462890625
2018-10-10,1858.56005859375,1754.4100341796875,1857.8900146484375,1755.25,10988900,1755.25
2018-10-11,1755.4000244140625,1685.0999755859375,1724.0,1719.3599853515625,13935900,1719.3599853515625
2018-10-12,1808.949951171875,1742.530029296875,1808.0,1788.6099853515625,9444600,1788.6099853515625
2018-10-15,1795.050048828125,1734.22998046875,1795.0,1760.949951171875,6437200,1760.949951171875
2018-10-16,1823.8800048828125,1761.550048828125,1783.5,1819.9599609375,5859900,1819.9599609375
2018-10-17,1845.0,1807.0,1842.7900390625,1831.72998046875,5295200,1831.72998046875
2018-10-18,1830.1500244140625,1767.8699951171875,1821.489990234375,1770.719970703125,5874000,1770.719970703125
2018-10-19,1809.0999755859375,1753.0,1785.1600341796875,1764.030029296875,5907200,1764.030029296875
2018-10-22,1809.5,1756.0,1784.0,1789.300048828125,4500000,1789.300048828125
2018-10-23,1776.3399658203125,1714.0,1742.239990234375,1768.699951171875,6723900,1768.699951171875
2018-10-24,1777.7099609375,1656.56005859375,1773.699951171875,1664.199951171875,6928400,1664.199951171875
2018-10-25,1794.81005859375,1692.010009765625,1703.3399658203125,1782.1700439453125,10285700,1782.1700439453125
2018-10-26,1698.4599609375,1603.0,1649.5899658203125,1642.81005859375,14963800,1642.81005859375
2018-10-29,1665.739990234375,1495.0,1660.0,1538.8800048828125,13866100,1538.8800048828125
2018-10-30,1540.989990234375,1476.3599853515625,1486.1600341796875,1530.4200439453125,12460100,1530.4200439453125
2018-10-31,1623.9100341796875,1565.0899658203125,1569.989990234375,1598.010009765625,9390200,1598.010009765625
