Date,High,Low,Open,Close,Volume,Adj Close
2019-10-01,1755.5999755859375,1728.4100341796875,1746.0,1735.6500244140625,3084500,1735.6500244140625
2019-10-02,1728.8900146484375,1705.0,1727.739990234375,1713.22998046875,3301100,1713.22998046875
2019-10-03,1725.0,1685.06005859375,1713.0,1724.4200439453125,3468200,1724.4200439453125
2019-10-04,1740.5799560546875,1719.22998046875,1726.02001953125,1739.6500244140625,2471900,1739.6500244140625
2019-10-07,1747.8299560546875,1723.699951171875,1731.6300048828125,1732.6600341796875,2154700,1732.6600341796875
2019-10-08,1727.0,1705.0,1722.489990234375,1705.510009765625,2542000,1705.510009765625
2019-10-09,1729.949951171875,1714.3599853515625,1719.6099853515625,1721.989990234375,2043500,1721.989990234375
2019-10-10,1738.2900390625,1713.75,1725.239990234375,1720.260009765625,2575200,1720.260009765625
2019-10-11,1745.449951171875,1729.8599853515625,1742.9200439453125,1731.9200439453125,3255000,1731.9200439453125
2019-10-14,1741.8900146484375,1722.0,1728.9100341796875,1736.4300537109375,1910200,1736.4300537109375
2019-10-15,1776.449951171875,1740.6199951171875,1742.1400146484375,1767.3800048828125,3111700,1767.3800048828125
2019-10-16,1786.239990234375,1770.52001953125,1773.3299560546875,1777.4300537109375,2763400,1777.4300537109375
2019-10-17,1798.8499755859375,1782.02001953125,1796.489990234375,1787.47998046875,2647400,1787.47998046875
2019-10-18,1793.97998046875,1749.199951171875,1787.800048828125,1757.510009765625,3362500,1757.510009765625
2019-10-21,1785.8800048828125,1765.0,1769.6600341796875,1785.6600341796875,2130400,1785.6600341796875
2019-10-22,1789.780029296875,1762.0,1788.1500244140625,1765.72998046875,2111700,1765.72998046875
2019-10-23,1770.050048828125,1742.0,1761.300048828125,1762.1700439453125,2138200,1762.1700439453125
2019-10-24,1788.3399658203125,1760.27001953125,1771.0899658203125,1780.780029296875,4446100,1780.780029296875
2019-10-25,1764.2099609375,1695.0,1697.550048828125,1761.3299560546875,9626400,1761.3299560546875
2019-10-28,1778.699951171875,1742.5,1748.06005859375,1777.0799560546875,3708900,1777.0799560546875
2019-10-29,1777.0,1755.81005859375,1774.81005859375,1762.7099609375,2276900,1762.7099609375
2019-10-30,1782.3800048828125,1759.1199951171875,1760.239990234375,1779.989990234375,2449400,1779.989990234375
2019-10-31,1792.0,1771.47998046875,1775.989990234375,1776.6600341796875,2781200,1776.6600341796875
