Date,High,Low,Open,Close,Volume,Adj Close
2013-05-01,254.1999969482422,245.75,253.89999389648438,248.22999572753906,4391400,248.22999572753906
2013-05-02,252.92999267578125,245.77999877929688,248.94000244140625,252.5500030517578,3936200,252.5500030517578
2013-05-03,259.25,254.6999969482422,256.1400146484375,258.04998779296875,3514000,258.04998779296875
2013-05-06,259.5,253.4199981689453,258.0899963378906,255.72000122070312,2347800,255.72000122070312
2013-05-07,259.739990234375,252.91000366210938,256.30999755859375,257.7300109863281,3133700,257.7300109863281
2013-05-08,260.29998779296875,255.3300018310547,256.8699951171875,258.67999267578125,2677000,258.67999267578125
2013-05-09,263.54998779296875,256.8800048828125,258.7300109863281,260.1600036621094,2769300,260.1600036621094
2013-05-10,263.6499938964844,260.2099914550781,260.8800048828125,263.6300048828125,3145300,263.6300048828125
2013-05-13,265.8800048828125,262.0,262.7699890136719,264.510009765625,2149500,264.510009765625
2013-05-14,269.3999938964844,264.0299987792969,264.5,268.3299865722656,2700000,268.3299865722656
2013-05-15,269.04998779296875,264.55999755859375,267.07000732421875,266.55999755859375,2720500,266.55999755859375
2013-05-16,268.42999267578125,263.8500061035156,265.9599914550781,264.1199951171875,1643500,264.1199951171875
2013-05-17,269.9800109863281,265.0,265.8299865722656,269.8999938964844,2527300,269.8999938964844
2013-05-20,271.7900085449219,266.5,269.0,267.6300048828125,2209000,267.6300048828125
2013-05-21,270.7699890136719,267.6600036621094,268.739990234375,268.8599853515625,1741200,268.8599853515625
2013-05-22,267.5899963378906,260.79998779296875,267.3900146484375,262.9599914550781,3332000,262.9599914550781
2013-05-23,263.1700134277344,259.5899963378906,260.489990234375,261.79998779296875,2000300,261.79998779296875
2013-05-24,261.92999267578125,258.3399963378906,259.8500061035156,261.739990234375,1696300,261.739990234375
2013-05-28,271.1000061035156,266.0,266.4800109863281,267.2900085449219,3471000,267.2900085449219
2013-05-29,268.25,264.8399963378906,265.4599914550781,265.5299987792969,1903400,265.5299987792969
2013-05-30,268.57000732421875,265.6099853515625,265.7099914550781,266.8299865722656,1667500,266.8299865722656
2013-05-31,271.9100036621094,265.94000244140625,266.0,269.20001220703125,3374300,269.20001220703125
