Date,High,Low,Open,Close,Volume,Adj Close
2008-09-02,84.5,81.20999908447266,83.16000366210938,81.41000366210938,6000800,81.41000366210938
2008-09-03,82.0,80.0199966430664,81.4000015258789,80.7699966430664,5742600,80.7699966430664
2008-09-04,80.80999755859375,78.0199966430664,80.5999984741211,78.02999877929688,8316500,78.02999877929688
2008-09-05,80.72000122070312,77.08000183105469,77.33999633789062,79.19000244140625,8069100,79.19000244140625
2008-09-08,83.75,78.8499984741211,82.25,81.16000366210938,9490600,81.16000366210938
2008-09-09,81.95999908447266,78.98999786376953,80.76000213623047,79.04000091552734,5821800,79.04000091552734
2008-09-10,80.22000122070312,76.1500015258789,80.01000213623047,76.73999786376953,9444700,76.73999786376953
2008-09-11,79.80000305175781,75.0999984741211,75.2699966430664,79.51000213623047,7813600,79.51000213623047
2008-09-12,79.5999984741211,76.62000274658203,78.80999755859375,78.30000305175781,6480100,78.30000305175781
2008-09-15,79.87999725341797,76.30000305175781,76.86000061035156,77.33999633789062,8980800,77.33999633789062
2008-09-16,79.62999725341797,76.66999816894531,76.80000305175781,78.7300033569336,13092200,78.7300033569336
2008-09-17,78.23999786376953,71.23999786376953,77.68000030517578,71.54000091552734,13165600,71.54000091552734
2008-09-18,77.5,70.08000183105469,73.08000183105469,76.5,12397200,76.5
2008-09-19,86.7699966430664,76.5,80.12000274658203,81.0,14772200,81.0
2008-09-22,81.62999725341797,74.31999969482422,81.12999725341797,74.93000030517578,7037700,74.93000030517578
2008-09-23,76.29000091552734,70.7699966430664,75.79000091552734,71.76000213623047,8594200,71.76000213623047
2008-09-24,73.6500015258789,68.94000244140625,72.30000305175781,69.95999908447266,9372400,69.95999908447266
2008-09-25,72.75,70.01000213623047,70.66000366210938,72.08000183105469,6073000,72.08000183105469
2008-09-26,71.05000305175781,68.08000183105469,69.5199966430664,70.69999694824219,6747100,70.69999694824219
2008-09-29,69.37000274658203,61.31999969482422,68.41000366210938,63.349998474121094,12004300,63.349998474121094
2008-09-30,73.12000274658203,65.31999969482422,65.83999633789062,72.76000213623047,13046900,72.76000213623047
