Date,High,Low,Open,Close,Volume,Adj Close
2011-10-03,221.60000610351562,211.38999938964844,217.00999450683594,211.97999572753906,6624400,211.97999572753906
2011-10-04,215.0,200.42999267578125,209.6199951171875,212.5,8711600,212.5
2011-10-05,220.1699981689453,208.47999572753906,212.52999877929688,219.5,6508200,219.5
2011-10-06,223.6199951171875,217.5500030517578,220.27999877929688,221.50999450683594,6849300,221.50999450683594
2011-10-07,227.89999389648438,218.41000366210938,222.47999572753906,224.74000549316406,6784300,224.74000549316406
2011-10-10,232.8000030517578,224.10000610351562,226.22999572753906,231.32000732421875,5143100,231.32000732421875
2011-10-11,236.75,229.0,230.60000610351562,235.47999572753906,5003700,235.47999572753906
2011-10-12,241.83999633789062,234.3300018310547,236.63999938964844,236.80999755859375,6510800,236.80999755859375
2011-10-13,239.67999267578125,235.22999572753906,237.0,236.14999389648438,4833500,236.14999389648438
2011-10-14,246.7100067138672,240.17999267578125,240.8699951171875,246.7100067138672,5923700,246.7100067138672
2011-10-17,246.7100067138672,240.6699981689453,244.2899932861328,242.3300018310547,4779000,242.3300018310547
2011-10-18,244.61000061035156,236.6199951171875,242.30999755859375,243.8800048828125,4609700,243.8800048828125
2011-10-19,243.3300018310547,229.25,240.6699981689453,231.52999877929688,6715100,231.52999877929688
2011-10-20,234.74000549316406,229.8000030517578,232.1300048828125,233.61000061035156,4524900,233.61000061035156
2011-10-21,237.0,230.60000610351562,236.91000366210938,234.77999877929688,4572500,234.77999877929688
2011-10-24,240.47000122070312,234.0,236.02000427246094,237.61000061035156,4975800,237.61000061035156
2011-10-25,239.00999450683594,225.88999938964844,238.58999633789062,227.14999389648438,14012600,227.14999389648438
2011-10-26,207.5800018310547,196.50999450683594,203.69000244140625,198.39999389648438,24134200,198.39999389648438
2011-10-27,208.60000610351562,201.10000610351562,204.25999450683594,206.77999877929688,10774300,206.77999877929688
2011-10-28,218.39999389648438,205.75,206.52999877929688,217.32000732421875,9880400,217.32000732421875
2011-10-31,218.88999938964844,213.0399932861328,215.7899932861328,213.50999450683594,7343300,213.50999450683594
