Date,High,Low,Open,Close,Volume,Adj Close
2014-09-02,342.5,337.1600036621094,339.9800109863281,342.3800048828125,2326000,342.3800048828125
2014-09-03,343.2699890136719,337.54998779296875,342.5400085449219,339.0,1993700,339.0
2014-09-04,349.3800048828125,343.5799865722656,343.69000244140625,345.95001220703125,3965600,345.95001220703125
2014-09-05,346.8299865722656,342.5,346.29998779296875,346.3800048828125,2107000,346.3800048828125
2014-09-08,345.80999755859375,339.0400085449219,344.5400085449219,342.3399963378906,2955300,342.3399963378906
2014-09-09,341.760009765625,329.17999267578125,341.6099853515625,329.75,4646800,329.75
2014-09-10,334.9800109863281,328.82000732421875,334.29998779296875,331.3299865722656,3797400,331.3299865722656
2014-09-11,333.010009765625,326.3900146484375,329.94000244140625,330.5199890136719,2720200,330.5199890136719
2014-09-12,332.8900146484375,328.7900085449219,329.55999755859375,331.19000244140625,3429300,331.19000244140625
2014-09-15,331.3299865722656,319.0,330.9100036621094,323.8900146484375,4000400,323.8900146484375
2014-09-16,329.4800109863281,320.1000061035156,321.07000732421875,327.760009765625,3259900,327.760009765625
2014-09-17,328.0,321.5199890136719,327.760009765625,324.0,4136000,324.0
2014-09-18,327.1000061035156,323.7099914550781,325.44000244140625,325.0,2576900,325.0
2014-09-19,332.760009765625,325.57000732421875,327.6000061035156,331.32000732421875,6886200,331.32000732421875
2014-09-22,329.489990234375,321.05999755859375,328.489990234375,324.5,3109700,324.5
2014-09-23,327.6000061035156,321.25,322.4599914550781,323.6300048828125,2352600,323.6300048828125
2014-09-24,329.44000244140625,319.55999755859375,324.1700134277344,328.2099914550781,2642200,328.2099914550781
2014-09-25,328.5400085449219,321.3999938964844,327.989990234375,321.92999267578125,2928800,321.92999267578125
2014-09-26,323.5,317.6400146484375,320.6000061035156,323.2099914550781,3638000,323.2099914550781
2014-09-29,323.75,319.0,320.5,321.82000732421875,1924600,321.82000732421875
2014-09-30,323.42999267578125,318.510009765625,321.3599853515625,322.44000244140625,2636200,322.44000244140625
