Date,High,Low,Open,Close,Volume,Adj Close
2008-06-02,81.56999969482422,80.05000305175781,81.1500015258789,80.2300033569336,6215200,80.2300033569336
2008-06-03,81.88999938964844,79.26000213623047,80.70999908447266,80.11000061035156,5870000,80.11000061035156
2008-06-04,81.81999969482422,79.72000122070312,80.11000061035156,81.5,6458300,81.5
2008-06-05,84.87999725341797,81.80000305175781,82.11000061035156,84.51000213623047,8938700,84.51000213623047
2008-06-06,83.63999938964844,80.55999755859375,83.23999786376953,80.62999725341797,7843700,80.62999725341797
2008-06-09,81.52999877929688,78.12000274658203,81.19000244140625,79.43000030517578,6537300,79.43000030517578
2008-06-10,81.04000091552734,78.19999694824219,78.19999694824219,79.62000274658203,6065600,79.62000274658203
2008-06-11,80.0,77.02999877929688,79.3499984741211,77.27999877929688,5874500,77.27999877929688
2008-06-12,79.05000305175781,75.01000213623047,78.0199966430664,76.1500015258789,6204400,76.1500015258789
2008-06-13,80.0,76.69999694824219,76.69999694824219,79.16999816894531,5974500,79.16999816894531
2008-06-16,82.52999877929688,78.41000366210938,78.41999816894531,81.69999694824219,5754400,81.69999694824219
2008-06-17,84.30000305175781,82.80000305175781,83.1500015258789,82.97000122070312,8802400,82.97000122070312
2008-06-18,83.16999816894531,81.31999969482422,82.0,82.5199966430664,6846600,82.5199966430664
2008-06-19,84.47000122070312,81.5,82.20999908447266,84.26000213623047,6717300,84.26000213623047
2008-06-20,83.45999908447266,80.51000213623047,83.0999984741211,81.0999984741211,6588900,81.0999984741211
2008-06-23,82.1500015258789,79.55000305175781,81.30000305175781,80.68000030517578,7425800,80.68000030517578
2008-06-24,80.79000091552734,77.62999725341797,79.55000305175781,79.63999938964844,7140100,79.63999938964844
2008-06-25,82.1500015258789,79.5199966430664,80.44999694824219,80.51000213623047,7393300,80.51000213623047
2008-06-26,79.88999938964844,76.0,79.0999984741211,76.30000305175781,11310100,76.30000305175781
2008-06-27,76.06999969482422,72.62000274658203,75.58999633789062,74.66000366210938,11840500,74.66000366210938
2008-06-30,76.12000274658203,73.20999908447266,75.02999877929688,73.33000183105469,7104100,73.33000183105469
