Date,High,Low,Open,Close,Volume,Adj Close
2001-03-01,10.6875,9.59375,9.875,10.4375,10996700,10.4375
2001-03-02,10.625,10.0,10.03125,10.0,7545600,10.0
2001-03-05,13.0625,11.5,12.375,12.625,23500700,12.625
2001-03-06,14.0,11.25,13.078125,11.875,23191500,11.875
2001-03-07,12.5625,11.4375,11.9375,12.25,10644100,12.25
2001-03-08,12.0,11.625,11.9375,11.6875,4957600,11.6875
2001-03-09,12.5,11.375,11.4375,12.25,8856700,12.25
2001-03-12,11.6875,10.5,11.375,10.625,5716500,10.625
2001-03-13,11.0625,10.5,10.8125,11.0,3330700,11.0
2001-03-14,10.9375,10.125,10.25,10.625,3124400,10.625
2001-03-15,11.4375,10.8125,11.375,10.875,5824900,10.875
2001-03-16,11.0625,10.25,10.625,11.0,6984200,11.0
2001-03-19,11.3125,10.125,11.1875,10.5,6774500,10.5
2001-03-20,11.5,10.125,10.5625,10.25,6294700,10.25
2001-03-21,10.4375,10.0,10.375,10.0,5506600,10.0
2001-03-22,10.25,9.5625,10.0625,10.1875,6594600,10.1875
2001-03-23,10.8125,9.9375,10.5625,10.1875,3754400,10.1875
2001-03-26,11.289999961853027,10.619999885559082,10.699999809265137,10.9399995803833,6850600,10.9399995803833
2001-03-27,11.800000190734863,10.510000228881836,10.920000076293945,11.640000343322754,5603200,11.640000343322754
2001-03-28,11.15999984741211,10.75,11.100000381469727,10.800000190734863,3386900,10.800000190734863
2001-03-29,11.029999732971191,10.0,10.569999694824219,10.0,4638400,10.0
2001-03-30,10.84000015258789,9.90999984741211,10.119999885559082,10.229999542236328,3558400,10.229999542236328
